2 0.471503 0.529376 0.020696 0.033949
2 0.488484 0.508866 0.018574 0.039607
2 0.503609 0.495781 0.022288 0.026169
2 0.505997 0.578178 0.036616 0.042436
2 0.465931 0.568983 0.025472 0.026876
2 0.477075 0.599750 0.022288 0.027583
2 0.506262 0.643954 0.027595 0.041022
2 0.536776 0.719631 0.022819 0.035363
2 0.561452 0.741557 0.032902 0.042436
2 0.583475 0.775506 0.028126 0.035363
2 0.562779 0.774798 0.029187 0.035363
2 0.541817 0.815820 0.042454 0.067898
2 0.580025 0.819356 0.029718 0.038192
2 0.574719 0.881950 0.012736 0.033242
2 0.563044 0.853305 0.023350 0.025462
2 0.578433 0.852244 0.021227 0.021925
2 0.650074 0.817942 0.031840 0.031120
2 0.612927 0.894680 0.019104 0.017682
2 0.615846 0.875584 0.015390 0.019096
1 0.598599 0.871694 0.029718 0.035363
2 0.487954 0.973541 0.020696 0.031120
2 0.253131 0.927215 0.015920 0.023340
2 0.253662 0.967883 0.016982 0.022633
2 0.263744 0.954444 0.022288 0.024047
2 0.226863 0.969297 0.038739 0.050923
2 0.208289 0.979906 0.019635 0.029705
1 0.181755 0.975808 0.039800 0.048384
2 0.160529 0.914837 0.041923 0.065069
2 0.061823 0.914484 0.020696 0.047387
2 0.009817 0.758178 0.019634 0.041729
2 0.018574 0.718571 0.022288 0.044558
2 0.062619 0.632991 0.030779 0.051631
2 0.143282 0.639710 0.032902 0.049509
2 0.146731 0.684622 0.040862 0.050216
2 0.145670 0.603640 0.031310 0.059411
2 0.150446 0.558021 0.021758 0.028998
2 0.183347 0.527608 0.022819 0.031827
2 0.214657 0.557667 0.029187 0.042436
2 0.041392 0.536803 0.042454 0.034656
2 0.269582 0.739435 0.032902 0.046680
2 0.280726 0.645015 0.037147 0.065776
2 0.245436 0.687097 0.022819 0.036778
2 0.366270 0.598027 0.028232 0.053469
2 0.395988 0.537627 0.028232 0.043568
2 0.422032 0.497552 0.018574 0.024204
2 0.395617 0.469497 0.028479 0.025304
2 0.409444 0.448044 0.015684 0.030805
2 0.420794 0.446393 0.013621 0.026405
2 0.339277 0.390833 0.019812 0.023104
2 0.252600 0.522307 0.020637 0.027505
2 0.324005 0.497827 0.037973 0.052259
2 0.390251 0.442268 0.016097 0.018153
1 0.383028 0.430991 0.017335 0.022004
1 0.342372 0.455470 0.048291 0.036857
1 0.225565 0.434291 0.034258 0.055010
1 0.202864 0.253584 0.030956 0.047858
1 0.168400 0.391109 0.034671 0.033556
2 0.143223 0.358378 0.037147 0.053910
2 0.203277 0.339124 0.031781 0.030805
2 0.218755 0.308044 0.019812 0.044558
2 0.244758 0.266787 0.025590 0.052259
2 0.266221 0.289891 0.033845 0.034656
2 0.277571 0.318771 0.044164 0.051709
2 0.276746 0.369105 0.035909 0.046758
2 0.300066 0.368555 0.038798 0.055560
2 0.380551 0.340225 0.020637 0.040707
2 0.505772 0.438206 0.029337 0.031990
2 0.557969 0.374226 0.030099 0.049255
1 0.526917 0.384889 0.028956 0.053317
1 0.462339 0.439029 0.025527 0.041515
1 0.436621 0.414848 0.032004 0.051286
2 0.616832 0.417895 0.028194 0.050270
2 0.645979 0.498378 0.024003 0.045700
2 0.691508 0.530115 0.021336 0.025897
2 0.737799 0.506503 0.019431 0.033514
2 0.694175 0.428304 0.019050 0.025389
2 0.650741 0.380319 0.013716 0.019804
2 0.641216 0.364070 0.016764 0.023866
2 0.542157 0.219352 0.030480 0.047224
2 0.452433 0.220621 0.021717 0.021327
2 0.515678 0.125666 0.021717 0.028436
2 0.540062 0.146993 0.018669 0.022342
2 0.559874 0.156641 0.020955 0.027420
2 0.553016 0.175175 0.022479 0.028944
2 0.537585 0.166035 0.019050 0.022850
2 0.520440 0.157656 0.020574 0.023358
2 0.514916 0.183046 0.014097 0.022342
2 0.528251 0.182284 0.019431 0.026912
2 0.325752 0.155367 0.019431 0.028182
2 0.298034 0.126423 0.022288 0.029705
2 0.416048 0.068536 0.041148 0.049509
2 0.185164 0.126423 0.034290 0.055602
2 0.125443 0.079961 0.029146 0.025135
2 0.087439 0.039211 0.037719 0.039607
2 0.117156 0.129470 0.036576 0.037322
2 0.692174 0.767915 0.025590 0.040707
2 0.646772 0.694201 0.022288 0.040707
2 0.726845 0.704653 0.020637 0.035206
2 0.691349 0.645793 0.018986 0.034106
2 0.708271 0.861981 0.018161 0.033006
2 0.723956 0.860331 0.019812 0.047308
2 0.717765 0.931293 0.035496 0.052809
2 0.748308 0.942846 0.032194 0.049509
2 0.723130 0.975301 0.034671 0.044008
2 0.775962 0.990401 0.018161 0.019198
2 0.795361 0.982150 0.020637 0.035700
2 0.816411 0.991501 0.026416 0.016997
2 0.865940 0.959899 0.031369 0.037407
2 0.922074 0.957698 0.033020 0.039607
2 0.891118 0.933494 0.017335 0.026405
2 0.856860 0.919191 0.023114 0.037407
2 0.877084 0.907639 0.023939 0.064911
2 0.872957 0.797070 0.038798 0.048409
2 0.887403 0.675498 0.029718 0.049509
2 0.864702 0.610587 0.032194 0.056110
2 0.818887 0.593534 0.024765 0.052809
2 0.907215 0.463711 0.026416 0.046208
2 0.986214 0.490115 0.027571 0.057210
2 0.980271 0.656795 0.022288 0.029705
2 0.988113 0.620488 0.018161 0.042908
2 0.784629 0.472512 0.020637 0.044008
2 0.838699 0.565479 0.028067 0.038507
2 0.323052 0.250945 0.035354 0.039607
2 0.329713 0.362937 0.024082 0.043704
2 0.687862 0.026960 0.022032 0.031412
2 0.679152 0.012456 0.026131 0.024912
2 0.767792 0.009383 0.021007 0.018766
2 0.808782 0.124271 0.017933 0.027998
0 0.842599 0.149537 0.007686 0.011609
1 0.715018 0.630967 0.044577 0.040290
1 0.695291 0.678769 0.033817 0.043021
1 0.705026 0.713937 0.028693 0.040973
2 0.675053 0.736131 0.046626 0.048484
1 0.667367 0.773689 0.027156 0.044387
2 0.632156 0.166862 0.017918 0.032618
2 0.647452 0.148224 0.017044 0.024463
2 0.661874 0.160455 0.016170 0.020968
2 0.650074 0.170940 0.017044 0.022133
2 0.713006 0.269666 0.013548 0.028540
2 0.732235 0.336939 0.010926 0.016309
2 0.716502 0.343638 0.017044 0.023881
2 0.723713 0.354413 0.025347 0.020968
2 0.754305 0.473817 0.029718 0.034947
1 0.651604 0.311311 0.024473 0.040772
1 0.685692 0.302866 0.040206 0.044849
1 0.701643 0.337231 0.031029 0.036695
1 0.755179 0.284810 0.030592 0.034365
1 0.731361 0.307525 0.035399 0.037860
1 0.606372 0.243164 0.017044 0.033782
2 0.555895 0.329076 0.012237 0.018056
2 0.591731 0.483136 0.037584 0.059411
2 0.713006 0.403922 0.036273 0.041937
0 0.716502 0.440908 0.008303 0.012232
2 0.795385 0.509929 0.019229 0.026793
1 0.700332 0.456052 0.017044 0.042519
1 0.759330 0.515171 0.016170 0.026793
1 0.729394 0.462459 0.038458 0.043684
2 0.788281 0.144454 0.017526 0.022342
2 0.858765 0.110941 0.016764 0.027420
2 0.829619 0.119573 0.014859 0.024374
2 0.797805 0.033504 0.017526 0.022850
2 0.796281 0.011161 0.019050 0.018788
2 0.794186 0.066510 0.022479 0.019804
2 0.724273 0.088852 0.048005 0.046208
2 0.786757 0.098754 0.014478 0.016249
2 0.801806 0.098246 0.014859 0.018280
2 0.799329 0.116018 0.016764 0.019296
2 0.890578 0.083520 0.016383 0.022342
2 0.898960 0.056100 0.014859 0.015233
2 0.904103 0.065240 0.014478 0.016249
2 0.843715 0.452170 0.040767 0.040623
1 0.789424 0.705807 0.044196 0.053317
2 0.686936 0.986831 0.035052 0.026338
2 0.660647 0.854841 0.025146 0.028436
2 0.663123 0.836561 0.022479 0.026405
2 0.642169 0.837323 0.024003 0.028944
1 0.626738 0.860427 0.019050 0.028436
1 0.431859 0.892671 0.027051 0.028944
1 0.361756 0.941672 0.038481 0.046716
1 0.132777 0.840370 0.030861 0.029959
2 0.063626 0.364070 0.019812 0.020819
2 0.049910 0.380065 0.019050 0.027420
2 0.046291 0.358484 0.022479 0.024881
1 0.024193 0.411548 0.036957 0.031482
1 0.024574 0.271907 0.039243 0.032498
2 0.063626 0.220114 0.021336 0.026405
2 0.017526 0.204119 0.022860 0.026912
2 0.011620 0.183299 0.023240 0.033006
2 0.123443 0.056100 0.019812 0.026405
2 0.219581 0.371855 0.031369 0.040157
2 0.341753 0.273388 0.028067 0.035756
2 0.314719 0.295667 0.037560 0.040707
2 0.309353 0.333623 0.037560 0.044008
2 0.459620 0.479556 0.013252 0.021944
1 0.423477 0.676501 0.033073 0.046634
2 0.728083 0.733995 0.018214 0.018526
1 0.906389 0.709400 0.022049 0.034496
2 0.991947 0.179497 0.015817 0.023636
2 0.910224 0.084632 0.015338 0.019165
2 0.963188 0.327704 0.022528 0.031302
2 0.951685 0.310455 0.022528 0.028747
2 0.984278 0.307261 0.024445 0.060688
2 0.960073 0.244976 0.017255 0.024275
2 0.957916 0.279792 0.029238 0.044079
1 0.905670 0.253281 0.037866 0.031941
2 0.914538 0.142764 0.022049 0.026831
1 0.298382 0.098204 0.024095 0.028902
1 0.434721 0.099275 0.022087 0.039607
1 0.572869 0.028624 0.042970 0.040677
1 0.617646 0.030498 0.037749 0.048706
1 0.425874 0.012930 0.019652 0.025860
1 0.736084 0.217321 0.030480 0.054333
2 0.906199 0.019926 0.029337 0.039851
2 0.932297 0.012309 0.022098 0.024618
2 0.918010 0.066002 0.016383 0.022850
2 0.812855 0.009008 0.016383 0.018016