1 0.043073 0.852600 0.083786 0.110196
1 0.070018 0.891090 0.067658 0.089106
1 0.124695 0.895572 0.092833 0.087524
0 0.177799 0.922725 0.015734 0.024781
0 0.171702 0.853128 0.011407 0.016345
0 0.167768 0.881336 0.009834 0.012654
0 0.051544 0.519929 0.016494 0.024872
0 0.301273 0.854664 0.010824 0.017272
0 0.268543 0.630126 0.012370 0.014509
0 0.278078 0.585909 0.013917 0.020036
0 0.231689 0.488840 0.010824 0.015199
0 0.446111 0.528566 0.012886 0.020036
0 0.451781 0.660179 0.011855 0.016581
0 0.562084 0.735140 0.010824 0.015890
0 0.595072 0.617690 0.007732 0.015890
0 0.588372 0.623908 0.011855 0.013127
0 0.555899 0.652234 0.011855 0.017272
0 0.587083 0.717177 0.000000 0.000691
0 0.735014 0.782466 0.010309 0.013818
0 0.735271 0.769685 0.011855 0.010363
0 0.767744 0.933425 0.009793 0.014509
0 0.783980 0.929625 0.009278 0.016581
0 0.692232 0.771757 0.011340 0.014509
0 0.673677 0.776248 0.014432 0.017963
0 0.643008 0.809756 0.010824 0.014509
0 0.658213 0.852246 0.009278 0.012436
0 0.710788 0.794211 0.011340 0.012436
0 0.716200 0.784884 0.010824 0.013127
0 0.892737 0.819429 0.010309 0.017272
0 0.959229 0.965896 0.011340 0.017272
0 0.847379 0.834628 0.013401 0.018654
0 0.930107 0.699560 0.011855 0.019345
0 0.934746 0.712687 0.011855 0.013818
0 0.930107 0.578309 0.011855 0.015890
0 0.930622 0.539620 0.007732 0.013127
0 0.725994 0.623562 0.013917 0.013818
0 0.721870 0.594200 0.011855 0.017272
0 0.737075 0.496439 0.015463 0.019345
0 0.795578 0.415260 0.011855 0.015890
0 0.855626 0.426314 0.010309 0.014509
0 0.829596 0.473986 0.010824 0.011745
0 0.850472 0.471222 0.012370 0.013127
0 0.885917 0.312381 0.014414 0.020036
0 0.907805 0.309519 0.012278 0.021467
0 0.817585 0.363902 0.011211 0.014311
0 0.827194 0.357819 0.012278 0.020751
0 0.902733 0.151380 0.008542 0.014311
0 0.645953 0.169269 0.012812 0.015742
0 0.685992 0.278034 0.012812 0.015742
0 0.701473 0.137069 0.011745 0.014311
0 0.711083 0.156389 0.011745 0.017173
0 0.658232 0.041542 0.012812 0.016458
0 0.655563 0.062293 0.010677 0.015027
0 0.609919 0.078035 0.011211 0.017889
0 0.479927 0.069448 0.011745 0.016458
0 0.539451 0.186800 0.012278 0.019320
0 0.528240 0.207194 0.011211 0.017173
0 0.691330 0.519536 0.011745 0.017889
0 0.533312 0.397891 0.014948 0.019320
0 0.433483 0.390735 0.012812 0.016458
0 0.468984 0.402542 0.000534 0.000000
0 0.300555 0.272310 0.014948 0.017173
0 0.341928 0.172131 0.013346 0.017173
0 0.349135 0.147445 0.014948 0.020751
0 0.052851 0.272310 0.011745 0.017173
0 0.058189 0.254421 0.014948 0.022898
1 0.085682 0.718820 0.063528 0.108765
1 0.054185 0.604330 0.045377 0.107334
1 0.024557 0.571772 0.049114 0.086583
1 0.068599 0.655135 0.046445 0.067263
1 0.024824 0.648337 0.048580 0.072272
1 0.228219 0.608623 0.059257 0.121645
1 0.249573 0.611128 0.067798 0.132379
1 0.301089 0.741718 0.064061 0.113059
1 0.336056 0.684115 0.060325 0.080858
1 0.351004 0.625081 0.059257 0.087298
1 0.396114 0.585725 0.062994 0.098747
1 0.413464 0.630090 0.062460 0.128801
1 0.472720 0.610412 0.058189 0.086583
1 0.497544 0.673382 0.080077 0.070840
1 0.512225 0.599679 0.047512 0.095170
1 0.486334 0.736351 0.072603 0.080858
1 0.440156 0.782505 0.080611 0.093023
1 0.146808 0.707013 0.041640 0.073703
1 0.205798 0.838318 0.077408 0.065832
1 0.155082 0.747442 0.069934 0.081574
1 0.244501 0.708802 0.068332 0.070125
1 0.159620 0.792522 0.059791 0.091592
1 0.204196 0.772487 0.062460 0.120214
1 0.223681 0.926690 0.055520 0.088014
1 0.269859 0.941717 0.058189 0.070840
1 0.274397 0.873023 0.069400 0.089445
1 0.331785 0.918103 0.073137 0.075134
1 0.371824 0.940643 0.063528 0.115921
1 0.341127 0.803971 0.067265 0.074418
1 0.666773 0.952075 0.085415 0.095850
1 0.747384 0.877674 0.076874 0.072987
1 0.825326 0.818998 0.058723 0.087298
1 0.907805 0.895921 0.040038 0.102325
1 0.920884 0.956744 0.070468 0.085152
1 0.984999 0.963899 0.030002 0.070840
1 0.925956 0.773560 0.064595 0.056529
1 0.914211 0.716315 0.063528 0.057960
1 0.976991 0.665868 0.046018 0.080143
1 0.410794 0.914168 0.052851 0.118783
1 0.447363 0.847621 0.056588 0.097316
1 0.506887 0.805045 0.080611 0.083721
1 0.564008 0.792522 0.072069 0.108765
1 0.605648 0.806476 0.053918 0.093738
1 0.577087 0.915957 0.070468 0.139534
1 0.495943 0.909874 0.103566 0.088730
1 0.461243 0.969964 0.076874 0.060072
1 0.629938 0.741002 0.073671 0.091592
1 0.576020 0.661217 0.053385 0.100894
1 0.613122 0.651994 0.074205 0.090717
1 0.583760 0.570341 0.057122 0.069409
1 0.367339 0.448353 0.073991 0.110196
1 0.476831 0.513970 0.079223 0.107191
1 0.473842 0.476403 0.043348 0.074132
1 0.473842 0.420303 0.055306 0.062111
1 0.417788 0.440840 0.100149 0.083148
1 0.544096 0.375223 0.064275 0.092164
1 0.444320 0.369212 0.091928 0.104186
1 0.226831 0.486922 0.065022 0.103184
1 0.145366 0.481913 0.060538 0.059105
1 0.071749 0.426815 0.065770 0.089159
1 0.126308 0.276046 0.065770 0.062111
1 0.086697 0.352683 0.109118 0.131234
1 0.273916 0.225957 0.072496 0.094168
1 0.211883 0.251503 0.063528 0.075134
1 0.358744 0.261020 0.088191 0.126225
1 0.413303 0.259016 0.058296 0.090161
1 0.487668 0.259517 0.075486 0.105187
1 0.496263 0.177871 0.068759 0.072129
1 0.425635 0.179875 0.066517 0.064114
1 0.245516 0.382236 0.045590 0.090161
1 0.272422 0.399767 0.069507 0.101180
1 0.286248 0.316619 0.086697 0.079141
1 0.150972 0.205921 0.062780 0.094168
1 0.090807 0.222952 0.060538 0.060107
1 0.140508 0.131789 0.071749 0.090161
1 0.204783 0.125779 0.050822 0.064114
1 0.211510 0.024822 0.076233 0.049643
1 0.216741 0.073686 0.071749 0.078139
1 0.279522 0.079697 0.070254 0.104186
1 0.347160 0.091718 0.078475 0.110196
1 0.568012 0.113256 0.000000 0.001002
1 0.481315 0.129285 0.074738 0.075134
1 0.542601 0.121271 0.044843 0.075134
1 0.545217 0.047362 0.084454 0.094723
1 0.451046 0.046861 0.082960 0.093722
1 0.383782 0.032836 0.065022 0.065672
1 0.397235 0.142809 0.084454 0.104186
1 0.607997 0.202916 0.057549 0.064114
1 0.588191 0.161342 0.077728 0.091162
1 0.633034 0.086208 0.062780 0.117209
1 0.683109 0.106745 0.061286 0.086153
1 0.738789 0.134294 0.065022 0.105187
1 0.786248 0.193399 0.076233 0.093166
1 0.769806 0.047362 0.073244 0.094723
1 0.823617 0.086208 0.050822 0.087155
1 0.887519 0.164347 0.054559 0.077137
1 0.881913 0.110752 0.077728 0.094168
1 0.878924 0.046638 0.128550 0.088157
1 0.947683 0.190895 0.061286 0.104186
1 0.964873 0.072183 0.070254 0.143255
1 0.962631 0.339159 0.055306 0.082146
1 0.965620 0.277549 0.067265 0.083148
1 0.976831 0.460876 0.046338 0.061109
1 0.966741 0.493434 0.066517 0.054096
1 0.588191 0.274043 0.080717 0.102182
1 0.601271 0.358193 0.044096 0.070125
1 0.602018 0.480911 0.050075 0.075134
1 0.537743 0.474901 0.065022 0.083148
1 0.742900 0.314615 0.076233 0.103184
1 0.666293 0.238980 0.062033 0.068121
1 0.635650 0.534507 0.048580 0.068121
1 0.815770 0.531502 0.065022 0.086153
1 0.756726 0.448353 0.091928 0.090161
1 0.881913 0.419302 0.080717 0.082146
1 0.871450 0.609140 0.071749 0.083148
1 0.859865 0.693290 0.076981 0.089159
1 0.826607 0.737368 0.056801 0.075134
1 0.761584 0.741876 0.070254 0.108193
1 0.679372 0.647208 0.056801 0.065116
1 0.688714 0.564560 0.071001 0.090161
1 0.786996 0.625168 0.061286 0.099177
1 0.685725 0.361699 0.063528 0.149266
1 0.961136 0.816509 0.076233 0.113202
1 0.973842 0.565061 0.052316 0.127227
1 0.897235 0.534006 0.075486 0.131234
1 0.748505 0.650714 0.000747 0.000000
1 0.124066 0.978630 0.047833 0.042740
1 0.057922 0.171861 0.084454 0.116207
1 0.018311 0.042854 0.036622 0.085707
1 0.188714 0.322129 0.059043 0.086153
1 0.753883 0.550594 0.090986 0.114116
1 0.536817 0.297970 0.066290 0.058365
1 0.698954 0.726538 0.046637 0.083348