0 0.727680 0.736153 0.014948 0.017250
0 0.867985 0.729797 0.014268 0.020882
0 0.902976 0.679863 0.014948 0.017250
0 0.945781 0.800614 0.016307 0.022698
0 0.845502 0.587860 0.009199 0.013828
0 0.837837 0.593494 0.009199 0.014852
0 0.879805 0.596055 0.010348 0.013828
0 0.893986 0.597847 0.008815 0.013316
0 0.898969 0.605273 0.009582 0.014852
0 0.893028 0.611675 0.009965 0.015365
0 0.875589 0.616285 0.009582 0.011267
0 0.874823 0.603737 0.011115 0.013828
0 0.882871 0.608858 0.008049 0.011779
0 0.843586 0.608858 0.009199 0.011779
0 0.853359 0.609371 0.009582 0.013828
0 0.854509 0.619870 0.011115 0.014340
0 0.845502 0.619358 0.009965 0.015365
0 0.801043 0.459311 0.009965 0.019974
0 0.887471 0.413729 0.013415 0.018950
0 0.770572 0.464432 0.014181 0.015877
0 0.744581 0.362715 0.015571 0.019142
0 0.667352 0.402246 0.013079 0.016645
0 0.936242 0.167340 0.014373 0.019206
0 0.741923 0.114717 0.014373 0.019974
0 0.556514 0.048265 0.012648 0.017669
0 0.568587 0.021377 0.012648 0.017669
0 0.528343 0.229183 0.011498 0.016901
0 0.533517 0.383980 0.013798 0.019206
0 0.409337 0.367463 0.013798 0.016901
0 0.351271 0.302164 0.011498 0.016901
0 0.319076 0.596395 0.013798 0.018437
0 0.099460 0.665919 0.013798 0.017669
0 0.160975 0.836849 0.016098 0.018437
0 0.126480 0.810345 0.013798 0.017669
0 0.076176 0.901764 0.014373 0.017669
0 0.022422 0.745046 0.011498 0.019206
0 0.014660 0.780385 0.012073 0.016133
0 0.084512 0.803047 0.010348 0.013828
0 0.212430 0.873724 0.014373 0.015365
0 0.100897 0.741205 0.009773 0.019206
0 0.112395 0.745814 0.015523 0.020742
0 0.261273 0.128854 0.013079 0.017477
0 0.500747 0.229972 0.012456 0.018309
1 0.572683 0.128022 0.064150 0.114018
1 0.529086 0.974516 0.061659 0.050968
0 0.518498 0.867471 0.011834 0.018309
0 0.522972 0.846959 0.012194 0.016820
0 0.511368 0.851427 0.011801 0.016294