2 0.729589 0.324464 0.064061 0.097224
2 0.883337 0.961140 0.038437 0.047196
2 0.714286 0.830406 0.040572 0.057579
2 0.695423 0.571300 0.034166 0.033981
2 0.227418 0.823327 0.030607 0.056635
2 0.465514 0.336263 0.035590 0.049084
2 0.403587 0.641730 0.032885 0.065414
2 0.036262 0.072124 0.044843 0.054328
1 0.155252 0.318726 0.079494 0.128845
1 0.299973 0.225471 0.065906 0.091904
1 0.251053 0.209703 0.078136 0.100013
1 0.043144 0.465592 0.078136 0.092805
1 0.093083 0.496226 0.114146 0.127043
1 0.346175 0.866094 0.056394 0.064873
1 0.332586 0.965033 0.053676 0.069934
1 0.762672 0.898530 0.084930 0.109924
1 0.528265 0.657959 0.055035 0.100914
1 0.573108 0.653454 0.059111 0.106320
1 0.751801 0.730941 0.059111 0.097310
1 0.762672 0.744006 0.036010 0.038744
1 0.706278 0.705262 0.056394 0.060368
1 0.707637 0.751214 0.050958 0.065774
2 0.816008 0.303859 0.055714 0.082894
1 0.729379 0.096625 0.075418 0.100914
2 0.723943 0.086714 0.030575 0.034239
2 0.250552 0.507113 0.032743 0.052860