2 0.153846 0.631080 0.023795 0.032197
2 0.133949 0.796977 0.020103 0.024557
2 0.091077 0.814712 0.018051 0.020737
2 0.122256 0.774602 0.023795 0.032197
2 0.153846 0.959053 0.027077 0.027831
2 0.730462 0.891931 0.025846 0.032197
2 0.657026 0.760687 0.021744 0.040383
2 0.585641 0.659184 0.016821 0.025103
2 0.631590 0.627806 0.014359 0.028923
2 0.817436 0.937498 0.020923 0.027286
2 0.862154 0.149488 0.020103 0.022920
2 0.862154 0.174045 0.024205 0.028377
2 0.019487 0.493833 0.019282 0.026194
1 0.083692 0.034342 0.024615 0.038200
1 0.172718 0.103375 0.027897 0.034380
1 0.183590 0.076090 0.020103 0.021283
1 0.221949 0.050714 0.027077 0.030560
1 0.218256 0.032432 0.032000 0.037654
1 0.234872 0.022337 0.031590 0.041474
1 0.222154 0.174045 0.023385 0.030560
1 0.251282 0.142667 0.034051 0.023466
1 0.206564 0.124931 0.021744 0.033834
1 0.237128 0.108832 0.027897 0.032197
1 0.252308 0.085367 0.022974 0.037654
0 0.240410 0.090551 0.008205 0.007640
1 0.300103 0.100101 0.027487 0.042020
1 0.278154 0.085367 0.032000 0.034380
1 0.289231 0.066540 0.032000 0.030560
1 0.324308 0.025065 0.027487 0.031651
1 0.315487 0.033797 0.023795 0.030560
1 0.125744 0.016607 0.040615 0.028923
1 0.089641 0.013333 0.038974 0.022374
1 0.014769 0.018790 0.029538 0.032197
2 0.127795 0.189052 0.017641 0.023466
2 0.185231 0.209516 0.016000 0.041474
1 0.171897 0.210608 0.018051 0.040383
1 0.163692 0.247171 0.047590 0.034926
1 0.102974 0.279913 0.033641 0.046931
1 0.067692 0.306380 0.026256 0.039837
1 0.032821 0.253446 0.028718 0.027831
1 0.015795 0.195874 0.027487 0.045840
1 0.007590 0.169679 0.015179 0.048023
2 0.020308 0.281278 0.021744 0.027831
2 0.019692 0.370229 0.018872 0.028923
2 0.030974 0.350038 0.027487 0.022374
1 0.032821 0.318113 0.038564 0.039291
1 0.037744 0.292192 0.033641 0.047477
1 0.094359 0.341579 0.038564 0.033834
2 0.122667 0.361498 0.025436 0.043111
1 0.179897 0.323843 0.024205 0.033289
1 0.208410 0.307472 0.035282 0.037654
1 0.170667 0.357678 0.030359 0.045294
2 0.214564 0.350583 0.022974 0.028923
1 0.025231 0.459180 0.025846 0.031106
1 0.070564 0.433259 0.028718 0.038200
1 0.092923 0.449630 0.021744 0.043657
1 0.137026 0.413613 0.024615 0.037108
1 0.167590 0.408975 0.043897 0.052934
1 0.197128 0.416342 0.034872 0.037108
1 0.208615 0.386055 0.018462 0.044203
1 0.224205 0.397515 0.024205 0.042020
1 0.249436 0.402153 0.016410 0.037108
1 0.244513 0.422072 0.022974 0.030014
0 0.252513 0.432986 0.006154 0.008186
0 0.273641 0.541037 0.006564 0.009277
1 0.103590 0.407337 0.027487 0.034380
1 0.105641 0.377869 0.023385 0.026740
1 0.048000 0.481009 0.033641 0.047477
1 0.081436 0.511023 0.018462 0.031106
1 0.060513 0.518117 0.029128 0.038746
1 0.008000 0.514570 0.016000 0.024011
2 0.083897 0.571870 0.024205 0.051297
1 0.159179 0.555771 0.019692 0.023466
1 0.156513 0.508294 0.024205 0.045294
1 0.131897 0.501473 0.037333 0.044748
1 0.168615 0.532851 0.016410 0.024557
1 0.204923 0.531760 0.043897 0.063848
1 0.190769 0.544857 0.023795 0.045294
1 0.201436 0.588787 0.030359 0.044748
1 0.208000 0.687834 0.036923 0.046386
1 0.177026 0.685651 0.029949 0.036563
1 0.183590 0.650998 0.022564 0.022920
1 0.237744 0.666278 0.016821 0.042566
1 0.262564 0.666824 0.026256 0.042566
1 0.249026 0.699567 0.030359 0.042566
1 0.252103 0.733401 0.035692 0.033834
2 0.242667 0.760960 0.025846 0.032197
1 0.280615 0.745680 0.024615 0.032197
1 0.263179 0.799978 0.018462 0.032743
1 0.225846 0.828628 0.030769 0.035471
1 0.171077 0.860825 0.021333 0.037654
1 0.141949 0.779787 0.017231 0.045840
1 0.159795 0.780332 0.018462 0.040383
1 0.042667 0.580329 0.014769 0.024557
1 0.059692 0.587968 0.029128 0.038746
1 0.051077 0.612798 0.028308 0.038200
1 0.031795 0.641721 0.038974 0.042566
1 0.093333 0.620166 0.025026 0.035471
1 0.077538 0.618528 0.017231 0.035471
1 0.137846 0.648816 0.025436 0.036017
1 0.098667 0.667370 0.029949 0.029469
1 0.114872 0.643631 0.025436 0.052934
1 0.119795 0.670917 0.026256 0.031106
2 0.078359 0.685105 0.018051 0.043111
2 0.074256 0.710481 0.030359 0.028377
2 0.050051 0.740222 0.025436 0.027831
2 0.086359 0.767235 0.028308 0.031651
1 0.091282 0.733674 0.011897 0.023466
1 0.046974 0.706934 0.040615 0.035471
1 0.029949 0.696838 0.024615 0.033834
1 0.009846 0.751410 0.019692 0.044748
2 0.047385 0.772420 0.029128 0.033289
1 0.064410 0.793702 0.029538 0.034380
1 0.039795 0.795067 0.029538 0.028377
1 0.017026 0.822352 0.018462 0.043657
1 0.085128 0.844999 0.014359 0.043111
1 0.118359 0.826445 0.018462 0.048568
1 0.101538 0.828355 0.021744 0.025103
1 0.118974 0.890021 0.028718 0.037108
1 0.113231 0.870375 0.032000 0.039291
1 0.070564 0.881289 0.025436 0.028377
1 0.084923 0.911304 0.020513 0.038200
1 0.031590 0.891385 0.025436 0.044203
1 0.047179 0.891385 0.022974 0.026740
1 0.059692 0.922764 0.030769 0.046931
1 0.016410 0.966148 0.030359 0.040928
1 0.034872 0.945683 0.032000 0.037108
1 0.063179 0.963419 0.027077 0.039837
2 0.086154 0.944319 0.017231 0.024557
1 0.129231 0.947593 0.039385 0.038746
1 0.115692 0.942136 0.039385 0.039837
2 0.165744 0.985666 0.035282 0.028668
1 0.214359 0.900389 0.022564 0.031651
1 0.170051 0.897388 0.030769 0.032197
1 0.185026 0.923582 0.022154 0.040928
1 0.200615 0.939681 0.032821 0.030560
1 0.228308 0.951959 0.042256 0.048568
1 0.208821 0.980063 0.031179 0.034926
1 0.248410 0.973115 0.039795 0.053770
1 0.273641 0.968331 0.028718 0.032197
1 0.299282 0.938589 0.025026 0.038200
1 0.318154 0.968876 0.031590 0.047477
1 0.275282 0.863554 0.025436 0.052934
2 0.278359 0.818259 0.029949 0.038746
1 0.296615 0.843089 0.021333 0.040383
1 0.354256 0.851275 0.014359 0.028377
1 0.327179 0.809255 0.030769 0.054571
1 0.349538 0.813348 0.032000 0.033289
2 0.334564 0.744861 0.021744 0.016371
1 0.307897 0.753592 0.016000 0.039291
1 0.318769 0.710481 0.032000 0.048023
1 0.345436 0.712937 0.026256 0.047477
1 0.286564 0.690563 0.034872 0.026740
1 0.291487 0.662731 0.030769 0.032197
1 0.318974 0.641721 0.028308 0.024011
1 0.331897 0.622076 0.033641 0.032743
1 0.305026 0.619347 0.028308 0.034926
1 0.316103 0.591788 0.029949 0.038746
2 0.338256 0.585240 0.024205 0.035471
2 0.381538 0.608433 0.021333 0.032743
2 0.268308 0.477189 0.013949 0.021283
2 0.418462 0.455633 0.012308 0.024011
2 0.367590 0.434350 0.017231 0.015280
1 0.394051 0.420980 0.028308 0.031106
1 0.315692 0.495743 0.029949 0.043111
1 0.320000 0.532579 0.019692 0.032743
2 0.333744 0.510204 0.016821 0.016371
1 0.295385 0.403790 0.027897 0.042566
1 0.320205 0.391239 0.035692 0.033834
1 0.309744 0.356859 0.023795 0.034926
1 0.281231 0.352220 0.016000 0.031106
1 0.275282 0.322206 0.028718 0.028923
2 0.269949 0.305562 0.016410 0.019646
1 0.275897 0.276639 0.025846 0.036017
2 0.250462 0.244715 0.025846 0.027831
1 0.262974 0.269545 0.041026 0.039291
2 0.315897 0.276366 0.022974 0.021283
1 0.319179 0.315385 0.041026 0.032743
1 0.333333 0.328755 0.022564 0.031106
1 0.352205 0.336395 0.028308 0.047477
1 0.379692 0.329573 0.027487 0.032743
1 0.379282 0.292738 0.014359 0.039837
1 0.398564 0.299832 0.021744 0.037654
1 0.403487 0.281551 0.019282 0.029469
1 0.358769 0.268999 0.027487 0.040383
1 0.378256 0.251536 0.026256 0.038200
1 0.395692 0.245806 0.025026 0.036563
1 0.438154 0.220976 0.041846 0.038200
1 0.314051 0.219339 0.022564 0.043657
1 0.304000 0.180321 0.029538 0.034380
1 0.276513 0.201604 0.024615 0.034380
2 0.296000 0.202968 0.011077 0.022920
1 0.293128 0.224524 0.030769 0.039837
1 0.308923 0.260541 0.021333 0.047477
1 0.343385 0.198602 0.020513 0.036017
1 0.334769 0.133662 0.031179 0.052388
1 0.364718 0.156855 0.034462 0.047477
1 0.380923 0.100374 0.027487 0.030560
1 0.396103 0.134208 0.021744 0.037108
1 0.417641 0.031341 0.040205 0.044203
1 0.402872 0.008967 0.018872 0.016917
1 0.380513 0.011441 0.028308 0.022882
1 0.350564 0.010058 0.026667 0.014734
1 0.477949 0.065721 0.034462 0.055117
2 0.490667 0.186051 0.033641 0.028377
1 0.472615 0.250718 0.040205 0.057300
1 0.469128 0.293556 0.025026 0.029469
2 0.523487 0.288099 0.012308 0.016371
2 0.523282 0.264633 0.011897 0.027286
1 0.498051 0.330665 0.029538 0.032743
1 0.503590 0.372412 0.031590 0.045294
1 0.464615 0.364226 0.027487 0.028923
1 0.432615 0.393695 0.027487 0.032197
2 0.461333 0.480190 0.024205 0.024011
2 0.384615 0.491923 0.020923 0.022374
1 0.360410 0.527667 0.020923 0.022920
1 0.362256 0.500109 0.024615 0.026740
1 0.387282 0.560956 0.025436 0.033834
1 0.447385 0.556317 0.018462 0.016917
1 0.384410 0.654273 0.036103 0.032743
1 0.367385 0.632444 0.035692 0.039291
1 0.426667 0.591516 0.026256 0.048023
1 0.416410 0.678284 0.027077 0.042566
1 0.429744 0.673100 0.032410 0.052934
1 0.421128 0.760141 0.025846 0.036017
2 0.445744 0.763415 0.020923 0.021829
1 0.418051 0.721941 0.030359 0.040383
1 0.525949 0.696020 0.036923 0.048568
1 0.446564 0.732582 0.022564 0.033289
1 0.470769 0.726307 0.026667 0.044748
1 0.491692 0.727671 0.024205 0.028923
1 0.501333 0.741314 0.016410 0.022374
1 0.491897 0.758504 0.020513 0.024011
1 0.518359 0.766690 0.025846 0.028377
2 0.486154 0.564776 0.021333 0.028377
2 0.448000 0.585786 0.014769 0.019100
2 0.439179 0.960418 0.017641 0.041474
1 0.404103 0.807345 0.022974 0.027831
2 0.382769 0.818259 0.014769 0.020191
1 0.402051 0.872558 0.030359 0.029469
1 0.400205 0.836541 0.034872 0.029469
1 0.392821 0.846364 0.032410 0.033834
1 0.445949 0.828628 0.017231 0.037654
1 0.462974 0.862189 0.028308 0.030560
1 0.476308 0.839542 0.040205 0.026740
1 0.474872 0.823444 0.018462 0.027286
1 0.480615 0.810619 0.019282 0.031106
1 0.504000 0.810619 0.027487 0.042020
1 0.531282 0.799432 0.031179 0.021829
1 0.555077 0.778422 0.021333 0.033289
1 0.574359 0.756048 0.034462 0.040928
1 0.591590 0.793157 0.016410 0.043111
1 0.610462 0.787700 0.000000 0.000546
1 0.563077 0.801342 0.034051 0.035471
1 0.513846 0.844181 0.020923 0.033834
2 0.533128 0.856459 0.025026 0.035471
1 0.540923 0.825627 0.039795 0.032743
1 0.551179 0.882381 0.016821 0.045840
1 0.528000 0.908302 0.032821 0.048568
0 0.548103 0.918125 0.006564 0.011460
2 0.501538 0.941045 0.033231 0.032197
2 0.524923 0.978426 0.020103 0.042566
2 0.261744 0.586877 0.012308 0.025649
1 0.264410 0.554680 0.025026 0.044203
1 0.245333 0.583330 0.016410 0.029469
0 0.246154 0.469549 0.009026 0.013643
1 0.328205 0.865191 0.036923 0.026740
1 0.314872 0.868192 0.022564 0.033834
1 0.344821 0.883745 0.035692 0.058391
1 0.363897 0.937498 0.014769 0.036017
1 0.368615 0.964511 0.041436 0.034380
2 0.392205 0.936952 0.021333 0.026194
1 0.427487 0.983611 0.035282 0.028923
1 0.393231 0.977335 0.025026 0.021829
1 0.377231 0.984975 0.049641 0.026194
2 0.423590 0.950868 0.008615 0.013643
1 0.410872 0.956325 0.030769 0.047477
0 0.392615 0.955506 0.008205 0.008731
1 0.468513 0.978153 0.036923 0.036563
1 0.505026 0.983756 0.027077 0.032488
1 0.626462 0.952778 0.036103 0.041474
1 0.632615 0.889202 0.030359 0.035471
1 0.637538 0.868738 0.033641 0.061120
1 0.608410 0.838178 0.037744 0.039291
1 0.604923 0.685651 0.020923 0.025649
1 0.571282 0.664095 0.034051 0.037108
1 0.587282 0.636810 0.017641 0.046931
1 0.481641 0.592880 0.037744 0.034380
1 0.507487 0.578964 0.020513 0.044748
1 0.528615 0.593426 0.029128 0.035471
1 0.525333 0.626987 0.024205 0.050206
1 0.567385 0.612253 0.029538 0.041474
1 0.538667 0.553043 0.028718 0.047477
1 0.567795 0.539127 0.032821 0.063303
1 0.575179 0.569414 0.032000 0.040928
1 0.617026 0.555226 0.031179 0.048568
1 0.611077 0.597518 0.035692 0.055663
1 0.629333 0.646360 0.014769 0.035471
1 0.632615 0.661367 0.028718 0.026194
1 0.660923 0.638174 0.036103 0.040928
1 0.653949 0.616073 0.038564 0.040383
1 0.595487 0.578419 0.031590 0.043657
1 0.594462 0.536944 0.030359 0.048023
1 0.666256 0.560137 0.033641 0.051843
1 0.696615 0.559319 0.029538 0.042566
2 0.618872 0.478826 0.022564 0.039837
2 0.593231 0.413340 0.024615 0.043111
2 0.673846 0.452904 0.023385 0.029469
2 0.678564 0.485920 0.017231 0.026740
2 0.719590 0.520573 0.016410 0.025103
1 0.621333 0.503383 0.024205 0.030014
1 0.569436 0.492196 0.030359 0.029469
1 0.561436 0.455906 0.030769 0.039837
1 0.581949 0.441172 0.025026 0.020191
1 0.574564 0.416615 0.029128 0.038746
1 0.589949 0.359042 0.027077 0.051297
2 0.579692 0.335303 0.025436 0.032197
1 0.597744 0.288099 0.028718 0.053480
1 0.580923 0.290828 0.025436 0.044748
1 0.509128 0.259722 0.037744 0.064394
1 0.539692 0.266816 0.024205 0.024011
1 0.538256 0.255356 0.012308 0.018554
1 0.551179 0.291919 0.020103 0.036017
1 0.529641 0.300650 0.030359 0.033834
1 0.540718 0.303925 0.018872 0.042566
1 0.589538 0.149488 0.027897 0.038200
1 0.566154 0.153308 0.026256 0.032743
1 0.535795 0.121929 0.021333 0.022374
1 0.551795 0.132298 0.036103 0.034380
1 0.520615 0.122475 0.027897 0.044203
1 0.510769 0.070632 0.029538 0.018009
1 0.572513 0.016607 0.042256 0.027831
1 0.626872 0.119201 0.024615 0.020191
2 0.680000 0.715470 0.021120 0.038309
2 0.611897 0.716484 0.019282 0.021829
1 0.633641 0.754411 0.027487 0.064940
1 0.627897 0.734492 0.021744 0.020737
1 0.617436 0.742405 0.016410 0.035471
1 0.706872 0.804344 0.031179 0.045840
1 0.715692 0.766417 0.030769 0.025649
1 0.660308 0.707480 0.026667 0.033289
1 0.750974 0.699021 0.020103 0.044748
1 0.701538 0.704751 0.032821 0.049660
1 0.726564 0.717030 0.033641 0.036017
1 0.712000 0.735584 0.021744 0.052388
1 0.717949 0.758504 0.027077 0.036017
1 0.677128 0.740222 0.035692 0.044203
1 0.744821 0.798887 0.032410 0.031651
1 0.775795 0.826991 0.034462 0.037654
1 0.749128 0.819624 0.024615 0.036017
1 0.711590 0.842544 0.028308 0.025103
1 0.745231 0.848547 0.048821 0.036017
1 0.783590 0.913486 0.041846 0.042566
1 0.766564 0.950868 0.025026 0.036563
2 0.756103 0.970241 0.016410 0.025103
2 0.747077 0.932041 0.017231 0.041474
2 0.728615 0.915396 0.024615 0.024557
2 0.773128 0.870375 0.021744 0.028377
1 0.759590 0.876651 0.029949 0.026740
1 0.684103 0.886746 0.038974 0.048023
1 0.683282 0.918125 0.033231 0.043111
1 0.702154 0.942136 0.033231 0.042020
1 0.713846 0.922218 0.018872 0.030560
1 0.667077 0.971059 0.031179 0.050751
1 0.691282 0.982119 0.036103 0.035762
1 0.718564 0.981573 0.042256 0.036854
1 0.804923 0.985521 0.029538 0.028377
1 0.816410 0.960963 0.030359 0.026194
1 0.802872 0.941591 0.032821 0.037654
1 0.816821 0.858369 0.039385 0.039291
1 0.824615 0.800251 0.032821 0.048568
1 0.812513 0.728762 0.032410 0.033289
1 0.829128 0.664641 0.030359 0.036017
1 0.877744 0.648816 0.022564 0.046931
1 0.835077 0.693291 0.023385 0.024557
1 0.873846 0.700385 0.029538 0.030014
1 0.843692 0.725215 0.026667 0.043657
1 0.862564 0.720577 0.025026 0.034380
1 0.890667 0.771601 0.029538 0.044748
1 0.866051 0.754957 0.041026 0.045294
1 0.906051 0.727944 0.041436 0.049114
1 0.897026 0.806799 0.027487 0.026740
1 0.939282 0.780060 0.016821 0.033289
1 0.884308 0.861098 0.020923 0.018554
1 0.897231 0.865464 0.020513 0.016371
1 0.940308 0.951959 0.013949 0.028923
1 0.893538 0.984029 0.026256 0.031942
1 0.928615 0.985521 0.018462 0.026194
1 0.941128 0.988940 0.017231 0.022119
1 0.924103 0.873922 0.028308 0.034380
1 0.946462 0.857278 0.028718 0.049114
1 0.980308 0.908848 0.029949 0.043111
1 0.994974 0.902299 0.010051 0.032197
1 0.981333 0.848547 0.018872 0.034926
1 0.993333 0.853185 0.013333 0.040928
1 0.941744 0.632444 0.027487 0.038200
1 0.946051 0.596700 0.026256 0.033289
1 0.745436 0.600793 0.028718 0.037108
1 0.762667 0.575417 0.028718 0.033289
1 0.798974 0.574871 0.029128 0.033289
1 0.829949 0.576236 0.038564 0.053480
1 0.826872 0.529850 0.025846 0.049114
1 0.849231 0.526303 0.031179 0.038746
1 0.867077 0.532306 0.025846 0.043111
1 0.883282 0.543220 0.042667 0.051843
1 0.857641 0.496834 0.029949 0.023466
1 0.838974 0.490013 0.019692 0.030560
1 0.814769 0.458634 0.032821 0.030014
1 0.841641 0.444719 0.025846 0.046931
1 0.825026 0.389329 0.032000 0.031106
1 0.793026 0.422617 0.022154 0.045294
2 0.756103 0.400516 0.013128 0.041474
1 0.774769 0.409247 0.024205 0.018554
2 0.715077 0.377050 0.018872 0.026194
2 0.720000 0.489194 0.026256 0.025649
1 0.738462 0.498472 0.022154 0.038746
1 0.667282 0.505293 0.020923 0.037108
1 0.697436 0.502019 0.031179 0.029469
1 0.663795 0.458089 0.029538 0.032197
1 0.669538 0.398333 0.028718 0.033834
1 0.663179 0.357132 0.037333 0.047477
1 0.647385 0.311838 0.013949 0.019100
1 0.647179 0.309382 0.028308 0.025103
1 0.672000 0.274456 0.030359 0.050206
1 0.667487 0.230526 0.035282 0.035471
1 0.694564 0.178138 0.039385 0.042020
1 0.725949 0.166678 0.023385 0.040928
1 0.752821 0.195601 0.027897 0.025649
1 0.738462 0.225615 0.039385 0.052934
1 0.809026 0.256993 0.054154 0.052388
1 0.830974 0.233528 0.051282 0.037108
1 0.792821 0.300378 0.037333 0.042020
1 0.799385 0.327118 0.026667 0.032197
1 0.832000 0.300650 0.024615 0.036017
1 0.824205 0.332029 0.022154 0.028923
1 0.850667 0.347582 0.030769 0.046931
1 0.817436 0.142394 0.030769 0.049114
1 0.760205 0.134208 0.022974 0.038200
1 0.778051 0.114289 0.032410 0.044203
1 0.830769 0.094644 0.036103 0.052934
1 0.869538 0.084275 0.029128 0.049660
1 0.830564 0.021518 0.046359 0.040928
1 0.694769 0.089732 0.024205 0.024557
1 0.705436 0.108559 0.023385 0.028377
1 0.715487 0.075544 0.028718 0.048568
1 0.743590 0.078818 0.033231 0.048568
1 0.631795 0.063538 0.032000 0.042020
1 0.684718 0.040345 0.018051 0.036017
1 0.662564 0.052624 0.031179 0.036563
1 0.648821 0.025611 0.030769 0.040383
1 0.640615 0.011168 0.036513 0.022336
1 0.926815 0.803175 0.029630 0.028377
1 0.918519 0.772433 0.022519 0.037836
1 0.967407 0.498910 0.051556 0.047295
1 0.958815 0.458709 0.033185 0.031530
1 0.906667 0.299876 0.027259 0.030742
1 0.955259 0.256916 0.033185 0.064637
1 0.962074 0.345200 0.027852 0.052025
1 0.979556 0.321159 0.024889 0.021283
1 0.983111 0.193068 0.029630 0.034683
1 0.990074 0.438214 0.019852 0.029954
2 0.476741 0.405108 0.018370 0.022071
2 0.474370 0.386190 0.026667 0.020495
2 0.454222 0.403137 0.025481 0.026012
2 0.077037 0.100448 0.020148 0.026012
1 0.083852 0.204103 0.030222 0.037836
1 0.114963 0.198191 0.033185 0.033895
1 0.052444 0.179667 0.033778 0.028377
1 0.058667 0.160749 0.028444 0.039413
1 0.089481 0.168632 0.028444 0.040989
2 0.094519 0.136314 0.014815 0.017342
1 0.113481 0.126855 0.027852 0.044142
1 0.058074 0.114637 0.033185 0.040201
1 0.057481 0.087442 0.024889 0.053601
1 0.095407 0.075224 0.029630 0.032318
1 0.078222 0.070100 0.030815 0.039413
1 0.106667 0.099660 0.028444 0.033895
1 0.150222 0.106360 0.023111 0.037836
0 0.138074 0.089018 0.011852 0.014189
1 0.920000 0.013767 0.036148 0.027534
0 0.626074 0.246669 0.008889 0.012612
1 0.875259 0.347171 0.037926 0.044930
1 0.916741 0.560393 0.015407 0.025224
1 0.850667 0.560393 0.016000 0.036260
2 0.853630 0.697943 0.013630 0.018130
2 0.909037 0.692031 0.014222 0.025224
2 0.767407 0.747209 0.014222 0.015765
2 0.610963 0.941119 0.029630 0.023648
2 0.472296 0.956490 0.015407 0.013400
2 0.309037 0.826429 0.012444 0.018130
2 0.226074 0.934419 0.029037 0.032318
2 0.032000 0.523740 0.013037 0.019706
2 0.023704 0.522951 0.016593 0.024436
2 0.305481 0.062218 0.030222 0.026801
2 0.972444 0.417930 0.016000 0.024830
2 0.989429 0.159189 0.018857 0.025083
0 0.346857 0.171350 0.009143 0.009881