1 0.060114 0.024483 0.042514 0.048579
2 0.012571 0.121950 0.025142 0.035666
1 0.011886 0.152081 0.023771 0.023367
1 0.068571 0.063531 0.030171 0.028287
1 0.113371 0.095200 0.037486 0.036281
1 0.148114 0.094278 0.037486 0.044275
1 0.183543 0.095508 0.037029 0.040585
1 0.166171 0.124717 0.028800 0.028902
1 0.199086 0.130251 0.034286 0.037511
1 0.162971 0.144702 0.032457 0.028287
1 0.168229 0.023868 0.038400 0.026442
2 0.193371 0.014337 0.018286 0.019678
1 0.189029 0.049388 0.051657 0.038126
1 0.252800 0.195434 0.029257 0.028902
1 0.262857 0.231099 0.030171 0.039970
1 0.070400 0.194819 0.023771 0.025212
1 0.044800 0.162842 0.023771 0.039970
1 0.080914 0.238479 0.048457 0.043660
1 0.111543 0.234174 0.033829 0.070717
1 0.042286 0.293207 0.021486 0.023982
1 0.123657 0.302124 0.032457 0.022137
1 0.053943 0.385139 0.030171 0.033206
1 0.069029 0.404817 0.032914 0.034436
1 0.071771 0.365154 0.034743 0.038741
1 0.089829 0.372226 0.037029 0.050424
1 0.117029 0.365154 0.035657 0.059648
1 0.122286 0.379297 0.046171 0.033821
1 0.205486 0.316575 0.031543 0.051039
1 0.195657 0.351933 0.038400 0.034436
1 0.206171 0.372841 0.038400 0.036896
1 0.168914 0.364846 0.035200 0.039355
1 0.158857 0.405739 0.039771 0.035051
1 0.125486 0.408506 0.032457 0.036896
1 0.117486 0.436486 0.029257 0.030132
1 0.029943 0.518886 0.029714 0.043660
1 0.045943 0.512429 0.026971 0.046735
1 0.098057 0.562546 0.041600 0.052269
1 0.035886 0.579457 0.047086 0.039355
1 0.037714 0.622502 0.053486 0.040585
2 0.113829 0.662165 0.014629 0.022752
2 0.047314 0.737186 0.021486 0.021523
2 0.216457 0.515197 0.018743 0.020293
2 0.008686 0.903524 0.016457 0.052884
2 0.318629 0.890918 0.023771 0.016603
2 0.468114 0.966554 0.016457 0.020293
2 0.533943 0.841724 0.013714 0.021523
2 0.767314 0.773774 0.014171 0.017218
2 0.861345 0.909333 0.014454 0.015440
2 0.923886 0.543176 0.019200 0.019678
2 0.856457 0.500131 0.016914 0.018448
2 0.962743 0.514274 0.019200 0.022137
2 0.826286 0.323031 0.026057 0.024597
2 0.716114 0.361772 0.028800 0.036896
2 0.675886 0.222183 0.016914 0.034436
2 0.693029 0.244935 0.016457 0.030746
2 0.760229 0.161305 0.015543 0.020908
2 0.761829 0.212344 0.034286 0.020908
2 0.370057 0.140090 0.017829 0.023982
2 0.443429 0.040779 0.040229 0.041815
2 0.392686 0.063531 0.031086 0.038126
2 0.563886 0.048158 0.024229 0.039355
2 0.347886 0.050003 0.030171 0.031976
1 0.376686 0.029710 0.038400 0.039355
1 0.126857 0.494904 0.029714 0.046120
1 0.142400 0.479838 0.048000 0.033206
1 0.163657 0.508740 0.026514 0.031976
1 0.158629 0.478301 0.036571 0.036281
1 0.215314 0.409429 0.025600 0.036281
1 0.227429 0.444787 0.020571 0.055344
1 0.204571 0.464465 0.029714 0.035666
1 0.195657 0.431874 0.045714 0.041815
1 0.206400 0.410966 0.048914 0.035666
1 0.175086 0.441405 0.033829 0.039970
1 0.255543 0.431874 0.036571 0.057803
1 0.252800 0.377760 0.032914 0.040585
1 0.270171 0.366999 0.031086 0.051039
1 0.309943 0.333793 0.025600 0.047350
1 0.331657 0.371611 0.030629 0.052884
1 0.309486 0.395900 0.027429 0.036281
1 0.293943 0.400205 0.028343 0.041200
1 0.286400 0.451551 0.034286 0.029517
1 0.274514 0.476456 0.037029 0.041200
2 0.270857 0.499208 0.018743 0.027672
2 0.311086 0.426032 0.015086 0.027672
1 0.245714 0.539179 0.034286 0.048579
1 0.248229 0.607128 0.032000 0.038126
1 0.179886 0.601287 0.028800 0.042430
1 0.196571 0.582224 0.033829 0.044890
1 0.215543 0.556397 0.034286 0.030132
1 0.194286 0.546558 0.041143 0.043660
1 0.213029 0.502283 0.066743 0.055959
1 0.078629 0.688914 0.039314 0.052884
1 0.068343 0.774082 0.030629 0.026442
1 0.069486 0.758401 0.032000 0.024597
1 0.014629 0.752252 0.023771 0.055344
1 0.019429 0.796219 0.031543 0.049809
1 0.086400 0.825428 0.039314 0.031976
1 0.100571 0.788840 0.042057 0.054729
1 0.062400 0.810362 0.026971 0.037511
1 0.044343 0.801446 0.031086 0.047964
1 0.037486 0.847873 0.047543 0.043660
1 0.033829 0.939805 0.025600 0.044275
1 0.016229 0.949951 0.026057 0.036281
1 0.100114 0.950259 0.056686 0.035666
1 0.132114 0.963172 0.039314 0.060263
1 0.169829 0.973934 0.035200 0.033821
1 0.107200 0.900757 0.038857 0.060878
1 0.128457 0.906906 0.039314 0.054729
1 0.129600 0.867858 0.032457 0.051654
1 0.143771 0.823276 0.028800 0.059648
1 0.183086 0.880157 0.045257 0.065182
1 0.194286 0.946262 0.039314 0.044890
1 0.243429 0.936115 0.033371 0.045505
1 0.242743 0.973626 0.038400 0.047964
1 0.145829 0.668929 0.041143 0.044890
1 0.165714 0.771314 0.034286 0.031976
1 0.178971 0.791607 0.037029 0.044275
1 0.170057 0.829733 0.047543 0.055344
1 0.211200 0.812515 0.028343 0.036896
1 0.205486 0.798371 0.021486 0.031976
1 0.211200 0.782383 0.033829 0.052884
1 0.235657 0.762091 0.046171 0.066412
1 0.220800 0.707362 0.049371 0.055344
1 0.254857 0.717508 0.035200 0.042430
1 0.267429 0.756864 0.028343 0.052269
1 0.321143 0.719473 0.037943 0.044649
1 0.288000 0.699368 0.042971 0.054114
1 0.329143 0.698138 0.035657 0.036896
1 0.361143 0.683072 0.033829 0.048579
1 0.284343 0.867551 0.042971 0.038741
1 0.312686 0.837419 0.043886 0.036281
1 0.388114 0.870625 0.032000 0.065797
1 0.346514 0.965939 0.032000 0.057188
1 0.486171 0.968707 0.019657 0.050424
1 0.402286 0.983431 0.032000 0.033138
1 0.382171 0.971781 0.032000 0.045505
1 0.414400 0.929659 0.037943 0.033821
1 0.442743 0.879849 0.037943 0.030132
2 0.481143 0.846951 0.039771 0.044275
1 0.409829 0.704287 0.028800 0.047964
1 0.356800 0.823276 0.043429 0.080556
1 0.382857 0.777464 0.051657 0.031976
1 0.369143 0.745180 0.027886 0.043660
1 0.395886 0.745180 0.028343 0.047350
1 0.445714 0.747025 0.030171 0.038741
1 0.480914 0.750714 0.031086 0.038741
1 0.493943 0.778079 0.032457 0.038126
1 0.479543 0.810362 0.031086 0.037511
1 0.493029 0.712589 0.038857 0.055959
1 0.509029 0.679998 0.029714 0.036281
1 0.440686 0.634185 0.041143 0.028287
1 0.441829 0.662165 0.039771 0.028902
1 0.474743 0.657553 0.037029 0.041815
1 0.396571 0.645561 0.043429 0.054729
1 0.409829 0.606514 0.022400 0.050424
1 0.458743 0.537641 0.037029 0.034436
1 0.536686 0.714741 0.036571 0.029517
1 0.532114 0.747025 0.037486 0.046120
1 0.512686 0.835575 0.029714 0.062108
1 0.538286 0.794067 0.050743 0.057803
1 0.571200 0.790685 0.024229 0.059648
1 0.565257 0.835575 0.029714 0.031361
1 0.570286 0.872778 0.037943 0.040585
1 0.451886 0.945339 0.027886 0.041815
2 0.445029 0.910903 0.021486 0.044275
2 0.670629 0.779616 0.023771 0.021523
1 0.566629 0.968707 0.032457 0.049194
1 0.610743 0.982201 0.034743 0.035598
1 0.592457 0.955486 0.034743 0.035051
1 0.610743 0.902294 0.036571 0.061493
1 0.606171 0.858634 0.037486 0.040585
2 0.594057 0.796219 0.030629 0.037511
2 0.490514 0.943187 0.041143 0.037511
1 0.503771 0.924432 0.025600 0.029517
1 0.538286 0.957330 0.030629 0.051039
1 0.542629 0.915823 0.043886 0.050424
1 0.571429 0.941035 0.035657 0.047964
1 0.579200 0.914285 0.042057 0.048579
1 0.730057 0.893993 0.028343 0.039970
1 0.816229 0.970244 0.028800 0.022752
1 0.804343 0.950874 0.040686 0.044275
1 0.796114 0.920435 0.051657 0.038741
1 0.744000 0.962250 0.034286 0.026442
1 0.641143 0.890611 0.019657 0.028287
1 0.653257 0.827888 0.028343 0.039355
1 0.685714 0.835882 0.018286 0.023367
1 0.709029 0.829733 0.032000 0.061493
2 0.753600 0.844491 0.032457 0.040585
1 0.778286 0.816512 0.033371 0.054729
1 0.752000 0.794989 0.020114 0.031361
1 0.650971 0.758401 0.041143 0.054114
1 0.732343 0.802676 0.027429 0.044275
1 0.723200 0.755326 0.037486 0.062723
1 0.697371 0.738108 0.028800 0.050424
1 0.674743 0.735956 0.028343 0.027672
1 0.743314 0.729192 0.037486 0.022752
1 0.757714 0.700290 0.038857 0.039970
1 0.779657 0.679075 0.026971 0.036896
2 0.810286 0.656015 0.015086 0.017833
2 0.873600 0.643409 0.014629 0.023367
2 0.675429 0.586836 0.022400 0.019678
1 0.878629 0.604361 0.031086 0.033821
1 0.861714 0.592678 0.030171 0.051039
1 0.846171 0.628651 0.035657 0.043045
1 0.818743 0.610511 0.012800 0.054729
1 0.799314 0.653556 0.031543 0.055959
1 0.827657 0.666469 0.032457 0.053499
1 0.844571 0.661242 0.030629 0.041815
1 0.818514 0.754711 0.035200 0.023367
1 0.802286 0.730729 0.040229 0.036896
1 0.772343 0.745487 0.042514 0.044275
1 0.840914 0.711051 0.016914 0.031976
1 0.836571 0.708284 0.041143 0.047350
1 0.881600 0.716586 0.036114 0.039355
1 0.918400 0.712896 0.036571 0.046735
1 0.941714 0.745180 0.038400 0.060878
1 0.949486 0.772852 0.025600 0.046120
1 0.983657 0.763628 0.032686 0.036281
1 0.965714 0.753174 0.024229 0.037511
1 0.989371 0.708592 0.021257 0.035666
1 0.986857 0.667699 0.026286 0.052269
1 0.966400 0.593600 0.035657 0.035666
1 0.950171 0.566236 0.027886 0.042430
1 0.968914 0.558242 0.020571 0.039970
1 0.958857 0.545636 0.021486 0.047964
1 0.985143 0.523498 0.021943 0.047964
1 0.921371 0.501361 0.031543 0.045505
1 0.322286 0.556397 0.031086 0.048579
1 0.307657 0.549633 0.029257 0.071947
1 0.337143 0.528418 0.047086 0.036896
1 0.390400 0.544713 0.028343 0.028902
1 0.394514 0.492137 0.042971 0.043045
1 0.349029 0.500438 0.036114 0.059648
1 0.342629 0.456471 0.028800 0.038126
1 0.364571 0.422035 0.017829 0.024597
1 0.385829 0.393441 0.030171 0.051039
1 0.446857 0.312270 0.026057 0.021523
1 0.348800 0.304891 0.022857 0.016603
1 0.358171 0.381450 0.032457 0.072562
1 0.359314 0.327336 0.027429 0.036896
1 0.389943 0.318112 0.024686 0.034436
1 0.375314 0.295667 0.047543 0.047350
1 0.329829 0.280909 0.033371 0.043660
0 0.300343 0.267688 0.009143 0.009839
0 0.452800 0.265535 0.008686 0.011684
2 0.398171 0.405432 0.017371 0.022137
2 0.471314 0.390366 0.017371 0.028902
2 0.437714 0.395593 0.037029 0.019678
1 0.421943 0.368229 0.043886 0.055959
1 0.444114 0.341479 0.031543 0.059033
1 0.358171 0.242168 0.039771 0.037511
1 0.375086 0.276297 0.037943 0.055344
1 0.340800 0.187747 0.053486 0.049194
1 0.378971 0.198508 0.037486 0.049809
1 0.432229 0.144394 0.034286 0.042430
1 0.473143 0.126562 0.030171 0.047350
1 0.470171 0.172681 0.030629 0.051039
1 0.434514 0.252929 0.025143 0.040585
1 0.469029 0.259079 0.043886 0.062723
1 0.495543 0.277527 0.032914 0.067642
1 0.517257 0.282139 0.026971 0.052269
1 0.531429 0.240631 0.030629 0.052884
1 0.527771 0.164995 0.031543 0.030746
1 0.555657 0.182213 0.021486 0.047964
1 0.564571 0.199123 0.044800 0.052269
1 0.548571 0.304891 0.046629 0.039970
1 0.575771 0.320264 0.027886 0.047350
1 0.597714 0.286750 0.030629 0.043045
1 0.614629 0.309503 0.030629 0.051654
1 0.634286 0.287365 0.032457 0.028287
1 0.654629 0.349166 0.032000 0.041200
1 0.632686 0.335945 0.035657 0.044275
1 0.608686 0.420805 0.028800 0.040585
1 0.539200 0.486910 0.027886 0.036281
1 0.595657 0.467540 0.036571 0.022137
1 0.578743 0.447862 0.028343 0.043045
1 0.581714 0.414963 0.024229 0.032591
1 0.548114 0.420805 0.038400 0.051654
1 0.557943 0.455856 0.036114 0.045505
1 0.512000 0.471537 0.051200 0.054729
1 0.527314 0.508125 0.027886 0.049194
1 0.545371 0.527495 0.047543 0.043660
1 0.602971 0.548095 0.041143 0.038126
1 0.572114 0.547480 0.038857 0.052884
1 0.599771 0.509662 0.046629 0.033821
1 0.576686 0.646791 0.042514 0.058418
1 0.617829 0.663702 0.020571 0.039355
1 0.622400 0.628651 0.036114 0.055344
1 0.643429 0.689529 0.026057 0.029517
1 0.660343 0.699368 0.050743 0.063953
1 0.669257 0.668621 0.044800 0.046735
1 0.659200 0.629881 0.029257 0.023367
1 0.668800 0.604669 0.031086 0.036896
1 0.690971 0.599442 0.026971 0.043660
1 0.635429 0.572077 0.048457 0.036896
1 0.652571 0.504128 0.032457 0.037511
1 0.700343 0.539179 0.032914 0.052269
1 0.725257 0.504743 0.028800 0.052269
1 0.727543 0.633263 0.026971 0.031361
1 0.737600 0.628343 0.021486 0.012914
1 0.747200 0.612355 0.042514 0.039970
1 0.744686 0.595752 0.038400 0.037511
1 0.746286 0.570233 0.023314 0.029517
1 0.713143 0.570233 0.024686 0.049194
1 0.674514 0.555474 0.041600 0.055344
1 0.792229 0.581916 0.033829 0.054114
1 0.759771 0.450629 0.015543 0.053499
1 0.783314 0.451244 0.038857 0.067027
1 0.803429 0.511507 0.052571 0.041200
1 0.848457 0.548095 0.037486 0.050424
1 0.818743 0.554245 0.031086 0.030746
1 0.834743 0.489984 0.028343 0.038741
1 0.766400 0.351318 0.056229 0.071332
1 0.746286 0.308273 0.041600 0.052884
1 0.717943 0.270762 0.045257 0.052884
1 0.745600 0.248010 0.039314 0.047964
1 0.766857 0.184057 0.018743 0.020908
1 0.623543 0.189284 0.024686 0.041200
1 0.637486 0.157615 0.037943 0.040585
1 0.636114 0.037704 0.039771 0.050424
1 0.753600 0.060764 0.041600 0.042430
1 0.768000 0.018949 0.032914 0.035051
1 0.791543 0.037397 0.023314 0.043660
1 0.819429 0.126869 0.033371 0.052884
1 0.731200 0.160998 0.023314 0.046120
1 0.745829 0.172374 0.020571 0.038126
1 0.831086 0.268610 0.038400 0.053499
2 0.840457 0.236941 0.015086 0.020908
1 0.883200 0.128406 0.018286 0.026442
1 0.858514 0.110266 0.036571 0.045505
1 0.875200 0.011780 0.033371 0.023560
1 0.908800 0.104424 0.037486 0.059648
1 0.953143 0.016392 0.038400 0.032784
1 0.953829 0.059534 0.029714 0.052269
1 0.972114 0.074908 0.032457 0.059648
1 0.986857 0.122564 0.026286 0.061493
1 0.942400 0.162842 0.030629 0.055959
1 0.964343 0.172374 0.025143 0.044275
1 0.936000 0.201890 0.046171 0.033206
1 0.903086 0.221876 0.038857 0.055959
1 0.941943 0.224335 0.040686 0.026442
1 0.976229 0.253544 0.030629 0.041815
1 0.933943 0.261231 0.045714 0.043660
1 0.971657 0.327951 0.019657 0.036896
1 0.870857 0.258771 0.025600 0.030132
1 0.885943 0.279064 0.032914 0.047350
1 0.883200 0.299357 0.043886 0.046120
1 0.892571 0.331948 0.037029 0.030132
1 0.959314 0.429721 0.025143 0.038741
1 0.934171 0.440175 0.039771 0.053499
1 0.898514 0.415886 0.025143 0.056573
1 0.862400 0.407584 0.037943 0.032591
1 0.856914 0.463235 0.058971 0.029517
1 0.848686 0.436793 0.044343 0.034436
1 0.858514 0.417115 0.056686 0.038126
1 0.818743 0.378067 0.024686 0.038741
1 0.828343 0.371303 0.030171 0.053499
1 0.857600 0.377453 0.051200 0.036281
1 0.864457 0.346706 0.039314 0.027672
1 0.845257 0.332255 0.032914 0.056573
1 0.443529 0.477493 0.041882 0.031651
1 0.835529 0.798115 0.042824 0.046210
1 0.850588 0.801596 0.040941 0.025321
1 0.870588 0.753487 0.025412 0.030385
1 0.890824 0.783872 0.025412 0.041779
1 0.838353 0.878824 0.039059 0.056971
1 0.935529 0.899714 0.032941 0.035449
1 0.861176 0.980242 0.048000 0.039516
1 0.882118 0.949405 0.038118 0.033550
1 0.889176 0.918071 0.038118 0.046843
1 0.936235 0.982457 0.049412 0.035086
1 0.983765 0.976127 0.032470 0.047746
1 0.988235 0.891168 0.023529 0.071531
1 0.868941 0.825018 0.028706 0.034183
1 0.862118 0.847490 0.034824 0.036082
1 0.864235 0.880407 0.028706 0.032284
1 0.342118 0.859517 0.042353 0.048742
1 0.218353 0.863315 0.025412 0.058870
0 0.092000 0.066666 0.006118 0.008862
0 0.266353 0.083441 0.007529 0.009495
0 0.271529 0.078060 0.008471 0.011394
0 0.089412 0.078693 0.007529 0.012660
0 0.072941 0.514208 0.008471 0.010128
0 0.068000 0.427484 0.008000 0.013926
0 0.394118 0.131233 0.008000 0.010128
0 0.760000 0.087555 0.005647 0.011394
0 0.751529 0.085340 0.008471 0.010761
0 0.872941 0.045143 0.007529 0.010128
0 0.905412 0.367348 0.009412 0.015192
1 0.912235 0.344560 0.022118 0.051907
0 0.906353 0.896865 0.009412 0.015825
0 0.842824 0.914273 0.010353 0.011394
0 0.483059 0.884205 0.008941 0.012027
0 0.407059 0.887370 0.008471 0.013293
1 0.418824 0.892117 0.032000 0.041779
0 0.385882 0.948772 0.010353 0.013293
0 0.299059 0.884838 0.008000 0.014559
0 0.344471 0.821220 0.010353 0.015192
0 0.315294 0.688287 0.008471 0.012660
0 0.549882 0.691452 0.008000 0.010128
0 0.710353 0.154338 0.008941 0.013293
0 0.863765 0.767097 0.008000 0.013293
1 0.946824 0.963332 0.021647 0.024688
1 0.013647 0.033116 0.026353 0.032917