0 0.116893 0.113823 0.009862 0.013216
0 0.171404 0.093637 0.009822 0.013272
0 0.167733 0.106024 0.012482 0.015683
0 0.223514 0.090864 0.011702 0.016728
0 0.556249 0.086682 0.010922 0.016728
0 0.699797 0.091387 0.014043 0.017774
0 0.754798 0.097660 0.010142 0.013592
0 0.821111 0.100274 0.013263 0.014637
0 0.800437 0.138435 0.012482 0.013592
0 0.902637 0.952365 0.014043 0.018819
0 0.881963 0.906363 0.011702 0.014637
0 0.812529 0.915772 0.013263 0.018819
0 0.791855 0.873952 0.009362 0.014637
0 0.848806 0.816449 0.010922 0.016728
0 0.899126 0.769923 0.013263 0.013592
0 0.881773 0.674739 0.009282 0.013994
0 0.973721 0.625372 0.011022 0.014771
0 0.875392 0.647141 0.009282 0.011661
0 0.872201 0.622651 0.011022 0.015549
0 0.855088 0.603993 0.009282 0.010884
0 0.822021 0.603216 0.011602 0.015549
0 0.782863 0.586112 0.012182 0.015549
0 0.752407 0.669297 0.016243 0.021768
0 0.745156 0.643253 0.011022 0.014771
0 0.830723 0.539466 0.010442 0.012439
0 0.956607 0.575617 0.010442 0.014771
0 0.965309 0.548795 0.012763 0.017103
0 0.982713 0.531692 0.008122 0.010884
0 0.905848 0.504871 0.012182 0.016326
0 0.875392 0.458613 0.009282 0.012439
0 0.957478 0.458225 0.012182 0.014771
0 0.853637 0.368431 0.008702 0.012439
0 0.857698 0.301572 0.013343 0.015549
2 0.845516 0.601661 0.023785 0.041981
1 0.752698 0.913411 0.041188 0.046646
0 0.754438 0.893586 0.008702 0.013216
1 0.507019 0.914577 0.034807 0.047423
0 0.574893 0.867154 0.010442 0.013216
0 0.574603 0.737711 0.009862 0.015549
0 0.608249 0.757536 0.013343 0.016326
0 0.646827 0.661134 0.009282 0.014771
0 0.665680 0.621097 0.009862 0.012439
0 0.658719 0.673573 0.008702 0.010107
0 0.489906 0.692620 0.009862 0.012439
0 0.670611 0.977549 0.008122 0.010107
0 0.634934 0.993875 0.013343 0.008552
0 0.519492 0.987655 0.008702 0.011661
0 0.439726 0.979492 0.011602 0.012439
0 0.335886 0.970941 0.009282 0.012439
0 0.239297 0.989210 0.012182 0.014771
0 0.214352 0.914966 0.009862 0.015549
0 0.225664 0.925850 0.009282 0.013994
0 0.268593 0.865210 0.010442 0.013994
0 0.267722 0.837611 0.011022 0.011661
0 0.265112 0.817009 0.012763 0.013994
0 0.259891 0.797962 0.010442 0.013216
0 0.252059 0.784746 0.011022 0.013216
0 0.236686 0.744319 0.006961 0.010107
0 0.240167 0.708169 0.009282 0.013994
0 0.226824 0.678626 0.006961 0.010884
0 0.237847 0.669686 0.010442 0.014771
0 0.268883 0.647141 0.012182 0.013216
0 0.320513 0.712833 0.009862 0.012439
0 0.290927 0.746263 0.008702 0.010884
0 0.298468 0.757924 0.012182 0.015549
0 0.328634 0.768420 0.009862 0.013216
0 0.305140 0.806903 0.011602 0.017103
0 0.086147 0.209835 0.009862 0.012439
0 0.159241 0.185346 0.011022 0.013216
0 0.137777 0.259980 0.008702 0.013216
0 0.028136 0.224607 0.012182 0.013994
0 0.004351 0.276695 0.008702 0.018658
0 0.522392 0.629648 0.008702 0.012439
0 0.519202 0.586890 0.010442 0.013994
0 0.550238 0.570564 0.008702 0.013994
0 0.408690 0.512645 0.011022 0.014771
0 0.417392 0.497874 0.009862 0.013216
0 0.402889 0.459780 0.009862 0.013216
0 0.491066 0.217998 0.008702 0.010107
0 0.451038 0.190400 0.011022 0.013994
0 0.548207 0.270864 0.012763 0.017881
0 0.609119 0.268531 0.009282 0.011661
0 0.656399 0.311290 0.009862 0.011661
0 0.715280 0.308569 0.010442 0.013994
0 0.709189 0.211002 0.011022 0.014771
0 0.563290 0.362989 0.011602 0.013994
0 0.527323 0.357547 0.009282 0.012439
0 0.527323 0.386312 0.011602 0.015549
0 0.500928 0.452783 0.009862 0.011661
0 0.571992 0.603216 0.010442 0.012439
0 0.566481 0.565899 0.009862 0.012439
0 0.585625 0.654915 0.009862 0.014771
0 0.482074 0.762978 0.008122 0.011661
0 0.452199 0.605548 0.007541 0.010884
0 0.396508 0.674739 0.008702 0.012439
0 0.367212 0.671630 0.009282 0.013994
0 0.379684 0.737323 0.006381 0.011661
0 0.354159 0.743153 0.012182 0.013994
1 0.326894 0.656470 0.029586 0.038094
1 0.342847 0.681347 0.019724 0.034984
1 0.294118 0.685623 0.046409 0.040426
1 0.255250 0.710890 0.031326 0.050533
0 0.301369 0.672407 0.007541 0.012439
0 0.311811 0.672796 0.008702 0.014771
0 0.287156 0.547629 0.010442 0.013216
0 0.338786 0.383591 0.009282 0.013216
0 0.438856 0.214500 0.008702 0.010884
1 0.389256 0.071841 0.045249 0.095624
1 0.301369 0.148418 0.029586 0.062195
1 0.344297 0.184569 0.020304 0.050533
0 0.350679 0.181070 0.005221 0.007774
0 0.341687 0.202061 0.009282 0.012439
0 0.229725 0.323340 0.009282 0.012439
0 0.234656 0.482325 0.007541 0.013216
0 0.261631 0.522752 0.006961 0.011661
0 0.270333 0.514588 0.011602 0.018658
0 0.285126 0.519253 0.009862 0.010884
0 0.285706 0.528194 0.008702 0.010107
0 0.211161 0.551516 0.009282 0.016326
1 0.178965 0.519642 0.050470 0.058307
0 0.189697 0.348996 0.009282 0.010884
0 0.187087 0.402638 0.009862 0.010884
0 0.079476 0.397585 0.010442 0.013216
0 0.114282 0.380093 0.009282 0.009329
1 0.107321 0.397974 0.051050 0.029542
0 0.151700 0.509535 0.008702 0.013216
0 0.160982 0.410024 0.008702 0.011661
1 0.170553 0.410801 0.037127 0.033430
2 0.120084 0.528582 0.030166 0.051310
0 0.169393 0.571341 0.015083 0.018658
0 0.186507 0.569397 0.013343 0.019436
0 0.087597 0.642865 0.010442 0.013994
0 0.054531 0.729160 0.009282 0.012439
0 0.070774 0.739655 0.010442 0.014771
0 0.076575 0.900194 0.011602 0.013994
0 0.179545 0.727993 0.008702 0.010107
0 0.183026 0.734213 0.007541 0.011661
0 0.189987 0.744708 0.007541 0.012439
0 0.203620 0.704670 0.008122 0.011661
0 0.203330 0.692620 0.007541 0.009329
1 0.204200 0.747040 0.025525 0.035762
0 0.061492 0.536357 0.011602 0.015549
0 0.068453 0.572896 0.006961 0.013994
0 0.090208 0.538300 0.007541 0.014771
0 0.036257 0.278638 0.011022 0.013216
0 0.219283 0.280582 0.009282 0.012439
0 0.204490 0.160080 0.013343 0.012439
1 0.060332 0.109547 0.039448 0.062195
1 0.008412 0.188845 0.016823 0.049756
1 0.845806 0.269698 0.035967 0.046646
1 0.556039 0.652971 0.037707 0.043536
1 0.444947 0.663855 0.022044 0.038872
1 0.363441 0.929348 0.024945 0.031875
1 0.610570 0.435290 0.036547 0.059085
1 0.698167 0.746652 0.030746 0.028765
1 0.710929 0.759091 0.028426 0.030320
1 0.699617 0.776972 0.018564 0.027210
0 0.705708 0.789022 0.011022 0.009329
1 0.674962 0.846552 0.035387 0.043536
1 0.675542 0.889699 0.030746 0.045868
1 0.657269 0.868320 0.027845 0.031097
0 0.660459 0.900972 0.011022 0.009329
0 0.973141 0.666576 0.009862 0.013216
1 0.337626 0.492043 0.042928 0.040426
1 0.357350 0.506425 0.052210 0.038094
1 0.365762 0.463278 0.041188 0.040426
1 0.152860 0.475328 0.022624 0.028765
1 0.010442 0.021308 0.020884 0.038094
2 0.479556 0.591866 0.016632 0.021825