2 0.075463 0.153920 0.045824 0.043290
0 0.338523 0.024510 0.009434 0.010398
0 0.311884 0.014112 0.008325 0.010398
0 0.308554 0.004085 0.010544 0.008170
0 0.284413 0.004828 0.007770 0.009655
0 0.258330 0.027852 0.012209 0.014112
0 0.298842 0.024510 0.009989 0.010398
0 0.324093 0.055333 0.012764 0.015597
0 0.375150 0.082442 0.010544 0.013369
0 0.435364 0.077243 0.012209 0.017825
0 0.309942 0.110665 0.014429 0.014854
0 0.339633 0.158942 0.011654 0.011884
0 0.342685 0.140003 0.008879 0.015597
0 0.351009 0.120692 0.009989 0.011141
0 0.350364 0.096925 0.017579 0.017083
0 0.401511 0.141860 0.008879 0.007427
0 0.446464 0.087641 0.011099 0.017825
0 0.190994 0.009284 0.013319 0.012626
0 0.014052 0.027109 0.012764 0.015597
0 0.102014 0.826154 0.012209 0.013369
0 0.049570 0.781590 0.008325 0.016340
0 0.026816 0.823554 0.011654 0.014112
0 0.034585 0.843979 0.009434 0.013369
0 0.052344 0.848064 0.012764 0.011141
0 0.074266 0.769336 0.008879 0.015597
0 0.121993 0.801273 0.012209 0.014112
0 0.142249 0.810185 0.010544 0.011141
0 0.025706 0.710661 0.014984 0.015597
0 0.061224 0.736284 0.010544 0.011884
0 0.058172 0.755967 0.013319 0.014112
0 0.025428 0.787161 0.016649 0.017083
0 0.154736 0.884086 0.011099 0.013369
0 0.162783 0.892627 0.010544 0.015597
0 0.206348 0.871088 0.012209 0.017083
0 0.214117 0.880372 0.009989 0.014854
0 0.066219 0.897455 0.009434 0.014854
0 0.084255 0.979154 0.012209 0.016340
0 0.118108 0.995148 0.008879 0.009704
0 0.184704 0.973213 0.012209 0.014854
0 0.214672 0.926421 0.009989 0.014854
0 0.484849 0.850292 0.012764 0.014112
2 0.331678 0.017083 0.042732 0.034165
2 0.010772 0.969870 0.021544 0.033422
2 0.364236 0.852149 0.028303 0.029709
0 0.588235 0.878658 0.008709 0.011655
0 0.605895 0.895170 0.006290 0.008418
0 0.602508 0.905206 0.007257 0.012950
2 0.593073 0.902940 0.024191 0.034318
2 0.605895 0.737503 0.029513 0.029785
2 0.623312 0.725524 0.027578 0.026548
2 0.640246 0.748834 0.025642 0.034318
2 0.666614 0.766965 0.029997 0.020073
2 0.668307 0.746892 0.019837 0.027843
2 0.686934 0.752396 0.028061 0.036260
1 0.696368 0.749482 0.013063 0.018778
0 0.689595 0.733294 0.012095 0.013598
0 0.655728 0.782181 0.007257 0.010360
0 0.629360 0.692178 0.009676 0.014245
0 0.674113 0.718402 0.009193 0.013598
0 0.670000 0.893227 0.011612 0.011008
0 0.712576 0.925278 0.009676 0.014245
0 0.710641 0.943085 0.007741 0.012303
0 0.656937 0.258677 0.008709 0.018778
0 0.478086 0.134033 0.011612 0.011655
0 0.586945 0.174178 0.004838 0.009065
0 0.565899 0.156048 0.009193 0.011655
0 0.594686 0.171911 0.008709 0.013598
0 0.606298 0.144393 0.011612 0.014245
0 0.591057 0.194898 0.008225 0.014245
0 0.508325 0.109428 0.011128 0.011655
0 0.531548 0.140831 0.010160 0.013598
0 0.578720 0.117198 0.009676 0.012950
0 0.625167 0.143745 0.007741 0.010360
0 0.524049 0.073491 0.011612 0.011008
2 0.493568 0.127234 0.040641 0.030433
0 0.555497 0.191984 0.009676 0.008418
0 0.449863 0.220042 0.010644 0.014893
0 0.406804 0.278317 0.011612 0.009713
0 0.462926 0.386126 0.008709 0.009065
2 0.404868 0.307779 0.032900 0.045325
2 0.733300 0.629694 0.032416 0.060218
0 0.744670 0.639731 0.004838 0.007770
0 0.874010 0.549404 0.008709 0.009713
0 0.934971 0.525123 0.010644 0.011655
0 0.873768 0.523828 0.010160 0.007770
0 0.900378 0.524152 0.007257 0.011008
0 0.909329 0.523504 0.009676 0.013598
2 0.946422 0.493935 0.029029 0.052448
0 0.947389 0.462531 0.009676 0.014245
0 0.877236 0.476129 0.010644 0.010360
2 0.895863 0.536023 0.044027 0.045973
0 0.991255 0.649659 0.006773 0.012950
0 0.938681 0.660882 0.007741 0.010360
0 0.905781 0.681279 0.008709 0.012303
0 0.884493 0.914811 0.013547 0.016188
0 0.910377 0.848118 0.010160 0.013598
0 0.899491 0.803764 0.012579 0.016835
0 0.880380 0.816067 0.010160 0.011655
0 0.902636 0.748942 0.009193 0.015540
0 0.831999 0.799232 0.011128 0.011655
0 0.825467 0.806354 0.007741 0.012950
0 0.727091 0.825995 0.011612 0.014245
0 0.706287 0.801066 0.010644 0.014893
0 0.401401 0.871320 0.011128 0.014245
0 0.426559 0.854161 0.008225 0.013598
0 0.435268 0.860960 0.010160 0.014245
0 0.386886 0.914379 0.009193 0.011008
0 0.391966 0.926358 0.008709 0.012950
0 0.401401 0.951610 0.009193 0.012950
0 0.373786 0.923309 0.008150 0.009443
0 0.367776 0.936394 0.007741 0.008418
0 0.329070 0.970064 0.011612 0.016188
0 0.346971 0.983661 0.010644 0.011008
0 0.348423 0.954848 0.009676 0.012950
1 0.019991 0.919235 0.036286 0.060865
1 0.056761 0.929595 0.025642 0.051800
1 0.033780 0.980424 0.029997 0.035613
1 0.111191 0.957114 0.025159 0.055038
1 0.133205 0.929919 0.029513 0.039498
1 0.114819 0.856751 0.037254 0.042088
1 0.191505 0.945135 0.024191 0.045325
1 0.254804 0.888263 0.041125 0.038203
1 0.186828 0.829988 0.056123 0.044678
1 0.159976 0.759734 0.027578 0.029785
1 0.194569 0.755525 0.021288 0.036908
1 0.221421 0.770418 0.011128 0.034318
1 0.266416 0.803764 0.019837 0.036260
1 0.223356 0.643832 0.040157 0.053095
1 0.187312 0.643832 0.024191 0.042735
1 0.148848 0.659048 0.031448 0.051153
1 0.208841 0.712682 0.025642 0.031080
1 0.118851 0.714949 0.017901 0.038203
1 0.094419 0.739877 0.022256 0.020720
1 0.062970 0.635414 0.042576 0.036260
1 0.110143 0.638651 0.017901 0.022015
1 0.128528 0.645774 0.021772 0.025900
1 0.142316 0.605953 0.020320 0.038203
1 0.102885 0.685595 0.021772 0.021368
1 0.076275 0.675559 0.018869 0.018130
1 0.094902 0.658400 0.016450 0.014893
1 0.024104 0.360226 0.028061 0.024605
1 0.059422 0.305512 0.034835 0.044678
1 0.068131 0.356989 0.025159 0.023310
1 0.103934 0.128529 0.027094 0.039498
1 0.042247 0.124644 0.020804 0.033023
0 0.055552 0.143421 0.006773 0.013598
1 0.589364 0.030433 0.038705 0.050505
1 0.630731 0.026871 0.014998 0.043383
1 0.559851 0.334434 0.022256 0.039498
1 0.588880 0.375550 0.018385 0.018130
0 0.608717 0.395947 0.005806 0.007123
1 0.608475 0.380730 0.022739 0.046620
1 0.396238 0.543201 0.025361 0.074128
1 0.459620 0.675559 0.054671 0.051800
1 0.585655 0.576815 0.024191 0.034318
1 0.609362 0.609190 0.026126 0.036908
1 0.677580 0.585233 0.028061 0.030433
1 0.674193 0.643184 0.029029 0.033670
1 0.774586 0.755633 0.050801 0.055685
0 0.775795 0.732647 0.007741 0.009713
1 0.829015 0.900566 0.035803 0.053743
1 0.828289 0.851679 0.020804 0.028490
1 0.959565 0.819952 0.035319 0.034965
0 0.971903 0.805059 0.009676 0.015540
1 0.980611 0.803440 0.027094 0.047268
1 0.594283 0.841643 0.056607 0.067988
1 0.571302 0.788548 0.044511 0.039498
1 0.614361 0.769447 0.047414 0.037555
1 0.528484 0.859773 0.030481 0.049858
1 0.562351 0.892472 0.043060 0.073815
1 0.568157 0.987352 0.021772 0.025296
1 0.552433 0.942977 0.018385 0.032375
0 0.582913 0.987331 0.005806 0.012303
0 0.070066 0.555016 0.009676 0.012303
0 0.060390 0.582535 0.005806 0.009065
0 0.065470 0.609082 0.008225 0.010360
0 0.080710 0.510662 0.011612 0.010360
0 0.069099 0.535267 0.012579 0.010360
0 0.186666 0.578002 0.008709 0.012950
0 0.146268 0.469222 0.011128 0.015540
0 0.233113 0.400587 0.010644 0.012950
0 0.165862 0.526850 0.005806 0.006475
0 0.164653 0.533648 0.011128 0.008418
0 0.051197 0.049858 0.012579 0.014245
0 0.056761 0.098744 0.010160 0.009713
0 0.078291 0.086118 0.008709 0.011655
0 0.088210 0.103600 0.006290 0.007770
0 0.017814 0.117845 0.011612 0.015540
1 0.193924 0.075434 0.026126 0.029138
0 0.179651 0.253389 0.007257 0.007770
0 0.185941 0.191229 0.007257 0.012950
0 0.101515 0.202884 0.012579 0.015540
0 0.276576 0.824484 0.007257 0.010360
0 0.773537 0.478611 0.007741 0.009713
0 0.778376 0.486057 0.007741 0.012950
0 0.778376 0.509691 0.007741 0.009713
0 0.785633 0.517461 0.006773 0.009713
0 0.783698 0.525555 0.008709 0.009065
0 0.782246 0.541095 0.007741 0.009065
0 0.808130 0.433286 0.008225 0.009713
0 0.839579 0.415803 0.006290 0.009713
0 0.818291 0.401235 0.009193 0.010360
0 0.719350 0.374363 0.016450 0.012303
0 0.792164 0.472136 0.008225 0.011008
0 0.785633 0.437171 0.012579 0.012303
0 0.721769 0.488647 0.012579 0.010360
0 0.691046 0.428106 0.010160 0.012303
0 0.804260 0.546922 0.009193 0.010360
0 0.819016 0.698222 0.007741 0.011655
0 0.811275 0.711495 0.009676 0.009713
0 0.915538 0.153673 0.009193 0.010360
0 0.822403 0.188962 0.012579 0.012303
0 0.801357 0.230402 0.010160 0.014893
0 0.785875 0.235259 0.012095 0.015540
0 0.955211 0.366270 0.009193 0.009065
0 0.963194 0.373392 0.008709 0.010360
0 0.957872 0.382457 0.006773 0.007770
0 0.921102 0.360118 0.008709 0.009713
0 0.921102 0.680092 0.008709 0.009065
0 0.991739 0.065074 0.010644 0.017483
0 0.949163 0.042735 0.009676 0.012950
0 0.803050 0.091298 0.009676 0.009065
0 0.768215 0.044678 0.010644 0.014245
0 0.815630 0.106838 0.008709 0.011655
0 0.867398 0.148278 0.012579 0.014245
0 0.830386 0.065398 0.010160 0.012950
0 0.903442 0.187128 0.009193 0.011655
0 0.858689 0.189934 0.009676 0.012950
0 0.837401 0.245942 0.010644 0.012303
0 0.828451 0.259216 0.009193 0.012950
0 0.746927 0.139860 0.010644 0.011655
0 0.761442 0.146011 0.006773 0.013598
0 0.794825 0.147306 0.009676 0.014893
0 0.787326 0.201049 0.008225 0.012303
0 0.679435 0.078671 0.010160 0.013598
0 0.647503 0.047268 0.007257 0.011655
0 0.679919 0.006799 0.006290 0.013598
0 0.704351 0.007770 0.010644 0.015540
2 0.574446 0.173746 0.015966 0.047915
0 0.221650 0.473281 0.012173 0.016292
0 0.242650 0.509123 0.007913 0.016292
0 0.250258 0.578364 0.013391 0.016292
0 0.262736 0.455360 0.012782 0.014663
0 0.291648 0.701776 0.013391 0.018736
0 0.372399 0.675166 0.010956 0.012219
0 0.267402 0.484686 0.014000 0.016292
0 0.393094 0.458618 0.010956 0.011404
0 0.465526 0.597100 0.007304 0.011404
0 0.492916 0.611355 0.008521 0.013848
0 0.472526 0.631313 0.010347 0.011404
0 0.414397 0.614207 0.009739 0.013034
0 0.447570 0.496905 0.011565 0.016292
0 0.404354 0.510345 0.010347 0.017107
0 0.404658 0.456175 0.007304 0.013034
0 0.359921 0.433366 0.007913 0.013034
0 0.343791 0.431737 0.009739 0.009775
0 0.377268 0.357473 0.010956 0.013848
0 0.361747 0.295970 0.010347 0.016292
0 0.369355 0.212203 0.008521 0.015477
0 0.578131 0.397931 0.013391 0.013848
0 0.844628 0.611355 0.010347 0.013848
0 0.622259 0.090285 0.010347 0.017107
0 0.329123 0.294724 0.009931 0.012626
0 0.405592 0.234250 0.008938 0.008639
0 0.514253 0.264155 0.010428 0.012626
0 0.567632 0.291069 0.008938 0.013291
0 0.573591 0.448565 0.010924 0.014620
0 0.581784 0.300704 0.010428 0.015284
0 0.552984 0.407695 0.011421 0.013955
0 0.508046 0.615143 0.008938 0.013291
0 0.521702 0.576599 0.008441 0.009304
0 0.533619 0.565302 0.006455 0.010633
0 0.542308 0.557660 0.006952 0.012626
0 0.529150 0.573277 0.007448 0.009304
0 0.553977 0.671961 0.010428 0.015284
0 0.568874 0.726453 0.007448 0.011297
0 0.355109 0.612263 0.008938 0.013291
0 0.274751 0.711279 0.012414 0.014620
0 0.295606 0.733874 0.006455 0.011962
0 0.287909 0.735203 0.008938 0.011962
0 0.293123 0.790692 0.010428 0.013955
0 0.386723 0.752481 0.011917 0.015949
1 0.341785 0.757797 0.027310 0.049176
1 0.360157 0.840533 0.054124 0.095029
1 0.374806 0.774743 0.022841 0.031233
1 0.401868 0.788034 0.021352 0.033892
1 0.433895 0.769094 0.024827 0.042531
1 0.462860 0.787702 0.013903 0.035885
1 0.452433 0.893696 0.026814 0.045853
1 0.483219 0.825913 0.022841 0.020601
1 0.377950 0.979421 0.031779 0.032562
1 0.343192 0.920610 0.018869 0.031898
1 0.275661 0.764332 0.024827 0.023259
1 0.099965 0.349659 0.020359 0.047182
1 0.135965 0.333710 0.024827 0.033892
1 0.277978 0.385655 0.028800 0.049176
1 0.034917 0.874424 0.012414 0.024588
1 0.061979 0.869440 0.021848 0.025253
1 0.307080 0.550664 0.020399 0.044363
1 0.317024 0.605606 0.027028 0.023205
0 0.988740 0.419283 0.012239 0.015015
0 0.865582 0.648262 0.010709 0.014333
0 0.105387 0.553053 0.009689 0.012285
0 0.204406 0.166530 0.010199 0.015015
0 0.262543 0.172673 0.010199 0.017745
0 0.856658 0.370484 0.009179 0.012968
0 0.798266 0.400514 0.009689 0.010238
0 0.817645 0.443853 0.007650 0.015015
0 0.697037 0.626194 0.007140 0.011603
0 0.700607 0.602648 0.007140 0.009555
0 0.694742 0.612203 0.012749 0.009555
0 0.227100 0.963691 0.010709 0.010920
0 0.179928 0.991673 0.013259 0.009555
0 0.046315 0.462963 0.010199 0.013650
1 0.191531 0.124553 0.030662 0.029198
1 0.386706 0.184922 0.040096 0.029987
1 0.852040 0.279225 0.018279 0.037090
1 0.702269 0.237795 0.011203 0.012626
0 0.136104 0.101799 0.009434 0.012626
0 0.228679 0.355508 0.012972 0.013415
0 0.229269 0.376420 0.009434 0.011048
0 0.074190 0.443892 0.010614 0.014994
0 0.300617 0.457702 0.012972 0.018939
1 0.257277 0.653672 0.018279 0.026831
1 0.016109 0.614610 0.018279 0.027620
1 0.009971 0.671428 0.019942 0.044981
1 0.016699 0.465856 0.022996 0.022096
0 0.284106 0.851878 0.008255 0.011837
0 0.314474 0.865294 0.011203 0.014994
0 0.389949 0.944997 0.008845 0.010259
0 0.420021 0.746528 0.017100 0.015783
0 0.232512 0.721670 0.013562 0.014994
0 0.262879 0.864110 0.014152 0.014205
0 0.168829 0.675768 0.008845 0.014205
0 0.100430 0.622501 0.012383 0.010259
0 0.297668 0.613031 0.016510 0.018150
0 0.376878 0.535696 0.011793 0.013415
0 0.417270 0.429556 0.011203 0.017361
0 0.528714 0.356955 0.010024 0.018939
0 0.705610 0.255945 0.008845 0.007891
0 0.880538 0.754244 0.014938 0.024200
0 0.914737 0.947320 0.015724 0.018939
0 0.847910 0.984673 0.020441 0.022096
0 0.514036 0.777392 0.018869 0.015783
0 0.672063 0.677960 0.012579 0.014731
0 0.489394 0.462963 0.007650 0.009555
0 0.452931 0.514151 0.010199 0.010920
0 0.342523 0.272545 0.010709 0.016380
0 0.247669 0.247293 0.012749 0.017745
0 0.052690 0.075758 0.010709 0.012285
0 0.034331 0.008531 0.013769 0.014333
0 0.636536 0.830959 0.010160 0.014245
0 0.502599 0.925171 0.013547 0.016188
0 0.471554 0.516274 0.011128 0.011655
0 0.561303 0.468898 0.008709 0.013598
0 0.555013 0.435228 0.008709 0.011008
0 0.204003 0.282094 0.007257 0.007770
0 0.161992 0.378356 0.005806 0.010360
0 0.013702 0.335190 0.007257 0.011655
0 0.704029 0.854269 0.008709 0.012950
0 0.714915 0.838082 0.009193 0.014245
0 0.991981 0.690775 0.006290 0.012303
0 0.935536 0.269900 0.008225 0.012303
0 0.944486 0.276699 0.008709 0.012950
0 0.722737 0.331952 0.006773 0.010360
0 0.728704 0.012950 0.008709 0.015540
0 0.593315 0.115255 0.008225 0.009065
0 0.676935 0.266447 0.007741 0.011008