1 0.029935 0.271659 0.033032 0.041388
1 0.017032 0.310633 0.034064 0.048976
1 0.033290 0.429625 0.033548 0.040009
1 0.016000 0.478256 0.028903 0.047597
1 0.075871 0.427900 0.028903 0.046217
1 0.118710 0.407206 0.024774 0.054495
1 0.198452 0.392720 0.048000 0.042078
1 0.186323 0.467909 0.032000 0.040699
1 0.232000 0.426866 0.026323 0.040009
1 0.204903 0.341675 0.038194 0.051735
1 0.224516 0.307529 0.012387 0.045527
1 0.250581 0.310633 0.043871 0.040699
1 0.128000 0.536545 0.038194 0.042768
1 0.073806 0.512747 0.022710 0.039319
1 0.047484 0.524818 0.017548 0.026213
1 0.058581 0.494812 0.023226 0.026902
1 0.043355 0.480671 0.026839 0.049666
1 0.020387 0.559308 0.032516 0.037250
2 0.075871 0.684163 0.032000 0.041388
2 0.019355 0.731760 0.036645 0.049666
2 0.018323 0.780046 0.036645 0.040009
2 0.117935 0.601387 0.037677 0.051046
2 0.025548 0.675196 0.041806 0.044148
2 0.169032 0.643810 0.017032 0.031041
2 0.272516 0.606560 0.039226 0.037939
2 0.235871 0.888001 0.047484 0.053115
2 0.433806 0.975262 0.035613 0.035870
2 0.583742 0.923871 0.038194 0.043458
2 0.565419 0.895589 0.016000 0.033800
1 0.091871 0.728311 0.018581 0.044148
1 0.140129 0.734519 0.045935 0.040009
1 0.165677 0.716584 0.023742 0.030351
1 0.174194 0.718999 0.032516 0.043458
1 0.151484 0.672782 0.028387 0.031041
1 0.209548 0.643810 0.046452 0.046217
1 0.241548 0.727276 0.023742 0.028282
1 0.265290 0.718654 0.021677 0.035870
1 0.163097 0.804190 0.037161 0.044148
1 0.187613 0.822814 0.028387 0.034490
1 0.145032 0.836955 0.033032 0.035180
1 0.100387 0.816261 0.025290 0.039319
1 0.066323 0.799016 0.014968 0.046217
1 0.019355 0.816606 0.038710 0.035870
1 0.018839 0.885587 0.036645 0.062083
1 0.077419 0.857650 0.033032 0.048976
1 0.066581 0.898348 0.020645 0.037939
1 0.020903 0.966639 0.039742 0.062772
1 0.070710 0.975559 0.028903 0.048882
1 0.131613 0.971123 0.025806 0.048286
1 0.185548 0.931804 0.027355 0.045527
1 0.173419 0.965259 0.036129 0.050356
1 0.111226 0.897313 0.026323 0.033111
1 0.125677 0.912489 0.033548 0.035870
1 0.151226 0.922836 0.044387 0.049666
1 0.155097 0.875929 0.045935 0.048286
1 0.187097 0.866272 0.034581 0.053805
1 0.202581 0.843509 0.035613 0.038629
1 0.257290 0.938012 0.037677 0.042768
1 0.244129 0.983147 0.023742 0.033706
1 0.328258 0.977331 0.021677 0.040009
1 0.312000 0.955947 0.042839 0.041388
1 0.334968 0.902487 0.032000 0.054495
1 0.359226 0.872136 0.030968 0.054495
1 0.273548 0.810398 0.036129 0.046907
1 0.308645 0.793498 0.026839 0.064152
1 0.325419 0.745901 0.027355 0.046217
1 0.366968 0.737968 0.032000 0.064842
1 0.370323 0.751075 0.040774 0.033111
1 0.288258 0.876274 0.012903 0.025523
1 0.274065 0.867997 0.018581 0.022764
1 0.275097 0.893864 0.013419 0.020694
1 0.307097 0.840060 0.021677 0.027592
1 0.334452 0.825919 0.044387 0.033800
1 0.366452 0.793498 0.023742 0.043458
1 0.392258 0.819365 0.029935 0.055184
1 0.414194 0.848682 0.045935 0.037939
1 0.430710 0.804879 0.032516 0.034490
1 0.431484 0.806949 0.044387 0.066221
1 0.386065 0.885932 0.025806 0.032421
1 0.389677 0.917318 0.032000 0.027592
1 0.363355 0.986251 0.041290 0.027498
1 0.405677 0.978021 0.018581 0.037250
1 0.465290 0.962500 0.032516 0.054495
1 0.399742 0.941806 0.030452 0.032421
1 0.471226 0.919387 0.034065 0.040009
1 0.442581 0.892485 0.030452 0.027592
1 0.406452 0.892140 0.029419 0.037939
1 0.421419 0.931459 0.024258 0.029662
1 0.432258 0.924216 0.033548 0.057944
2 0.470194 0.870066 0.023742 0.043458
2 0.494710 0.858339 0.029419 0.021384
2 0.508129 0.758662 0.043871 0.057944
1 0.387355 0.680025 0.044903 0.038629
1 0.392000 0.710721 0.030452 0.046217
1 0.422968 0.693131 0.055226 0.026213
1 0.428645 0.737278 0.053161 0.062083
1 0.468903 0.741072 0.028387 0.035180
1 0.473290 0.764526 0.019613 0.039319
1 0.472516 0.782806 0.027355 0.030351
1 0.476645 0.802810 0.033548 0.030351
1 0.509677 0.835921 0.034581 0.048286
1 0.515871 0.882483 0.034581 0.039319
1 0.531871 0.888001 0.020129 0.024143
1 0.505548 0.958016 0.035613 0.045527
1 0.545290 0.952498 0.041806 0.064842
1 0.562065 0.982802 0.051613 0.034396
1 0.608258 0.967281 0.045935 0.065437
1 0.636645 0.986251 0.036645 0.027498
1 0.623226 0.964570 0.020129 0.024143
1 0.640000 0.945945 0.025806 0.026902
1 0.639226 0.934218 0.030452 0.026902
1 0.638452 0.904901 0.033032 0.035870
1 0.632774 0.879723 0.032000 0.028282
1 0.620387 0.846958 0.036129 0.042768
1 0.640258 0.816606 0.023226 0.053805
1 0.657548 0.845578 0.033032 0.041388
1 0.670710 0.797636 0.020129 0.053115
1 0.686194 0.828333 0.037677 0.041388
1 0.696258 0.858684 0.019613 0.037250
1 0.681548 0.873515 0.028387 0.039319
1 0.668129 0.909730 0.033548 0.041388
1 0.690839 0.944565 0.032516 0.048976
1 0.717161 0.960086 0.045935 0.049666
1 0.771613 0.974869 0.032000 0.050261
1 0.791742 0.961120 0.026839 0.046217
1 0.825290 0.959051 0.034065 0.044837
1 0.806968 0.924216 0.022194 0.028972
1 0.836903 0.902487 0.041806 0.051735
1 0.833806 0.857305 0.026323 0.071740
1 0.810839 0.877654 0.024774 0.042078
1 0.800000 0.887311 0.022710 0.035180
1 0.781935 0.907661 0.019613 0.045527
1 0.770839 0.913869 0.018065 0.028972
1 0.707355 0.892140 0.024258 0.072430
1 0.746065 0.896279 0.033548 0.051735
1 0.732645 0.916973 0.024258 0.039319
1 0.680516 0.737623 0.026323 0.039319
1 0.621161 0.728311 0.029419 0.038629
1 0.648000 0.722103 0.035613 0.044148
2 0.655742 0.706237 0.018065 0.023453
1 0.678452 0.704858 0.036645 0.028972
1 0.693677 0.674506 0.043355 0.063462
1 0.597935 0.790738 0.036645 0.051735
1 0.559742 0.807294 0.045935 0.044837
1 0.582710 0.747281 0.022710 0.047597
1 0.558194 0.766940 0.037677 0.052425
1 0.579097 0.679680 0.029935 0.057254
1 0.508387 0.695200 0.027871 0.031731
1 0.547871 0.703823 0.039742 0.033800
1 0.505806 0.657261 0.025806 0.030351
1 0.531871 0.659330 0.026323 0.033111
1 0.481806 0.649673 0.025290 0.034490
1 0.467871 0.640706 0.033548 0.037250
1 0.456258 0.622081 0.027871 0.024833
1 0.427355 0.623460 0.035097 0.042768
1 0.400258 0.641395 0.027355 0.033111
1 0.418581 0.586211 0.038194 0.041388
1 0.462710 0.596558 0.032516 0.028972
1 0.504000 0.607250 0.041806 0.051735
1 0.484903 0.572070 0.019097 0.058634
1 0.508903 0.551376 0.028903 0.050356
1 0.473548 0.541373 0.027355 0.033111
1 0.575226 0.615873 0.032516 0.052425
1 0.597677 0.610354 0.032000 0.041388
1 0.643355 0.598627 0.021161 0.030351
1 0.620645 0.566207 0.029419 0.028972
1 0.611097 0.585521 0.028903 0.038629
1 0.565161 0.529647 0.025806 0.037250
2 0.590710 0.527232 0.028387 0.042078
1 0.568000 0.546892 0.044903 0.044148
1 0.594581 0.563102 0.029935 0.057254
1 0.445677 0.512402 0.034581 0.049666
1 0.466839 0.497226 0.024258 0.041388
1 0.495742 0.443076 0.031484 0.039319
1 0.481548 0.467564 0.071226 0.086916
1 0.515871 0.483430 0.026323 0.023453
1 0.562323 0.483430 0.036645 0.040009
1 0.665290 0.533096 0.026839 0.057944
1 0.647226 0.559998 0.034065 0.033111
1 0.644903 0.491363 0.030452 0.046217
1 0.610839 0.492742 0.042839 0.071050
1 0.614710 0.461356 0.028903 0.028972
1 0.542968 0.400653 0.021677 0.045527
1 0.533161 0.368577 0.045419 0.025523
1 0.550968 0.333052 0.030452 0.030351
1 0.592774 0.318566 0.030452 0.046907
1 0.560000 0.289249 0.047484 0.051735
1 0.527742 0.304425 0.029419 0.024143
1 0.499355 0.301321 0.029419 0.044148
1 0.573935 0.403067 0.038194 0.057254
1 0.561290 0.450319 0.042839 0.041388
1 0.590452 0.429970 0.035097 0.037939
1 0.638710 0.432384 0.039742 0.057944
2 0.672000 0.318911 0.027871 0.035180
1 0.681032 0.261657 0.035613 0.039319
1 0.640774 0.360989 0.026323 0.036560
1 0.626323 0.318566 0.029419 0.060703
1 0.640516 0.332707 0.021677 0.036560
1 0.654452 0.324085 0.019613 0.040009
1 0.667097 0.365128 0.037677 0.043458
1 0.725935 0.371336 0.025290 0.060013
1 0.745806 0.324774 0.032000 0.057944
1 0.758452 0.342020 0.037677 0.042768
1 0.795097 0.337881 0.034581 0.045527
1 0.771613 0.380994 0.037161 0.040699
1 0.749677 0.415484 0.032516 0.048976
1 0.794581 0.409276 0.038710 0.046217
1 0.814968 0.353401 0.033032 0.047597
1 0.835097 0.392720 0.022710 0.033800
1 0.838710 0.430315 0.037161 0.042768
1 0.875355 0.445835 0.040258 0.053115
1 0.816000 0.445146 0.037161 0.039319
1 0.759484 0.467564 0.033548 0.027592
1 0.771871 0.473772 0.033548 0.026213
1 0.734194 0.528957 0.040774 0.060703
1 0.770323 0.533786 0.037677 0.046907
1 0.830452 0.541373 0.027871 0.048286
1 0.836387 0.508953 0.033548 0.033111
1 0.896516 0.512747 0.029935 0.058634
1 0.862968 0.513091 0.049548 0.074499
1 0.930065 0.583452 0.023742 0.045527
1 0.978065 0.499985 0.025806 0.045527
1 0.961290 0.530337 0.044903 0.028972
1 0.950194 0.531026 0.041290 0.081397
1 0.910710 0.530681 0.025290 0.057254
1 0.889032 0.561723 0.038710 0.037939
1 0.872774 0.582072 0.036129 0.031731
1 0.880000 0.631048 0.033032 0.035870
1 0.854968 0.613113 0.041806 0.041388
1 0.826323 0.587590 0.034065 0.042768
1 0.807742 0.579658 0.039226 0.055874
1 0.798710 0.519989 0.027355 0.045527
1 0.776000 0.495846 0.043871 0.037250
1 0.819871 0.470323 0.021161 0.037250
1 0.837419 0.461011 0.026323 0.029662
1 0.767226 0.583452 0.021161 0.028972
1 0.742710 0.590005 0.028903 0.029662
1 0.759742 0.617252 0.036129 0.038629
1 0.761548 0.614838 0.022194 0.031041
1 0.790968 0.614493 0.043871 0.037250
1 0.818323 0.656571 0.034581 0.055184
1 0.770581 0.656916 0.033032 0.036560
1 0.749419 0.677265 0.023742 0.037250
1 0.736000 0.672092 0.016516 0.044837
1 0.731097 0.632773 0.027355 0.048976
1 0.857290 0.684163 0.033032 0.045527
1 0.927484 0.664849 0.033032 0.038629
1 0.913806 0.670712 0.032516 0.033800
1 0.924645 0.733140 0.010839 0.037250
1 0.883613 0.702098 0.029935 0.038629
1 0.899097 0.719343 0.023742 0.028972
1 0.768258 0.755213 0.041806 0.040009
1 0.745290 0.836266 0.026839 0.033800
1 0.730323 0.833506 0.023742 0.026902
1 0.701419 0.796257 0.023742 0.054495
1 0.738065 0.784875 0.052645 0.064842
1 0.790194 0.821435 0.043355 0.051046
1 0.797161 0.763491 0.027355 0.049666
1 0.832000 0.800396 0.034065 0.035180
1 0.849032 0.793153 0.037161 0.030351
1 0.840516 0.767285 0.021161 0.021384
1 0.842581 0.755213 0.024258 0.019315
1 0.883097 0.986596 0.028903 0.026808
1 0.978323 0.979353 0.039742 0.041294
2 0.954065 0.943875 0.027355 0.025523
1 0.981677 0.859719 0.033032 0.043458
1 0.969548 0.830402 0.037677 0.049666
1 0.970323 0.628289 0.034065 0.031731
1 0.984387 0.601732 0.031226 0.035180
1 0.957161 0.573794 0.044903 0.057944
1 0.913290 0.789014 0.037677 0.030351
1 0.912516 0.769354 0.039226 0.029662
1 0.868645 0.743832 0.027871 0.039319
1 0.869677 0.838335 0.040258 0.054495
1 0.876387 0.919732 0.028903 0.033800
1 0.866839 0.889036 0.027355 0.028972
1 0.914581 0.861099 0.037161 0.040699
1 0.946065 0.850062 0.022710 0.031041
1 0.985161 0.775218 0.029677 0.037250
1 0.942452 0.759697 0.028903 0.035180
1 0.955871 0.722103 0.035097 0.051046
1 0.947097 0.801085 0.024774 0.051735
1 0.925419 0.810053 0.028903 0.042078
1 0.965419 0.667608 0.030452 0.046907
1 0.984258 0.722448 0.025806 0.077948
1 0.973935 0.906281 0.019613 0.045527
1 0.933677 0.931804 0.026839 0.037250
1 0.907097 0.932838 0.016000 0.061393
1 0.940903 0.981078 0.028903 0.037844
1 0.919226 0.982457 0.043355 0.035086
1 0.874839 0.955257 0.048516 0.056564
1 0.346118 0.615305 0.052235 0.067297
1 0.309176 0.624739 0.021647 0.072328
1 0.319765 0.568449 0.032471 0.037736
1 0.316706 0.515933 0.030118 0.069812
1 0.368706 0.453667 0.040941 0.071070
1 0.333647 0.474423 0.035765 0.066039
1 0.322588 0.377251 0.040941 0.049057
1 0.317647 0.311527 0.029176 0.061007
1 0.339059 0.336999 0.027765 0.041510
1 0.390353 0.341402 0.029647 0.057863
1 0.407294 0.332596 0.037176 0.041510
1 0.406118 0.310583 0.034824 0.044026
1 0.416941 0.289828 0.035765 0.045284
1 0.447765 0.279451 0.035294 0.042139
1 0.474824 0.328508 0.031059 0.055976
1 0.449647 0.363729 0.033412 0.052202
1 0.445412 0.318445 0.033412 0.059749
1 0.381412 0.229136 0.031529 0.048428
1 0.305412 0.217500 0.034824 0.055347
1 0.310824 0.119071 0.033412 0.039623
1 0.314353 0.168443 0.066824 0.066668
1 0.239529 0.164669 0.029176 0.040252
1 0.232941 0.200204 0.023529 0.039623
1 0.194353 0.128820 0.039529 0.057863
1 0.193882 0.157122 0.033882 0.036479
1 0.165176 0.137310 0.027294 0.048428
2 0.204235 0.223790 0.015059 0.026416
1 0.242824 0.232595 0.048941 0.037736
1 0.276000 0.222217 0.068235 0.059749
1 0.135529 0.213727 0.023529 0.023900
1 0.138353 0.054605 0.042353 0.037736
1 0.125882 0.035422 0.027765 0.033334
1 0.149647 0.022214 0.040471 0.039623
1 0.093882 0.014723 0.043765 0.029446
1 0.407294 0.086995 0.035294 0.047171
1 0.515529 0.116241 0.043765 0.064152
1 0.563059 0.122845 0.044706 0.044655
1 0.605882 0.148631 0.043765 0.029560
1 0.616235 0.179449 0.035294 0.042139
1 0.696235 0.177248 0.040941 0.046542
1 0.714118 0.247060 0.032471 0.049057
1 0.739294 0.244230 0.029176 0.049686
1 0.783059 0.263098 0.056471 0.047171
1 0.839765 0.256180 0.031529 0.048428
1 0.853647 0.236997 0.034824 0.046542
1 0.873882 0.229450 0.032000 0.050315
1 0.795765 0.136052 0.029176 0.055976
1 0.744706 0.099574 0.040941 0.032076
1 0.756941 0.122216 0.025882 0.032076
1 0.777176 0.146115 0.045647 0.057234
1 0.729647 0.157751 0.040000 0.049057
1 0.709412 0.133851 0.031529 0.037736
1 0.672941 0.142342 0.044235 0.052202
1 0.682824 0.098316 0.025412 0.034592
1 0.655294 0.091398 0.036235 0.045913
1 0.616941 0.036365 0.042353 0.061636
1 0.671059 0.022843 0.042353 0.042139
1 0.732235 0.042340 0.044235 0.029560
1 0.714118 0.013409 0.038118 0.022013
1 0.825176 0.033221 0.034353 0.035221
1 0.851765 0.117184 0.036706 0.074844
1 0.895059 0.080391 0.026353 0.059120
1 0.946353 0.060579 0.037647 0.049686
1 0.957882 0.099574 0.033412 0.048428
1 0.970353 0.127562 0.030118 0.040252
1 0.933412 0.133537 0.036235 0.043397
1 0.902824 0.170330 0.036235 0.041510
1 0.939294 0.224733 0.019765 0.030818
1 0.936706 0.192657 0.019294 0.047171
1 0.927765 0.199890 0.017412 0.037736
1 0.980235 0.203035 0.019765 0.032705
1 0.965176 0.175361 0.032941 0.028931
1 0.990353 0.164984 0.011765 0.064781
1 0.975059 0.375679 0.016941 0.034592
1 0.913647 0.359641 0.031529 0.030189
1 0.939059 0.350521 0.032471 0.044655
1 0.857647 0.337628 0.035294 0.049057
1 0.881647 0.292659 0.026824 0.042139
1 0.931059 0.292344 0.024000 0.015095
1 0.914824 0.260897 0.039529 0.035221
1 0.924235 0.398321 0.037647 0.022013
1 0.879294 0.407755 0.034353 0.034592
1 0.871059 0.363100 0.033882 0.033334
1 0.985882 0.468448 0.026353 0.064152
1 0.784000 0.715307 0.034824 0.039623
2 0.642353 0.691093 0.016000 0.021384
1 0.533412 0.534172 0.023059 0.048428
1 0.683765 0.391717 0.030118 0.027673
1 0.495294 0.252721 0.039059 0.055347
1 0.432235 0.270331 0.033412 0.057863
1 0.481412 0.128820 0.023529 0.046542
1 0.519529 0.036680 0.032941 0.048428
1 0.556471 0.033535 0.044706 0.052202
1 0.457882 0.013780 0.046118 0.027560
1 0.307886 0.692731 0.037943 0.050100
1 0.215771 0.520743 0.057600 0.054376
1 0.301257 0.070152 0.032000 0.052544
1 0.332800 0.049379 0.039314 0.039102
1 0.378286 0.048462 0.032457 0.036047
0 0.320229 0.029827 0.008686 0.013441
0 0.302400 0.044491 0.009600 0.013441
0 0.292343 0.049684 0.011429 0.011608
0 0.298514 0.086342 0.008229 0.010387
0 0.068800 0.113225 0.008686 0.009165
1 0.100114 0.604446 0.037486 0.048267
1 0.113371 0.858610 0.020114 0.026272
1 0.273600 0.951477 0.037029 0.037269
1 0.296229 0.849445 0.033829 0.032381
1 0.262629 0.841503 0.036114 0.044601
2 0.308571 0.879688 0.015543 0.025661
2 0.322057 0.845474 0.028800 0.035436
0 0.322286 0.795680 0.011886 0.011608
0 0.286857 0.810038 0.007771 0.010997
0 0.378514 0.923984 0.008229 0.012830
0 0.472686 0.715948 0.010971 0.014663
0 0.431314 0.708616 0.007771 0.010997
0 0.677486 0.798735 0.008229 0.010387
0 0.821029 0.996359 0.011886 0.007282
0 0.968914 0.802095 0.008686 0.012219
0 0.776229 0.451398 0.008229 0.012219
1 0.730286 0.500275 0.023314 0.021995
0 0.788800 0.477975 0.009600 0.012830
0 0.843200 0.518910 0.009600 0.014052
1 0.645943 0.524409 0.021029 0.032381
0 0.789257 0.334702 0.007771 0.010997
0 0.780571 0.213424 0.011429 0.014052
0 0.861714 0.057932 0.007314 0.008554
1 0.873371 0.077789 0.014171 0.029938
1 0.852571 0.032577 0.019200 0.033603
0 0.640686 0.303237 0.009600 0.014052
0 0.622171 0.084815 0.010057 0.010997
0 0.673829 0.038992 0.008229 0.009776
0 0.685714 0.034715 0.009143 0.012219
0 0.691200 0.005138 0.007314 0.010276
0 0.372571 0.529602 0.006400 0.010997
0 0.442514 0.550069 0.009143 0.014052
0 0.455758 0.704583 0.006788 0.012312
0 0.373333 0.357903 0.008727 0.012312