1 0.135360 0.069085 0.048000 0.046205
1 0.158400 0.090049 0.027520 0.036793
0 0.168960 0.090049 0.011520 0.014546
0 0.172480 0.068657 0.009600 0.012835
0 0.166400 0.041277 0.008960 0.011123
0 0.140160 0.017746 0.008960 0.013690
0 0.174720 0.011329 0.008960 0.012835
0 0.104000 0.097322 0.009600 0.017113
0 0.142080 0.097322 0.007680 0.011979
0 0.110080 0.129409 0.010240 0.011123
0 0.113280 0.172191 0.010240 0.014546
0 0.097280 0.182031 0.010240 0.013690
0 0.249600 0.167057 0.012800 0.012835
0 0.194240 0.197005 0.008320 0.011123
0 0.171200 0.250483 0.009600 0.015402
0 0.005120 0.208129 0.010240 0.012835
0 0.021120 0.212835 0.010240 0.013690
0 0.017920 0.330487 0.008960 0.014546
0 0.126720 0.298828 0.008960 0.012835
0 0.168000 0.163035 0.007795 0.010421
0 0.271590 0.237356 0.008205 0.010970
0 0.221949 0.394774 0.008205 0.010970
0 0.189128 0.407938 0.005744 0.008776
0 0.163897 0.437831 0.008615 0.009324
0 0.257846 0.464433 0.007795 0.009873
0 0.073231 0.421924 0.009436 0.012615
0 0.046564 0.342118 0.009436 0.014261
0 0.258872 0.443041 0.008205 0.010970
0 0.230769 0.435911 0.006974 0.009873
0 0.134769 0.542045 0.009436 0.015906
0 0.157949 0.546433 0.009846 0.011518
0 0.065231 0.599362 0.006564 0.009873
0 0.070154 0.599362 0.006564 0.010970
0 0.098256 0.581262 0.006974 0.009873
0 0.114667 0.725790 0.006974 0.009324
0 0.133128 0.713449 0.006974 0.008776
0 0.146462 0.710433 0.007385 0.008227
0 0.055590 0.843717 0.010256 0.010421
0 0.042256 0.778446 0.007385 0.008227
0 0.005128 0.815195 0.006154 0.008227
0 0.091077 0.922700 0.010667 0.012615
0 0.202256 0.784479 0.009846 0.013712
0 0.328615 0.745536 0.009846 0.010421
0 0.341744 0.661342 0.006564 0.010970
0 0.455795 0.709061 0.009026 0.013164
0 0.349128 0.519008 0.009026 0.013712
0 0.149333 0.288091 0.006564 0.009324
0 0.425846 0.335536 0.010667 0.013164
0 0.362667 0.314145 0.008205 0.009873
0 0.360821 0.296867 0.008615 0.011518
0 0.469538 0.346780 0.005333 0.011518
0 0.465026 0.347055 0.009436 0.014261
0 0.545641 0.398065 0.008205 0.015358
0 0.578462 0.380513 0.013128 0.014261
0 0.560000 0.396968 0.012308 0.014261
0 0.578667 0.481984 0.009436 0.015358
0 0.588308 0.595523 0.006564 0.008776
0 0.509128 0.636660 0.009026 0.010970
0 0.544205 0.764459 0.007795 0.010970
0 0.511179 0.802854 0.007385 0.009873
0 0.516718 0.859349 0.007795 0.012067
0 0.596103 0.877449 0.009846 0.012067
0 0.399795 0.662988 0.007795 0.012067
0 0.422564 0.697269 0.010667 0.011518
0 0.589128 0.758426 0.008205 0.010970
0 0.694974 0.763088 0.008205 0.009324
0 0.706872 0.776252 0.008205 0.013712
0 0.666462 0.747730 0.008615 0.012615
0 0.717744 0.975630 0.006974 0.010970
0 0.770256 0.979195 0.008615 0.010421
0 0.887590 0.959175 0.008615 0.010970
0 0.785436 0.612800 0.006974 0.011518
0 0.896410 0.491857 0.008205 0.010970
0 0.892513 0.477322 0.006974 0.009324
0 0.876718 0.391757 0.006564 0.009324
0 0.756308 0.395871 0.008615 0.008776
0 0.725333 0.388192 0.009026 0.012067
0 0.676513 0.322098 0.009026 0.010421
0 0.824000 0.301804 0.007795 0.009324
0 0.780923 0.337456 0.008615 0.011518
0 0.798154 0.241195 0.007795 0.008776
0 0.665846 0.059643 0.009026 0.013164
0 0.586667 0.052239 0.007385 0.011518
0 0.567385 0.048948 0.007385 0.009324
0 0.537641 0.181409 0.009436 0.015358
0 0.485128 0.459770 0.009436 0.012615
0 0.357744 0.527784 0.006564 0.010421
0 0.252513 0.632821 0.007795 0.010970
0 0.245949 0.632546 0.007795 0.011518
0 0.240410 0.632546 0.006564 0.010421
1 0.125949 0.190185 0.030359 0.049365
1 0.035282 0.221449 0.027897 0.030716
1 0.030154 0.184974 0.034872 0.040040
1 0.160615 0.185249 0.034051 0.037298
1 0.155282 0.304272 0.030769 0.025231
1 0.103590 0.319904 0.033231 0.044428
0 0.095179 0.333068 0.007385 0.009324
0 0.165128 0.368446 0.000410 0.000000
1 0.125333 0.367349 0.042256 0.061431
1 0.153846 0.343764 0.044308 0.054849
1 0.192000 0.329229 0.030359 0.042234
1 0.174564 0.419456 0.036513 0.053753
1 0.161846 0.479242 0.031590 0.040589
1 0.104205 0.569469 0.029538 0.051010
1 0.115282 0.526687 0.044308 0.034555
1 0.175385 0.547530 0.033231 0.031264
1 0.113641 0.646807 0.036923 0.048816
1 0.067282 0.876901 0.028718 0.039492
1 0.122462 0.794078 0.035692 0.034007
2 0.088000 0.780366 0.030769 0.034007
2 0.203487 0.861817 0.000000 0.000548
2 0.302154 0.618834 0.037333 0.059786
2 0.236923 0.404921 0.024205 0.034555
1 0.218051 0.711530 0.034051 0.051010
1 0.166154 0.720031 0.040205 0.043880
1 0.181744 0.694800 0.031179 0.031813
1 0.136410 0.751844 0.038974 0.040589
1 0.143795 0.720305 0.024205 0.038943
1 0.124308 0.710158 0.023795 0.038395
1 0.091897 0.721951 0.024615 0.035652
0 0.078769 0.717563 0.008205 0.010421
1 0.103385 0.751295 0.022154 0.032910
1 0.055590 0.731001 0.050462 0.051559
1 0.053949 0.703576 0.032410 0.030716
1 0.018872 0.759249 0.013949 0.036749
1 0.023385 0.765831 0.023795 0.032361
1 0.064205 0.816841 0.035692 0.045525
1 0.037128 0.856881 0.028308 0.049913
1 0.024615 0.813824 0.026256 0.053753
1 0.050872 0.788593 0.027077 0.041686
1 0.008410 0.848653 0.016820 0.045525
1 0.111179 0.890065 0.050051 0.062528
0 0.115077 0.898566 0.010256 0.012615
0 0.147692 0.890339 0.009026 0.014809
0 0.254974 0.891436 0.007795 0.011518
0 0.230359 0.835764 0.006974 0.009873
0 0.252103 0.795449 0.006974 0.009324
0 0.026462 0.972887 0.007795 0.010970
1 0.037538 0.982604 0.041436 0.034792
1 0.073026 0.966031 0.018872 0.033458
1 0.097026 0.954239 0.029949 0.039492
1 0.067692 0.985503 0.031179 0.025231
0 0.099282 0.992203 0.032821 0.015594
1 0.156308 0.974925 0.039385 0.050149
1 0.196103 0.902680 0.036923 0.059237
1 0.273436 0.821229 0.035692 0.053204
1 0.203282 0.809436 0.026667 0.047171
1 0.233641 0.793255 0.039795 0.063077
1 0.241026 0.839877 0.024205 0.029070
1 0.210051 0.848653 0.038564 0.034555
1 0.274051 0.889516 0.046769 0.061431
1 0.294974 0.977001 0.028718 0.043331
1 0.242667 0.944914 0.034051 0.069110
1 0.272615 0.942172 0.032410 0.032910
1 0.269949 0.964934 0.023795 0.042234
1 0.303179 0.935041 0.036103 0.037298
1 0.264000 0.592780 0.030769 0.047171
1 0.263590 0.252165 0.032410 0.039492
1 0.323282 0.238727 0.025436 0.042234
1 0.287179 0.078841 0.033641 0.034007
1 0.321026 0.078292 0.033231 0.042783
1 0.333538 0.086245 0.006564 0.012615
1 0.347692 0.074178 0.039795 0.052107
1 0.333949 0.026734 0.045128 0.052656
2 0.314256 0.043463 0.018872 0.018100
1 0.365333 0.134239 0.027487 0.046074
1 0.388103 0.138627 0.027077 0.049365
1 0.444923 0.177844 0.032410 0.038943
1 0.434256 0.256279 0.034872 0.046622
1 0.405538 0.326760 0.033231 0.048268
1 0.376205 0.317162 0.027077 0.059786
1 0.406359 0.484178 0.024205 0.034007
1 0.314256 0.729630 0.022974 0.036749
1 0.371487 0.722499 0.032410 0.048816
1 0.414154 0.657503 0.030769 0.035104
1 0.397128 0.682734 0.025436 0.041686
1 0.418462 0.695349 0.033641 0.034007
1 0.402256 0.738680 0.031590 0.046074
1 0.368410 0.788319 0.054154 0.066368
1 0.373333 0.839055 0.059077 0.047171
2 0.355077 0.872239 0.023385 0.029070
1 0.375590 0.882660 0.024205 0.036749
1 0.357538 0.910907 0.054564 0.047171
1 0.393641 0.971242 0.037333 0.038395
1 0.421744 0.938881 0.026256 0.037298
1 0.456615 0.977824 0.036103 0.027425
1 0.486769 0.964386 0.037333 0.047719
1 0.524718 0.975904 0.043487 0.045525
2 0.531692 0.938058 0.032000 0.036749
2 0.549949 0.802580 0.036513 0.044428
2 0.516513 0.832747 0.038564 0.048816
1 0.454974 0.859349 0.045128 0.050462
1 0.476513 0.827810 0.020923 0.036749
1 0.498667 0.774606 0.046359 0.043331
1 0.484923 0.706867 0.032821 0.041686
1 0.548513 0.742245 0.036103 0.066368
1 0.600000 0.671489 0.029949 0.043331
1 0.611487 0.691509 0.034051 0.039492
1 0.618051 0.717289 0.030769 0.046074
0 0.632821 0.720031 0.010256 0.014261
1 0.665436 0.616640 0.032821 0.047719
1 0.603077 0.801208 0.031179 0.032910
1 0.614974 0.834118 0.037744 0.038395
1 0.590564 0.904600 0.033231 0.055398
1 0.620923 0.945737 0.035692 0.057592
1 0.646564 0.938881 0.018051 0.060334
1 0.650462 0.980566 0.052923 0.036201
1 0.703385 0.969715 0.057846 0.060570
1 0.700513 0.841523 0.039795 0.052107
2 0.697846 0.788867 0.028718 0.043331
1 0.660513 0.800386 0.041846 0.052107
1 0.762667 0.829182 0.041026 0.047171
2 0.774974 0.784205 0.036103 0.040589
1 0.803487 0.965208 0.057846 0.062528
1 0.899692 0.981233 0.045128 0.037534
1 0.851692 0.905697 0.038564 0.071853
1 0.872205 0.819035 0.034462 0.043331
2 0.876103 0.953964 0.036513 0.038943
2 0.981231 0.740051 0.037538 0.048816
1 0.948103 0.688493 0.032821 0.060883
1 0.927795 0.633643 0.029949 0.049913
1 0.912821 0.596071 0.034462 0.044977
1 0.746667 0.739777 0.046769 0.039492
1 0.763692 0.713175 0.031590 0.047719
1 0.744615 0.654212 0.027077 0.052656
1 0.788103 0.646533 0.053333 0.040589
1 0.772923 0.614172 0.015590 0.038395
0 0.790564 0.624319 0.013949 0.018100
0 0.705026 0.523670 0.008615 0.009873
1 0.768205 0.557128 0.025846 0.043880
1 0.789333 0.382433 0.036103 0.051010
1 0.737436 0.386821 0.030769 0.047719
1 0.630769 0.378867 0.031590 0.047171
1 0.617231 0.314693 0.045538 0.060334
2 0.542359 0.276299 0.041026 0.053753
2 0.505436 0.413423 0.027077 0.034007
1 0.484513 0.550821 0.032821 0.040040
1 0.545641 0.541770 0.024615 0.039492
1 0.490872 0.486098 0.039795 0.049913
1 0.625026 0.226386 0.030769 0.030716
1 0.568000 0.175650 0.035692 0.046622
1 0.583385 0.102426 0.036103 0.037298
1 0.502154 0.046754 0.045949 0.053204
1 0.474667 0.042914 0.034462 0.058689
1 0.575179 0.059369 0.027897 0.020294
1 0.696615 0.030299 0.022154 0.027973
1 0.750564 0.301255 0.034051 0.055398
1 0.730256 0.288640 0.029538 0.022488
1 0.738872 0.253262 0.040205 0.041686
1 0.755487 0.242018 0.020923 0.036749
1 0.787282 0.224466 0.036923 0.044428
1 0.848205 0.469643 0.026667 0.034555
1 0.880821 0.356379 0.029538 0.032910
1 0.844513 0.311402 0.040615 0.053753
2 0.814154 0.195122 0.058667 0.055946
2 0.840615 0.101329 0.028718 0.034007
1 0.802256 0.131496 0.028308 0.029619
1 0.837128 0.130399 0.029949 0.035104
1 0.841231 0.161115 0.027487 0.030716
1 0.952821 0.492132 0.020103 0.035652
1 0.922667 0.766379 0.017231 0.034555
1 0.903795 0.743616 0.018051 0.032910
1 0.828513 0.898566 0.020923 0.023585
1 0.960000 0.299310 0.032970 0.076490
1 0.967515 0.014177 0.047030 0.028353