0 0.403522 0.297358 0.014857 0.016469
0 0.405586 0.233677 0.014032 0.020861
0 0.451396 0.290770 0.013207 0.016469
0 0.468317 0.357744 0.010730 0.018665
0 0.517429 0.395623 0.014857 0.015371
0 0.565304 0.388486 0.011556 0.014273
0 0.574383 0.369821 0.011556 0.016469
0 0.562002 0.234775 0.014857 0.016469
0 0.569843 0.260028 0.012381 0.014273
0 0.601622 0.204033 0.011556 0.018665
0 0.611114 0.262224 0.007429 0.012077
0 0.408475 0.662421 0.018159 0.017567
0 0.395268 0.695908 0.009905 0.009881
0 0.398157 0.707986 0.010730 0.016469
0 0.405266 0.750453 0.009736 0.011655
0 0.448589 0.749158 0.009736 0.014245
0 0.511871 0.720992 0.007789 0.012303
0 0.415488 0.860528 0.008762 0.009065
0 0.394800 0.887723 0.008275 0.007770
0 0.500675 0.885349 0.013630 0.015540
0 0.579291 0.938768 0.008275 0.013598
0 0.534507 0.931969 0.009249 0.011655
0 0.399911 0.946538 0.010709 0.013598
0 0.366323 0.946214 0.007789 0.010360
0 0.378736 0.953337 0.007302 0.009065
0 0.197815 0.801174 0.010222 0.012950
0 0.213149 0.813800 0.007789 0.008418
0 0.216069 0.856859 0.009736 0.011655
0 0.149380 0.852327 0.008762 0.009065
0 0.129909 0.815419 0.008762 0.012950
0 0.167229 0.952042 0.012656 0.014245
0 0.262882 0.937797 0.009249 0.009065
0 0.047075 0.957222 0.010222 0.011655
0 0.041963 0.610809 0.010709 0.010360
0 0.060948 0.609514 0.007789 0.007770
0 0.050726 0.565808 0.008762 0.009713
0 0.107436 0.609838 0.008275 0.009713
0 0.043667 0.427890 0.008275 0.012303
0 0.145892 0.424653 0.009249 0.009713
0 0.034175 0.284469 0.006815 0.010360
0 0.052429 0.301627 0.010222 0.011008
0 0.059488 0.248856 0.010709 0.011655
0 0.025900 0.212920 0.009736 0.011008
0 0.054133 0.181840 0.007789 0.008418
0 0.091859 0.178602 0.007302 0.009713
0 0.106706 0.162091 0.009736 0.010360
0 0.092102 0.105974 0.007789 0.014245
0 0.143701 0.079427 0.003894 0.012950
0 0.164146 0.088816 0.006815 0.008418
0 0.163903 0.112449 0.009249 0.011655
0 0.199681 0.121838 0.006815 0.008418
0 0.222803 0.120867 0.007302 0.012950
0 0.201628 0.162954 0.010709 0.014245
0 0.264423 0.288569 0.009736 0.015540
0 0.053159 0.008418 0.006815 0.009065
0 0.040016 0.036584 0.006815 0.009713
0 0.007158 0.027195 0.009249 0.010360
0 0.015677 0.041440 0.008762 0.012950
0 0.026386 0.056980 0.009736 0.012950
0 0.031254 0.091298 0.007789 0.009065
1 0.007108 0.087413 0.014216 0.024605
0 0.080419 0.056009 0.007789 0.011008
0 0.006915 0.110075 0.010709 0.011655
0 0.041477 0.070578 0.009736 0.014245
1 0.021762 0.074139 0.028720 0.064103
1 0.089668 0.056333 0.024339 0.040145
1 0.113764 0.022015 0.015090 0.020720
2 0.004674 0.153781 0.009348 0.040793
2 0.162199 0.182271 0.038943 0.078348
2 0.130315 0.168998 0.020932 0.037555
0 0.118388 0.152486 0.007789 0.008418
2 0.179480 0.071873 0.034562 0.045325
0 0.170961 0.101010 0.002921 0.009065
0 0.166823 0.101010 0.008275 0.007770
0 0.304502 0.125939 0.008762 0.009713
0 0.295253 0.130795 0.007789 0.010360
0 0.296713 0.140184 0.005841 0.009713
0 0.297930 0.148601 0.008275 0.013598
0 0.306936 0.075434 0.008762 0.012303
2 0.235378 0.137594 0.042837 0.064103
2 0.276512 0.056980 0.039429 0.044030
2 0.279919 0.009389 0.028720 0.018778
0 0.223209 0.009389 0.007789 0.007123
0 0.203251 0.042088 0.006815 0.009065
0 0.302636 0.180221 0.013143 0.014245
0 0.349854 0.030433 0.010222 0.014245
0 0.385145 0.003238 0.006815 0.006475
0 0.280974 0.087736 0.007789 0.008418
0 0.370704 0.075326 0.008762 0.011655
0 0.520147 0.020073 0.010709 0.012950
0 0.548380 0.105866 0.007789 0.012303
1 0.550814 0.046620 0.034075 0.056980
1 0.569555 0.018454 0.018985 0.036908
2 0.485828 0.059246 0.045271 0.058923
2 0.444695 0.115579 0.030181 0.044678
2 0.393340 0.110399 0.039429 0.042088
2 0.355370 0.056009 0.034562 0.036908
2 0.384091 0.049534 0.032614 0.045973
1 0.415975 0.084499 0.046731 0.034318
1 0.380927 0.150220 0.043810 0.036260
1 0.453457 0.158961 0.032128 0.045973
0 0.453701 0.129176 0.007302 0.008418
0 0.349286 0.215941 0.006815 0.009713
0 0.359995 0.207848 0.008762 0.010360
0 0.301338 0.319218 0.007302 0.009065
0 0.322026 0.319218 0.008762 0.009065
0 0.317888 0.330225 0.008275 0.012950
0 0.291845 0.308534 0.010709 0.011008
0 0.295253 0.354830 0.009736 0.012950
0 0.359995 0.327635 0.009736 0.007770
0 0.337846 0.373608 0.008275 0.011655
0 0.317645 0.376198 0.007789 0.014245
0 0.366810 0.464582 0.010709 0.013598
0 0.316915 0.460049 0.007302 0.008418
0 0.327137 0.465877 0.009249 0.011008
0 0.316671 0.504727 0.007789 0.011008
2 0.350989 0.421847 0.025799 0.023958
2 0.378493 0.441595 0.022392 0.024605
2 0.223777 0.862687 0.018985 0.029785
2 0.059974 0.958085 0.031154 0.034965
2 0.106219 0.955495 0.032128 0.042735
2 0.075551 0.967474 0.027260 0.030433
0 0.079202 0.940279 0.009249 0.014893
0 0.269778 0.827614 0.008762 0.014893
0 0.005161 0.895709 0.010322 0.010360
0 0.261016 0.760058 0.008762 0.013598
0 0.284868 0.762324 0.009736 0.012950
2 0.288276 0.747108 0.039916 0.031728
0 0.316509 0.771389 0.011683 0.018130
0 0.158548 0.968877 0.011196 0.014245
0 0.101838 0.995748 0.009736 0.008418
2 0.253227 0.734158 0.025313 0.031728
2 0.251767 0.770742 0.031154 0.029785
2 0.178425 0.849737 0.034075 0.066045
2 0.190594 0.885349 0.047705 0.054390
1 0.195219 0.922581 0.034562 0.051153
1 0.268480 0.952689 0.024339 0.028490
1 0.029307 0.908336 0.030181 0.026548
1 0.124717 0.840995 0.026286 0.020073
1 0.058322 0.866185 0.016934 0.055415
2 0.022492 0.879522 0.038943 0.018130
1 0.043424 0.844557 0.025313 0.041440
1 0.022492 0.854269 0.040890 0.034965
0 0.017137 0.974704 0.006815 0.007770
0 0.012026 0.973409 0.009249 0.007770
0 0.008619 0.747324 0.006328 0.008418
2 0.006622 0.743115 0.013243 0.040145
2 0.191893 0.720452 0.038943 0.040145
2 0.068736 0.647285 0.033101 0.019425
2 0.090398 0.742791 0.024826 0.036908
2 0.063382 0.581887 0.026286 0.047915
2 0.130558 0.570556 0.045758 0.070578
2 0.036609 0.564405 0.027260 0.046620
2 0.084070 0.614910 0.052086 0.053095
1 0.019815 0.658616 0.018011 0.053743
0 0.007402 0.638867 0.007789 0.010360
2 0.271238 0.516274 0.033101 0.050505
2 0.165038 0.379543 0.045271 0.052448
2 0.010759 0.381486 0.021518 0.043383
2 0.068250 0.385047 0.022392 0.025900
2 0.050239 0.467711 0.033101 0.045325
2 0.050482 0.401666 0.015090 0.045325
2 0.005161 0.502676 0.010322 0.032375
2 0.029550 0.400047 0.026773 0.036908
0 0.029064 0.474186 0.011196 0.010360
0 0.662125 0.042411 0.010709 0.016188
0 0.710316 0.211625 0.015577 0.017483
0 0.763619 0.174394 0.011196 0.015540
0 0.751206 0.302707 0.009736 0.012303
0 0.516982 0.275188 0.009249 0.009065
0 0.684923 0.398752 0.009249 0.013598
0 0.644276 0.496849 0.014603 0.016835
0 0.493617 0.525771 0.013143 0.015540
0 0.518686 0.592463 0.010709 0.014245
0 0.554708 0.652033 0.014603 0.019425
0 0.662774 0.702538 0.012656 0.014245
0 0.653525 0.738151 0.005841 0.010360
0 0.603630 0.751748 0.007302 0.016835
0 0.703988 0.791785 0.006815 0.011008
0 0.703988 0.825132 0.008762 0.009065
2 0.715428 0.809592 0.040403 0.037555
2 0.731978 0.872507 0.024826 0.065398
2 0.599817 0.839161 0.049652 0.056980
2 0.653606 0.855025 0.032614 0.055038
0 0.632188 0.914271 0.016064 0.010360
0 0.665046 0.890637 0.008762 0.008418
0 0.677702 0.866680 0.007789 0.008418
0 0.740984 0.835600 0.008762 0.011008
0 0.727354 0.776353 0.008762 0.011655
0 0.737333 0.783476 0.009249 0.012950
0 0.760455 0.820707 0.006815 0.008418
2 0.648982 0.729949 0.042837 0.082880
2 0.591541 0.655487 0.031154 0.028490
1 0.615150 0.801822 0.030667 0.029785
1 0.676485 0.875637 0.028720 0.032375
1 0.778466 0.812829 0.048678 0.029785
0 0.745608 0.787900 0.009249 0.008418
0 0.721026 0.926789 0.009736 0.015540
0 0.773598 0.922904 0.013630 0.014245
0 0.836150 0.910926 0.015090 0.020073
0 0.860002 0.776137 0.011196 0.018130
0 0.874606 0.725309 0.013143 0.017483
2 0.826658 0.766101 0.051599 0.044678
2 0.824954 0.702646 0.022879 0.044678
2 0.719809 0.659264 0.044297 0.047268
0 0.750476 0.648904 0.007302 0.011008
0 0.797694 0.641781 0.015090 0.016188
0 0.844425 0.615557 0.009249 0.010360
0 0.877283 0.662825 0.008762 0.010360
1 0.844912 0.693257 0.014117 0.025900
0 0.860002 0.737611 0.012170 0.013598
0 0.799884 0.705236 0.011683 0.016188
0 0.761915 0.677070 0.009736 0.012950
0 0.757291 0.606492 0.010222 0.009065
0 0.810594 0.601960 0.009736 0.011655
2 0.768487 0.642105 0.040403 0.049210
2 0.779683 0.513036 0.037482 0.037555
2 0.778709 0.552210 0.055006 0.045973
2 0.737576 0.486165 0.046731 0.045973
0 0.725407 0.457351 0.011683 0.014245
0 0.696200 0.444725 0.010709 0.011008
0 0.898215 0.505914 0.007789 0.007770
0 0.914278 0.481633 0.010709 0.011008
0 0.888479 0.459294 0.006815 0.010360
0 0.893834 0.458646 0.008762 0.011655
2 0.900649 0.480661 0.039916 0.068635
2 0.953546 0.538613 0.037969 0.051153
0 0.961091 0.568074 0.005355 0.009065
0 0.982753 0.551563 0.009736 0.009713
0 0.840125 0.292562 0.009736 0.012303
0 0.819680 0.226733 0.007789 0.016188
0 0.822358 0.168134 0.011196 0.009065
0 0.948921 0.172343 0.008275 0.011008
0 0.948678 0.235798 0.009736 0.017483
0 0.960361 0.256518 0.010709 0.013598
0 0.935048 0.306052 0.006815 0.007770
0 0.823818 0.368536 0.011196 0.009713
0 0.796558 0.365946 0.006328 0.008418
0 0.984943 0.124752 0.006328 0.012950
0 0.973017 0.144177 0.008762 0.009065
0 0.997948 0.119896 0.004104 0.012303
0 0.808728 0.121083 0.009249 0.010360
2 0.646142 0.141803 0.039429 0.042735
2 0.739361 0.147306 0.034075 0.040793
2 0.775140 0.118493 0.031641 0.050505
2 0.833554 0.123349 0.044297 0.057628
2 0.872740 0.064750 0.047705 0.049210
2 0.886532 0.101010 0.025313 0.038850
2 0.903813 0.116874 0.032614 0.044678
2 0.912331 0.175149 0.042837 0.049858
2 0.977155 0.247345 0.033588 0.054390
2 0.922148 0.282958 0.033588 0.024605
2 0.793151 0.234395 0.038456 0.036260
2 0.810918 0.258029 0.035048 0.049858
2 0.783415 0.341772 0.033588 0.039498
2 0.814326 0.379975 0.032128 0.043383
1 0.913386 0.313282 0.034562 0.031728
1 0.891237 0.522209 0.045758 0.035613
0 0.880772 0.539368 0.010222 0.012950
0 0.884179 0.577571 0.010222 0.007770
2 0.887100 0.560088 0.038456 0.037555
2 0.963038 0.724122 0.056954 0.047915
1 0.962064 0.762000 0.040403 0.033023
1 0.820410 0.871428 0.042350 0.042088
0 0.953789 0.866895 0.011196 0.011008
0 0.984456 0.908659 0.008275 0.012950
0 0.912169 0.730273 0.011683 0.013598
0 0.927503 0.756497 0.014117 0.014245
2 0.947217 0.862687 0.054520 0.055685
2 0.932614 0.887939 0.031154 0.032375
0 0.908762 0.992856 0.009736 0.014288
0 0.925799 0.984417 0.010709 0.006475
0 0.943323 0.980532 0.007789 0.009065
0 0.952085 0.983446 0.007789 0.008418
0 0.955006 0.975352 0.010709 0.014245
2 0.432688 0.571635 0.028233 0.045973
2 0.459461 0.630234 0.038943 0.049210
1 0.394475 0.502029 0.018011 0.033670
1 0.431471 0.532461 0.031641 0.029785
1 0.388877 0.531814 0.039916 0.036260
1 0.371597 0.557714 0.025799 0.038850
1 0.396666 0.567750 0.024339 0.036908
1 0.375004 0.614046 0.037482 0.053095
0 0.269372 0.626349 0.010222 0.012950
0 0.305881 0.684948 0.018985 0.013598
0 0.257365 0.704049 0.012170 0.014245
1 0.222803 0.685272 0.026773 0.018130
1 0.222560 0.711172 0.025313 0.032375
1 0.187998 0.664875 0.034075 0.025253
0 0.306757 0.432179 0.007594 0.008658
0 0.310011 0.437951 0.007594 0.010101
1 0.226208 0.319625 0.049360 0.041847
0 0.212919 0.328644 0.008679 0.010823
2 0.278551 0.342713 0.035799 0.047619
0 0.286959 0.368326 0.005967 0.010823
2 0.283433 0.380952 0.030375 0.031746
2 0.307571 0.414863 0.033087 0.041847
2 0.282891 0.430375 0.029290 0.033911
2 0.346624 0.318543 0.049360 0.048341
2 0.348523 0.266234 0.041224 0.041847
2 0.350964 0.232083 0.038511 0.027417
2 0.347981 0.197090 0.043393 0.038240
1 0.321673 0.234247 0.020069 0.028860
1 0.369677 0.375661 0.031460 0.031746
1 0.292654 0.453824 0.033630 0.033189
0 0.395713 0.176166 0.011933 0.010823
0 0.374830 0.176166 0.010306 0.010823
0 0.426450 0.503728 0.007594 0.006494
0 0.427535 0.512747 0.007594 0.005772
1 0.479607 0.433021 0.046648 0.052670
2 0.547137 0.352814 0.038511 0.038961
2 0.527339 0.375180 0.032545 0.037518
2 0.493529 0.322872 0.035438 0.033911
2 0.527610 0.274892 0.039596 0.053391
0 0.543069 0.260582 0.010848 0.010823
2 0.589355 0.251924 0.047733 0.054113
2 0.622985 0.250481 0.027121 0.054113
2 0.706517 0.275734 0.034715 0.045455
2 0.703534 0.320827 0.022239 0.027417
2 0.675328 0.310726 0.037427 0.031746
2 0.660140 0.359067 0.027663 0.056277
2 0.678311 0.273930 0.034715 0.047619
0 0.647936 0.304233 0.010848 0.010101
0 0.659056 0.300625 0.005967 0.017316
0 0.644953 0.335257 0.011391 0.011544
0 0.625697 0.299904 0.005424 0.007215
0 0.618917 0.295936 0.010306 0.010823
1 0.659327 0.315296 0.027121 0.050505
1 0.604814 0.370491 0.030918 0.039683
1 0.659598 0.458514 0.037427 0.044012
1 0.682922 0.440476 0.025494 0.035354
1 0.669904 0.412338 0.037427 0.032468
1 0.492805 0.174964 0.029290 0.044012
1 0.494161 0.236291 0.036342 0.062771
2 0.478160 0.285714 0.022781 0.043290
2 0.495517 0.289683 0.018442 0.045455
1 0.508535 0.295455 0.027121 0.029582
2 0.691872 0.178211 0.042308 0.050505
0 0.922355 0.079703 0.008899 0.012626
0 0.938967 0.093513 0.011272 0.014994
0 0.872521 0.258049 0.010086 0.007891
0 0.812897 0.064710 0.010679 0.009470
0 0.926508 0.035117 0.011272 0.013415
0 0.930661 0.046954 0.010086 0.010259
0 0.995624 0.065499 0.008306 0.011048
0 0.776906 0.065104 0.008306 0.010259
0 0.738937 0.003157 0.005933 0.006313
1 0.991879 0.035117 0.016242 0.044981
2 0.766326 0.070234 0.024324 0.020518
2 0.829212 0.052872 0.031443 0.029987
0 0.836628 0.068655 0.008306 0.017361
1 0.701717 0.011008 0.034075 0.022015
0 0.515769 0.146159 0.011506 0.012244
2 0.530502 0.704572 0.042715 0.073390
2 0.469693 0.704966 0.035003 0.041035
2 0.491940 0.729430 0.045088 0.042614
1 0.435580 0.759812 0.051021 0.038668
2 0.097932 0.724958 0.031114 0.032969
2 0.100305 0.701810 0.032696 0.028760
2 0.381996 0.917742 0.029707 0.044893
2 0.574303 0.906636 0.039551 0.045595
2 0.543980 0.929082 0.047461 0.066639
2 0.601197 0.944515 0.032168 0.034371
2 0.406870 0.895062 0.030586 0.025253
1 0.435346 0.971521 0.020039 0.053311
0 0.733530 0.704666 0.010848 0.014430