0 0.043103 0.887891 0.012582 0.017420
0 0.054287 0.930197 0.011650 0.014932
0 0.113467 0.954772 0.010718 0.014310
0 0.096459 0.836874 0.011184 0.012443
0 0.103914 0.852739 0.010252 0.013065
0 0.171948 0.895046 0.008388 0.010577
0 0.174744 0.918688 0.008388 0.010577
0 0.167055 0.960372 0.009786 0.010577
0 0.234390 0.941707 0.008388 0.011821
0 0.260951 0.857405 0.010252 0.012443
0 0.127446 0.773726 0.008854 0.011821
0 0.065704 0.649606 0.010252 0.013687
0 0.167055 0.637474 0.009786 0.013065
0 0.210391 0.693157 0.009786 0.014932
0 0.291007 0.797990 0.010718 0.013065
0 0.286347 0.770926 0.008854 0.012443
0 0.315238 0.725820 0.009786 0.011821
0 0.402610 0.937663 0.007456 0.009954
0 0.460158 0.881047 0.007922 0.013687
0 0.492078 0.900023 0.008388 0.011821
0 0.487418 0.935175 0.010252 0.014932
0 0.533318 0.989613 0.009786 0.013065
0 0.667987 0.909044 0.007922 0.011199
0 0.774930 0.939530 0.009320 0.012443
0 0.781920 0.851184 0.008388 0.011199
0 0.738117 0.832830 0.007456 0.009332
0 0.728099 0.855850 0.008854 0.011821
0 0.842964 0.833763 0.007456 0.012443
0 0.860671 0.829408 0.007456 0.011199
0 0.859506 0.842474 0.008854 0.011199
0 0.867661 0.843096 0.009320 0.014932
0 0.833853 0.846665 0.007970 0.011103
0 0.831774 0.799477 0.006584 0.009253
0 0.883229 0.860544 0.008316 0.012028
0 0.865558 0.914440 0.007623 0.009715
0 0.873354 0.896860 0.007970 0.010640
0 0.848926 0.880437 0.006930 0.009253
0 0.895877 0.972731 0.008663 0.013416
0 0.992550 0.960472 0.008663 0.012028
0 0.991684 0.992856 0.009009 0.010178
0 0.818434 0.990542 0.011088 0.014804
0 0.942481 0.836025 0.006237 0.008327
0 0.938150 0.832324 0.006584 0.008327
0 0.968642 0.820990 0.006584 0.008790
0 0.990644 0.799709 0.007623 0.009715
0 0.968988 0.835562 0.007970 0.009253
0 0.988046 0.634551 0.009356 0.011566
0 0.817048 0.674105 0.010395 0.012028
0 0.818954 0.696774 0.007277 0.010178
0 0.828656 0.759460 0.007970 0.009715
0 0.905752 0.703945 0.005544 0.007865
0 0.903673 0.736560 0.008316 0.012028
0 0.851698 0.684977 0.006930 0.009715
0 0.774602 0.616046 0.006584 0.009715
0 0.740125 0.733322 0.007623 0.012954
0 0.900554 0.610263 0.009009 0.011103
0 0.938843 0.579498 0.007277 0.009715
0 0.949411 0.583430 0.006930 0.009253
0 0.810118 0.599391 0.008316 0.009715
0 0.831601 0.584587 0.008316 0.011566
0 0.832294 0.556367 0.006930 0.009715
0 0.868850 0.524445 0.009356 0.011566
0 0.808212 0.490442 0.008663 0.009253
0 0.830042 0.497382 0.005891 0.008327
0 0.746188 0.543413 0.007970 0.010640
0 0.755544 0.517737 0.006584 0.010178
0 0.761608 0.498538 0.006930 0.009715
0 0.762994 0.455283 0.007623 0.010178
0 0.909910 0.434927 0.008316 0.010178
0 0.938323 0.249182 0.009702 0.012491
0 0.914068 0.175856 0.009009 0.012954
0 0.936590 0.173774 0.009009 0.012491
0 0.950970 0.281103 0.005198 0.008790
0 0.948025 0.284342 0.005544 0.007865
0 0.773735 0.250570 0.006930 0.010640
0 0.955994 0.134451 0.009009 0.010640
0 0.969517 0.120572 0.034669 0.010640
0 0.951663 0.049096 0.007970 0.009253
0 0.955821 0.036836 0.005198 0.007865
0 0.982155 0.071302 0.009356 0.010178
0 0.822303 0.056828 0.007046 0.012293
0 0.803534 0.017406 0.009009 0.009715
0 0.740991 0.010929 0.007277 0.008790
0 0.764207 0.088188 0.006584 0.009715
0 0.715003 0.096515 0.006584 0.010640
0 0.720201 0.114095 0.008663 0.009715
0 0.683299 0.109700 0.007623 0.011103
0 0.607762 0.073152 0.007623 0.009253
0 0.591996 0.034754 0.006584 0.009253
0 0.608281 0.055341 0.007970 0.009715
0 0.607242 0.062512 0.006584 0.007402
0 0.690575 0.186034 0.006930 0.011103
0 0.638254 0.157813 0.006930 0.009253
0 0.632883 0.157351 0.006584 0.009253
0 0.582814 0.151568 0.008316 0.011566
0 0.575537 0.159664 0.007623 0.012028
0 0.570166 0.174005 0.006584 0.008327
0 0.618503 0.215179 0.006237 0.010178
0 0.612786 0.219805 0.007277 0.014804
0 0.670305 0.243631 0.007970 0.008790
0 0.631497 0.250339 0.007970 0.010178
0 0.638600 0.263061 0.006930 0.011566
0 0.647609 0.208240 0.006930 0.013879
0 0.642758 0.208471 0.005544 0.013416
0 0.640679 0.198524 0.006237 0.008327
0 0.690229 0.243399 0.004851 0.012028
0 0.693694 0.246869 0.004851 0.010640
0 0.741857 0.357206 0.006930 0.011103
0 0.669092 0.290587 0.007623 0.009253
0 0.653326 0.304235 0.007277 0.008790
0 0.652980 0.350035 0.007277 0.011566
0 0.682606 0.430995 0.010395 0.010640
0 0.694387 0.393522 0.009009 0.010640
0 0.712058 0.385889 0.006237 0.011103
0 0.716563 0.388202 0.006237 0.010178
0 0.727997 0.400924 0.006930 0.008790
0 0.703569 0.405088 0.006584 0.007865
0 0.702529 0.410639 0.006584 0.007865
0 0.705301 0.416885 0.006584 0.009253
0 0.725918 0.465692 0.006930 0.009715
0 0.734407 0.451813 0.005198 0.006939
0 0.746188 0.461991 0.004505 0.005089
0 0.743243 0.441866 0.004158 0.006477
0 0.744976 0.445567 0.006237 0.006477
0 0.739778 0.453663 0.006237 0.010640
0 0.620062 0.470318 0.007277 0.009715
0 0.606202 0.479802 0.005198 0.008327
0 0.598753 0.479108 0.005544 0.010640
0 0.575884 0.458290 0.006237 0.009715
0 0.551282 0.467542 0.009702 0.009715
0 0.543139 0.400693 0.009356 0.012954
0 0.625087 0.529072 0.007623 0.009715
0 0.654193 0.532079 0.006930 0.010178
0 0.601525 0.528840 0.006930 0.009253
0 0.664241 0.550353 0.006930 0.010640
0 0.701490 0.541331 0.006584 0.009253
0 0.647956 0.582968 0.007623 0.010178
0 0.588184 0.585512 0.008663 0.010640
0 0.585412 0.518894 0.007277 0.008790
0 0.547817 0.518894 0.007623 0.007865
0 0.530665 0.529766 0.007277 0.010178
0 0.515939 0.499695 0.008316 0.011103
0 0.476611 0.551509 0.008663 0.010178
0 0.467082 0.570939 0.008316 0.011103
0 0.456861 0.572327 0.010049 0.012028
0 0.390506 0.819602 0.009009 0.012491
0 0.280839 0.721293 0.007277 0.012028
0 0.265939 0.685902 0.006584 0.008790
0 0.297817 0.684283 0.007277 0.010178
0 0.321206 0.652593 0.009702 0.011566
0 0.229037 0.609800 0.008316 0.009253
0 0.307519 0.580655 0.008663 0.012028
0 0.281878 0.577416 0.011435 0.013879
0 0.226265 0.471937 0.009702 0.010178
0 0.198718 0.462916 0.009356 0.012491
0 0.245322 0.536936 0.009702 0.013416
0 0.408697 0.527915 0.006584 0.009253
0 0.376473 0.529997 0.007970 0.011566
0 0.383403 0.539712 0.007970 0.010640
0 0.382710 0.528609 0.007970 0.011566
0 0.351525 0.379412 0.008663 0.009253
0 0.349792 0.401849 0.010049 0.012491
0 0.414241 0.428450 0.005891 0.009253
0 0.389813 0.492987 0.008316 0.010640
0 0.428101 0.408326 0.006584 0.007865
0 0.425329 0.395835 0.007277 0.009715
0 0.419958 0.402543 0.006930 0.009253
0 0.449411 0.416422 0.007623 0.012954
0 0.490644 0.440941 0.007623 0.009253
0 0.399342 0.469393 0.006584 0.012491
0 0.409910 0.458521 0.005544 0.005552
0 0.408870 0.452738 0.006930 0.008790
0 0.400554 0.418504 0.005544 0.006939
0 0.325710 0.259591 0.007623 0.010178
0 0.356895 0.293132 0.006930 0.009715
0 0.436071 0.221425 0.007277 0.009715
0 0.466216 0.263061 0.007277 0.009715
0 0.074151 0.215410 0.009009 0.010640
0 0.115211 0.243631 0.007970 0.008790
0 0.097193 0.294751 0.007277 0.010178
0 0.131670 0.370391 0.009702 0.010640
0 0.092516 0.391671 0.008316 0.010640
0 0.084546 0.462453 0.008316 0.010640
0 0.074844 0.524214 0.009009 0.012954
0 0.160430 0.176318 0.007623 0.010178
0 0.194733 0.132369 0.008316 0.012028
0 0.262301 0.142084 0.007623 0.009253
0 0.262994 0.315338 0.006930 0.011566
0 0.237872 0.380800 0.008663 0.012028
0 0.224532 0.360907 0.005544 0.008327
0 0.218468 0.366921 0.007970 0.011103
0 0.419785 0.125661 0.009356 0.012491
0 0.379245 0.040769 0.008663 0.011103
0 0.316355 0.062743 0.007623 0.010640
0 0.265939 0.052797 0.007970 0.010178
0 0.534997 0.600085 0.006930 0.009253
0 0.525988 0.586437 0.005544 0.007865
0 0.529799 0.591295 0.007623 0.009253
0 0.515073 0.640796 0.009356 0.012028
0 0.506930 0.640565 0.008316 0.013416
0 0.611227 0.620209 0.006930 0.009715
0 0.674983 0.607718 0.006237 0.009715
0 0.662335 0.610031 0.007277 0.010640
0 0.666667 0.638714 0.006930 0.010640
0 0.646050 0.641953 0.007277 0.010640
0 0.658177 0.659301 0.007277 0.009253
0 0.680873 0.686596 0.007623 0.008327
0 0.698718 0.685440 0.007277 0.008790
0 0.668399 0.669016 0.005544 0.009253
0 0.664068 0.671561 0.007277 0.009715
0 0.663895 0.698162 0.006930 0.009253
0 0.655925 0.696311 0.006930 0.011103
0 0.594421 0.734710 0.006584 0.010178
0 0.605856 0.734710 0.006584 0.009253
0 0.596674 0.637095 0.006930 0.011103
0 0.729037 0.619978 0.006930 0.009253
1 0.798758 0.564497 0.051132 0.054127
1 0.890796 0.133672 0.036523 0.039986
1 0.926771 0.062721 0.035427 0.046325
1 0.972243 0.062478 0.019722 0.038035
0 0.929328 0.087347 0.006939 0.010728
0 0.902666 0.059308 0.006939 0.010240
0 0.914354 0.103683 0.007670 0.009265
0 0.908510 0.096612 0.006939 0.009753
0 0.914719 0.091736 0.008400 0.009753
0 0.813002 0.056382 0.005844 0.009265
0 0.770270 0.040534 0.008035 0.009753
0 0.774288 0.031025 0.007305 0.010240
0 0.558802 0.089785 0.008035 0.009753
0 0.533601 0.122213 0.009496 0.012191
0 0.275201 0.277281 0.005478 0.009265
0 0.270818 0.274355 0.006939 0.010240
0 0.210373 0.217301 0.007305 0.007315
0 0.209825 0.202185 0.006939 0.011216
1 0.166728 0.116849 0.026662 0.027795
0 0.168006 0.097100 0.005844 0.009753
0 0.160884 0.100025 0.007670 0.009753
0 0.814828 0.743459 0.008766 0.008290
0 0.789080 0.742727 0.008400 0.010728
1 0.802593 0.762233 0.033236 0.046813
1 0.563550 0.535970 0.037984 0.048763
1 0.584551 0.493302 0.032505 0.041449
1 0.513331 0.611554 0.036888 0.042912
1 0.501826 0.580101 0.020453 0.031696
0 0.482286 0.707862 0.012783 0.015117
0 0.554419 0.081252 0.005844 0.009265
1 0.550767 0.061015 0.024105 0.029258
1 0.523923 0.268015 0.018627 0.035597
1 0.527392 0.311903 0.037253 0.033647
0 0.535245 0.270454 0.005478 0.009265
0 0.780131 0.078326 0.005844 0.009265
0 0.863221 0.136842 0.007670 0.009265
0 0.746881 0.802253 0.006584 0.009253
0 0.746535 0.816132 0.005198 0.010178
0 0.962924 0.750902 0.005544 0.008327
0 0.957034 0.747200 0.007623 0.007402
0 0.954955 0.740261 0.006237 0.008327
0 0.905579 0.665547 0.006584 0.008790
0 0.939882 0.630387 0.005891 0.008790
0 0.938669 0.616740 0.006930 0.009253
1 0.908004 0.644729 0.012821 0.025445
1 0.929141 0.667397 0.041927 0.032847
1 0.937803 0.561224 0.040541 0.044412
0 0.931220 0.554516 0.007277 0.008790
0 0.855509 0.152262 0.010395 0.013879
0 0.894837 0.050715 0.007970 0.011566
1 0.872834 0.051872 0.034650 0.042562
0 0.745842 0.033135 0.007970 0.011566
0 0.541060 0.021570 0.009356 0.011566
1 0.232675 0.226976 0.039848 0.024519
1 0.197332 0.221425 0.033611 0.038398
1 0.206514 0.186959 0.021483 0.027758
1 0.009182 0.320427 0.018364 0.054127
0 0.703222 0.976895 0.011435 0.012491
0 0.723493 0.602629 0.010395 0.013416
0 0.732328 0.926700 0.009356 0.012954
1 0.919482 0.294505 0.034910 0.022553
1 0.844219 0.029882 0.043544 0.055631
1 0.645833 0.076743 0.013138 0.045106
1 0.493431 0.058199 0.022147 0.037087
0 0.558934 0.037149 0.006757 0.008019
0 0.550488 0.040658 0.007132 0.009021
0 0.370308 0.098544 0.006381 0.008520
0 0.376689 0.102052 0.009384 0.016539
0 0.426239 0.095787 0.005631 0.009021
0 0.431869 0.098043 0.007132 0.009522
1 0.358483 0.109570 0.029279 0.035584
1 0.244557 0.131872 0.022898 0.019045
1 0.141704 0.093282 0.030405 0.030071
0 0.132132 0.027878 0.008258 0.009522
0 0.188626 0.051182 0.007883 0.010024
1 0.274024 0.706224 0.020270 0.045106