0 0.129945 0.212629 0.010442 0.012393
0 0.080926 0.250194 0.006381 0.011618
0 0.052210 0.301314 0.011602 0.013167
0 0.118053 0.331133 0.009862 0.015491
0 0.243648 0.314868 0.009282 0.012393
0 0.252930 0.287759 0.008122 0.012393
0 0.264242 0.322226 0.009862 0.013167
0 0.281645 0.341977 0.008702 0.012393
0 0.306880 0.414783 0.009282 0.015491
0 0.303109 0.470162 0.007541 0.011618
0 0.343717 0.540645 0.009862 0.013167
0 0.286286 0.177775 0.009862 0.013942
0 0.307170 0.201786 0.008702 0.013942
0 0.343427 0.184746 0.005801 0.009294
0 0.335306 0.250582 0.008122 0.013942
0 0.359380 0.309059 0.008702 0.016265
0 0.443787 0.005625 0.010442 0.011250
0 0.375624 0.005238 0.009862 0.010476
0 0.522392 0.049203 0.008702 0.012393
0 0.544437 0.075537 0.008702 0.013942
0 0.602448 0.091027 0.009862 0.012393
0 0.538346 0.196364 0.010442 0.010843
0 0.408400 0.134401 0.009282 0.013942
0 0.552268 0.388061 0.010442 0.016265
0 0.486425 0.389223 0.009862 0.012393
0 0.419132 0.346237 0.011022 0.014716
0 0.589976 0.510438 0.010442 0.017814
0 0.515721 0.463579 0.006961 0.013942
0 0.577503 0.403939 0.007541 0.012393
0 0.554299 0.721886 0.011022 0.016265
0 0.595487 0.715690 0.007541 0.010069
0 0.511950 0.882214 0.008702 0.013167
0 0.489326 0.851620 0.008702 0.015491
0 0.473663 0.869435 0.011022 0.013942
0 0.038578 0.847360 0.008702 0.013167
0 0.087597 0.865175 0.000000 0.000775
0 0.105291 0.730793 0.008702 0.013942
0 0.163012 0.740087 0.008122 0.010843
0 0.175484 0.760225 0.000580 0.000000
0 0.239297 0.742024 0.007541 0.011618
0 0.055111 0.548003 0.009282 0.013942
0 0.016533 0.593700 0.009862 0.012393
0 0.167073 0.089866 0.010442 0.013167
0 0.114863 0.087929 0.009282 0.013942
0 0.122114 0.024418 0.009862 0.012393
0 0.160691 0.057722 0.010442 0.013942
0 0.651468 0.211468 0.006961 0.011618
0 0.704548 0.238189 0.008702 0.013942
0 0.727463 0.172741 0.008122 0.011618
0 0.693236 0.324162 0.008122 0.013942
0 0.863209 0.318741 0.009282 0.012393
0 0.871621 0.273818 0.008702 0.012393
0 0.824342 0.262587 0.009282 0.011618
0 0.824922 0.396969 0.009282 0.012393
0 0.914839 0.549165 0.013923 0.017814
0 0.987644 0.521281 0.009862 0.013167
0 0.759369 0.603769 0.013923 0.018589
0 0.722532 0.678899 0.008702 0.010843
0 0.729783 0.683546 0.009282 0.012393
0 0.849577 0.789658 0.006381 0.010843
0 0.337626 0.702135 0.011602 0.013942
0 0.282805 0.742411 0.008702 0.010843
0 0.277004 0.750544 0.011022 0.014716
0 0.352419 0.814055 0.012182 0.013167
0 0.206230 0.773005 0.009862 0.016265
2 0.163302 0.672316 0.042348 0.047247
1 0.024075 0.496884 0.041188 0.041825
1 0.030166 0.539483 0.044089 0.051119
2 0.079766 0.530963 0.035387 0.043374
0 0.212612 0.695552 0.007541 0.011618
0 0.312101 0.824899 0.009282 0.011618
0 0.347198 0.834968 0.000580 0.000775
0 0.404919 0.895769 0.008122 0.012393
0 0.067293 0.147956 0.010442 0.013167
1 0.068743 0.173515 0.038868 0.041050
1 0.554009 0.224247 0.045249 0.032530
1 0.556619 0.247871 0.051630 0.034854
1 0.385486 0.091802 0.021464 0.052668
1 0.439726 0.256778 0.053370 0.086748
1 0.480624 0.180486 0.049310 0.064286
1 0.548498 0.016469 0.053951 0.032937
1 0.267722 0.060046 0.034227 0.065061
1 0.241617 0.094126 0.036547 0.058865
1 0.134296 0.073600 0.027265 0.044148
1 0.163882 0.140598 0.044669 0.069708
1 0.202170 0.179324 0.043509 0.043374
0 0.172294 0.163059 0.006961 0.009294
1 0.185926 0.035261 0.028426 0.051119
1 0.064103 0.117749 0.030746 0.048796
1 0.017113 0.134401 0.030746 0.049570
1 0.037417 0.130916 0.035387 0.031756
0 0.553138 0.982517 0.007541 0.012393
0 0.559520 0.993195 0.007541 0.013610
0 0.630294 0.961604 0.007541 0.012393
1 0.944715 0.517409 0.041188 0.054992
0 0.984163 0.339266 0.009862 0.011618
0 0.961538 0.067404 0.008702 0.011618
0 0.990834 0.067017 0.009282 0.012393
0 0.810709 0.354369 0.008702 0.010843
0 0.832173 0.359016 0.007541 0.010843
1 0.697007 0.144858 0.048149 0.048796
0 0.643636 0.104195 0.011022 0.010843
0 0.612020 0.160736 0.009282 0.013942
1 0.920640 0.138274 0.033647 0.034080
0 0.994257 0.246709 0.011486 0.013942
0 0.885254 0.461642 0.010442 0.013167
0 0.956317 0.319515 0.007541 0.010843
0 0.963569 0.323001 0.009282 0.016265
0 0.393027 0.047654 0.008702 0.013942
0 0.615316 0.577157 0.011655 0.014646
1 0.567668 0.552442 0.041135 0.071398
1 0.455231 0.412850 0.035651 0.094282
0 0.486715 0.442279 0.009282 0.014716
0 0.492226 0.434146 0.011022 0.012393
0 0.361991 0.869047 0.005801 0.008520
1 0.730196 0.405410 0.029823 0.050394
1 0.677773 0.105532 0.024697 0.035463
1 0.264445 0.527042 0.053588 0.055994
1 0.763031 0.686338 0.056950 0.051550
1 0.172297 0.737799 0.031532 0.030071
0 0.264380 0.725457 0.008316 0.010178
0 0.828378 0.048789 0.011712 0.014434
0 0.840811 0.005457 0.014595 0.010914
0 0.395597 0.927222 0.009154 0.011640
1 0.694257 0.595541 0.018581 0.027064
1 0.277872 0.434850 0.035473 0.030447
1 0.006982 0.261390 0.012162 0.037889
0 0.314865 0.045481 0.008108 0.011427
2 0.349550 0.200647 0.015315 0.016238
2 0.826126 0.832434 0.030631 0.039693
2 0.380818 0.317058 0.027402 0.027565