2 0.143678 0.161345 0.031928 0.056194
2 0.151980 0.366965 0.040868 0.043423
2 0.167305 0.384845 0.034483 0.051937
2 0.065453 0.652618 0.040230 0.040868
2 0.016284 0.641124 0.032567 0.045126
2 0.011175 0.679438 0.022350 0.043423
2 0.068966 0.698169 0.043423 0.050234
2 0.113346 0.727969 0.027458 0.040017
2 0.171775 0.708387 0.052363 0.053640
2 0.204023 0.778203 0.030013 0.040017
1 0.079502 0.569604 0.060664 0.057046
2 0.244253 0.856960 0.033844 0.063006
1 0.219029 0.849723 0.025543 0.065560
1 0.249681 0.753512 0.029374 0.051937
1 0.237867 0.779055 0.026181 0.041720
1 0.234994 0.797786 0.040868 0.057046
2 0.219987 0.761175 0.032567 0.048531
2 0.376552 0.468966 0.042759 0.059770
2 0.591034 0.829425 0.051034 0.037701
2 0.656552 0.792644 0.038621 0.046897
2 0.440000 0.741609 0.040000 0.068046
2 0.692069 0.537011 0.042069 0.054253
2 0.778966 0.525517 0.043448 0.044138
2 0.772414 0.659770 0.033103 0.044138
0 0.302069 0.096552 0.011034 0.015632
0 0.128966 0.725517 0.011034 0.013793
0 0.510345 0.926437 0.009655 0.016552
1 0.835517 0.800000 0.022759 0.032184
1 0.795517 0.799080 0.055862 0.048736
1 0.889655 0.636322 0.023448 0.043218
1 0.982414 0.366897 0.035172 0.052414
1 0.980345 0.295172 0.039310 0.061609
1 0.931724 0.210575 0.035862 0.052414
1 0.900000 0.205977 0.031724 0.065287
2 0.626897 0.123678 0.041379 0.064368
2 0.573382 0.039674 0.042202 0.035595
1 0.587931 0.158621 0.035172 0.068046
2 0.774828 0.244253 0.046207 0.049425
2 0.380234 0.642447 0.033867 0.059113
1 0.431034 0.811576 0.057882 0.054187
1 0.481219 0.490558 0.041256 0.041051
1 0.524323 0.512726 0.020320 0.019704
1 0.591315 0.449127 0.028097 0.047680
1 0.607176 0.487418 0.027959 0.048462
0 0.593059 0.389920 0.009284 0.011789
2 0.255872 0.613274 0.020086 0.034854
1 0.306452 0.816834 0.022247 0.023730
1 0.256674 0.704116 0.036151 0.048943
1 0.166296 0.942529 0.040044 0.052651
1 0.185206 0.341491 0.024472 0.041528
1 0.263348 0.340007 0.022803 0.051910
1 0.325918 0.164627 0.036707 0.071932
0 0.339544 0.182796 0.008343 0.011865
2 0.272247 0.065628 0.027253 0.040044
2 0.293660 0.071190 0.034483 0.048202
1 0.312570 0.031887 0.057842 0.039303
2 0.280590 0.009826 0.061735 0.019651
1 0.855395 0.866889 0.035595 0.057100
1 0.545019 0.845892 0.038953 0.054491
1 0.530971 0.899532 0.024904 0.032354
1 0.970945 0.989357 0.024904 0.021286
1 0.108621 0.062069 0.034483 0.043678
1 0.008621 0.173897 0.017241 0.066741
1 0.006674 0.334446 0.013348 0.043752