1 0.017939 0.093175 0.035878 0.057043
1 0.135030 0.155080 0.037333 0.052506
1 0.184485 0.159942 0.035394 0.057043
1 0.050424 0.200780 0.038788 0.066119
2 0.150788 0.228005 0.031030 0.045375
1 0.119273 0.233839 0.033939 0.042783
1 0.120000 0.286345 0.030545 0.044079
1 0.132848 0.293800 0.027152 0.044727
1 0.154424 0.341444 0.035394 0.031115
1 0.142788 0.313895 0.035394 0.043431
1 0.070788 0.358298 0.035879 0.046672
1 0.119515 0.399460 0.029576 0.038245
1 0.118788 0.421175 0.041697 0.035004
1 0.086303 0.418258 0.037818 0.038245
1 0.072242 0.453910 0.032000 0.049913
1 0.197333 0.522946 0.040727 0.044079
1 0.197818 0.552116 0.032970 0.033708
1 0.164606 0.703152 0.031515 0.049265
1 0.121212 0.677223 0.032970 0.049265
1 0.141818 0.826638 0.038303 0.049913
1 0.135515 0.882709 0.037333 0.057043
1 0.093091 0.907989 0.032000 0.044079
1 0.096970 0.968274 0.031030 0.044079
2 0.059879 0.921926 0.016970 0.052506
1 0.040970 0.915444 0.025697 0.039542
1 0.081939 0.789041 0.039758 0.056395
1 0.037091 0.758250 0.048970 0.038893
1 0.043394 0.753065 0.026667 0.070008
1 0.016727 0.699586 0.033454 0.039542
1 0.011394 0.715792 0.022788 0.042134
1 0.071515 0.849974 0.032485 0.038245
1 0.045576 0.812053 0.032970 0.046672
1 0.008242 0.918037 0.016484 0.044727
1 0.059636 0.879792 0.031030 0.040838
1 0.041939 0.853863 0.022788 0.027874
1 0.008000 0.847057 0.016000 0.037597
1 0.051152 0.983813 0.025697 0.032374
1 0.279515 0.931001 0.035394 0.052506
1 0.291879 0.889191 0.022303 0.042783
1 0.319273 0.884005 0.034424 0.046672
1 0.317576 0.937808 0.036848 0.059636
1 0.314667 0.976053 0.052364 0.042783
1 0.353939 0.914796 0.026182 0.038245
1 0.369455 0.893729 0.034909 0.044079
1 0.317333 0.731349 0.041212 0.033059
1 0.323636 0.650646 0.029576 0.049265
1 0.295273 0.568970 0.025212 0.037597
1 0.322909 0.576424 0.029091 0.038245
1 0.308121 0.621476 0.033455 0.041486
1 0.295030 0.593602 0.038303 0.040190
1 0.312242 0.516464 0.036848 0.041486
1 0.265939 0.453910 0.032485 0.038245
1 0.307152 0.453910 0.039273 0.052506
1 0.257455 0.395895 0.032970 0.041486
1 0.292606 0.382930 0.026667 0.035004
1 0.282667 0.351167 0.044606 0.044079
1 0.244364 0.365752 0.040727 0.057692
1 0.256485 0.300930 0.037818 0.039542
1 0.312000 0.306116 0.044121 0.038245
1 0.329455 0.351167 0.044121 0.045375
1 0.257212 0.238701 0.026667 0.048617
1 0.244121 0.253610 0.035394 0.047320
1 0.269576 0.260740 0.030061 0.043431
1 0.298909 0.238701 0.038303 0.040838
1 0.307636 0.168045 0.031515 0.034356
1 0.291152 0.153784 0.033455 0.038245
1 0.302788 0.131744 0.036364 0.033059
1 0.260848 0.115863 0.023273 0.040190
1 0.257455 0.077618 0.047515 0.035004
1 0.199515 0.056227 0.038303 0.037597
1 0.267879 0.020011 0.043152 0.040021
1 0.303030 0.054606 0.037818 0.035652
1 0.330424 0.067570 0.032485 0.056395
1 0.357576 0.037428 0.026667 0.038893
1 0.330182 0.013528 0.037818 0.027056
1 0.353212 0.162859 0.036364 0.046024
1 0.381818 0.128827 0.026667 0.044079
1 0.405333 0.187816 0.024242 0.040190
1 0.435879 0.194946 0.029091 0.057043
1 0.455030 0.199808 0.037333 0.043431
1 0.482909 0.200456 0.034909 0.046024
1 0.444121 0.256203 0.033939 0.025281
1 0.426909 0.239997 0.028606 0.035652
1 0.436364 0.291531 0.038788 0.038893
1 0.413576 0.307412 0.031030 0.021391
1 0.421818 0.322321 0.046545 0.040838
1 0.368485 0.337879 0.028121 0.046024
1 0.396364 0.366401 0.035394 0.048617
1 0.466182 0.407238 0.030545 0.044727
1 0.451636 0.381310 0.031515 0.082324
1 0.433212 0.484377 0.039273 0.038245
1 0.426182 0.421499 0.031030 0.061581
1 0.431758 0.393626 0.026667 0.055099
1 0.357091 0.650321 0.037333 0.061581
1 0.382545 0.643839 0.028121 0.057692
1 0.332121 0.699910 0.040727 0.058340
1 0.367515 0.715144 0.030061 0.049913
1 0.356121 0.736535 0.024727 0.046024
1 0.397576 0.723895 0.041697 0.053154
1 0.388848 0.682733 0.031030 0.065470
1 0.411879 0.664582 0.017939 0.066767
1 0.416000 0.627310 0.034909 0.036300
1 0.437818 0.617586 0.037818 0.046672
1 0.445576 0.606567 0.037818 0.053154
1 0.491152 0.603650 0.038788 0.048617
1 0.477333 0.498314 0.029576 0.053154
1 0.468121 0.521974 0.028606 0.040838
1 0.498909 0.553088 0.035879 0.049913
2 0.512970 0.514843 0.034909 0.036949
1 0.542061 0.513871 0.025212 0.044079
1 0.503758 0.490211 0.043636 0.049913
1 0.429576 0.982192 0.042667 0.035615
1 0.461333 0.973765 0.031515 0.052469
1 0.509818 0.981220 0.039273 0.037560
1 0.535273 0.945910 0.022303 0.034356
1 0.554182 0.944614 0.030061 0.058988
1 0.581576 0.972812 0.020848 0.037597
1 0.545455 0.986100 0.036848 0.025281
1 0.487273 0.925491 0.027152 0.049265
1 0.426182 0.933918 0.047515 0.058340
1 0.421091 0.855484 0.035394 0.063526
1 0.457939 0.834416 0.041212 0.048617
1 0.474182 0.883033 0.033939 0.079731
1 0.496242 0.804922 0.025697 0.044079
1 0.472727 0.774780 0.022303 0.073249
1 0.393455 0.777697 0.047030 0.046672
1 0.424242 0.768298 0.036848 0.030466
1 0.461818 0.707365 0.027636 0.062877
1 0.433939 0.734590 0.036848 0.042134
1 0.420848 0.692132 0.036848 0.064822
1 0.455515 0.553412 0.059636 0.045375
1 0.585455 0.318108 0.037333 0.036300
1 0.555636 0.315515 0.033939 0.049265
1 0.548364 0.298337 0.029091 0.051209
1 0.540364 0.345009 0.041212 0.035652
1 0.500606 0.335610 0.038303 0.040190
1 0.509091 0.251665 0.037818 0.051209
1 0.484364 0.280511 0.034909 0.055747
1 0.533576 0.260740 0.024727 0.043431
1 0.521697 0.297041 0.033939 0.046024
1 0.561939 0.375800 0.023273 0.036300
1 0.496970 0.445159 0.036848 0.054451
1 0.520970 0.392329 0.035394 0.047320
1 0.542788 0.409507 0.035394 0.038893
2 0.580364 0.480812 0.025212 0.037597
2 0.658667 0.972163 0.031515 0.040190
1 0.618667 0.438367 0.027556 0.040406
1 0.599778 0.464512 0.030667 0.049913
1 0.562000 0.463324 0.044000 0.054667
1 0.576444 0.466592 0.024889 0.044565
1 0.579778 0.522744 0.040444 0.036841
1 0.578667 0.498976 0.042667 0.046348
1 0.536000 0.597911 0.048000 0.051696
1 0.585111 0.584541 0.020889 0.039217
1 0.610444 0.593157 0.015556 0.031493
1 0.632222 0.604744 0.020889 0.039217
1 0.660444 0.585729 0.040889 0.029710
1 0.623111 0.539085 0.020444 0.037435
1 0.595556 0.548295 0.029333 0.038029
1 0.579556 0.570874 0.040000 0.043971
1 0.612000 0.628512 0.035556 0.047536
1 0.565333 0.686447 0.023111 0.043377
1 0.576444 0.673374 0.042667 0.051696
1 0.512222 0.725070 0.036000 0.033870
1 0.506222 0.667432 0.028444 0.032681
1 0.467333 0.665056 0.033333 0.029116
1 0.536444 0.674563 0.032889 0.086159
1 0.502889 0.698034 0.036000 0.060609
1 0.621333 0.953541 0.028444 0.040406
1 0.591556 0.928287 0.024889 0.037435
1 0.589778 0.901845 0.032000 0.040406
1 0.628444 0.886099 0.031111 0.043377
1 0.643333 0.919374 0.021778 0.032681
1 0.705778 0.947302 0.036444 0.037435
1 0.802889 0.945816 0.048444 0.027333
1 0.781556 0.982360 0.036000 0.035058
1 0.744222 0.988655 0.024444 0.022690
1 0.770000 0.901845 0.033333 0.033275
1 0.792889 0.898874 0.036444 0.047536
1 0.764000 0.862925 0.040889 0.039812
1 0.679556 0.857577 0.031111 0.062391
1 0.664444 0.899171 0.026667 0.049319
1 0.695556 0.902737 0.019556 0.026739
1 0.716444 0.889961 0.036444 0.058232
1 0.748000 0.931258 0.034667 0.033870
1 0.614667 0.802911 0.023111 0.044565
1 0.527778 0.843911 0.028000 0.030304
1 0.532667 0.869758 0.033333 0.049913
1 0.572222 0.866787 0.018222 0.039217
1 0.558667 0.897092 0.032000 0.045159
1 0.547556 0.818657 0.012444 0.033275
1 0.543778 0.788650 0.041333 0.062391
1 0.626667 0.709621 0.017778 0.044565
1 0.638667 0.710512 0.016889 0.028522
1 0.609778 0.710215 0.037333 0.031493
1 0.591778 0.748838 0.048444 0.082594
1 0.577111 0.749432 0.041333 0.036246
1 0.546889 0.735469 0.029778 0.041594
1 0.496000 0.768150 0.029333 0.042783
1 0.514889 0.758940 0.043111 0.039812
1 0.597111 0.848664 0.044889 0.063580
1 0.664667 0.818360 0.037778 0.061203
1 0.844000 0.960374 0.030222 0.049319
1 0.834000 0.924128 0.034222 0.036246
1 0.970667 0.983010 0.051556 0.033980
1 0.477750 0.083386 0.042500 0.057489
1 0.447500 0.076701 0.037000 0.044120
1 0.436000 0.014620 0.078000 0.029239
2 0.769250 0.102103 0.028500 0.040109
1 0.841500 0.164272 0.035000 0.057489
1 0.874250 0.159592 0.034500 0.049467
1 0.885250 0.139538 0.037500 0.033424
1 0.803250 0.099764 0.066500 0.091582
1 0.804250 0.104777 0.031500 0.085565
1 0.816500 0.024894 0.039000 0.042114
1 0.842250 0.017628 0.048500 0.035255
1 0.887750 0.097090 0.054500 0.048799
1 0.875250 0.086394 0.024500 0.023397
1 0.914750 0.047622 0.046500 0.060832
1 0.881250 0.023557 0.017500 0.032755
1 0.868000 0.032247 0.017000 0.032755
1 0.858750 0.059989 0.067500 0.052141
1 0.826500 0.244489 0.049000 0.057489
1 0.874250 0.278916 0.026500 0.032755
1 0.860000 0.250171 0.033000 0.048799
1 0.895000 0.246495 0.028000 0.041446
1 0.873000 0.210731 0.053000 0.044788
1 0.797750 0.315348 0.034500 0.036098
1 0.704250 0.236133 0.045500 0.055484
1 0.677500 0.416622 0.026000 0.059495
1 0.661250 0.365484 0.047500 0.053478
1 0.689750 0.360470 0.041500 0.072864
1 0.731750 0.378185 0.042500 0.058826
1 0.759500 0.339747 0.034000 0.038103
1 0.774000 0.262538 0.071000 0.056152
1 0.783000 0.290948 0.049000 0.050136
1 0.668750 0.305989 0.048500 0.056152
1 0.684500 0.290280 0.045000 0.059495
1 0.727250 0.281590 0.042500 0.044788
1 0.800250 0.382530 0.036500 0.043451
1 0.836250 0.326378 0.035500 0.046125
1 0.854500 0.308663 0.036000 0.033424
1 0.876000 0.317353 0.041000 0.054815
1 0.886500 0.330723 0.037000 0.037435
1 0.904500 0.318690 0.049000 0.050804
1 0.939000 0.160261 0.021000 0.050804
1 0.989250 0.101101 0.021500 0.047462
1 0.958500 0.043611 0.032000 0.039440
1 0.969000 0.073024 0.048000 0.048799
1 0.978500 0.018296 0.040000 0.036592
1 0.913500 0.160261 0.038000 0.054815
1 0.961750 0.183992 0.030500 0.028745
1 0.962000 0.148228 0.031000 0.069522
1 0.984250 0.200370 0.029500 0.044120
1 0.981250 0.163269 0.034500 0.048799
1 0.946250 0.234796 0.030500 0.038103
1 0.943750 0.210731 0.058500 0.046125
1 0.907000 0.217750 0.027000 0.056152
1 0.931500 0.263541 0.053000 0.055484
1 0.967250 0.292285 0.047500 0.054147
1 0.990000 0.268889 0.020000 0.066179
1 0.969500 0.335068 0.035000 0.048799
1 0.941250 0.347435 0.034500 0.041446
1 0.974750 0.401916 0.028500 0.046125
1 0.863750 0.384535 0.041500 0.043451
1 0.844500 0.445701 0.037000 0.041446
1 0.758000 0.479459 0.035000 0.040777
1 0.766750 0.445701 0.027500 0.048130
1 0.792500 0.431663 0.036000 0.037435
1 0.801500 0.502187 0.041000 0.054147
1 0.776000 0.504193 0.041000 0.054147
1 0.882000 0.505530 0.042000 0.058158
1 0.879000 0.414617 0.034000 0.042114
1 0.954250 0.425647 0.034500 0.034761
1 0.936750 0.472774 0.024500 0.032755
1 0.954000 0.506198 0.030000 0.050136
1 0.983750 0.485810 0.032500 0.042783
1 0.978750 0.452720 0.038500 0.036766
1 0.894750 0.387543 0.038500 0.046793
1 0.919500 0.422639 0.034000 0.050136
1 0.944500 0.550318 0.028000 0.027408
1 0.855500 0.537283 0.032000 0.028076
1 0.859000 0.602125 0.052000 0.046793
1 0.808750 0.611818 0.034500 0.051473
1 0.700000 0.551989 0.031000 0.048130
1 0.652000 0.543967 0.028000 0.054815
1 0.663500 0.519234 0.032000 0.057489
1 0.637250 0.478791 0.025500 0.066179
1 0.718000 0.487481 0.037000 0.064842
1 0.765750 0.574383 0.039500 0.079549
1 0.772250 0.653932 0.031500 0.039440
1 0.750000 0.670644 0.047000 0.058158
1 0.695000 0.701394 0.042000 0.054147
1 0.721000 0.700391 0.027000 0.038772
1 0.712250 0.663959 0.027500 0.040777
1 0.675250 0.618168 0.035500 0.044120
1 0.645250 0.663625 0.043500 0.052141
1 0.693500 0.751530 0.024000 0.039440
1 0.661500 0.716435 0.032000 0.038772
1 0.658000 0.757546 0.035000 0.047462
1 0.642000 0.774258 0.043000 0.062168
1 0.692000 0.807014 0.044000 0.063505
1 0.721750 0.795984 0.033500 0.072196
1 0.743500 0.774927 0.058000 0.091582
1 0.825000 0.785622 0.035000 0.039440
1 0.902500 0.596443 0.029000 0.055484
1 0.916750 0.615829 0.031500 0.054147
1 0.952000 0.633543 0.027000 0.022728
1 0.942250 0.704736 0.031500 0.035429
1 0.930500 0.725459 0.023000 0.044788
1 0.988250 0.740500 0.023500 0.064174
1 0.887000 0.786291 0.020000 0.032755
1 0.897500 0.790970 0.026000 0.042114
1 0.974750 0.824394 0.031500 0.040777
1 0.975500 0.776932 0.020000 0.038103
1 0.960000 0.761557 0.037000 0.032755
1 0.961000 0.785288 0.028000 0.034761
1 0.987250 0.788630 0.024500 0.054815
1 0.893500 0.717772 0.032000 0.024065
1 0.896500 0.646913 0.022000 0.036098
1 0.875000 0.656940 0.032000 0.069522
1 0.849750 0.646579 0.038500 0.040777
1 0.812500 0.645576 0.041000 0.044120
1 0.841000 0.694375 0.036000 0.073533
1 0.855000 0.772253 0.036000 0.036766
1 0.849500 0.806011 0.031000 0.036098
1 0.811000 0.834421 0.043000 0.048799
1 0.905000 0.851802 0.021000 0.059495
1 0.966500 0.866508 0.029000 0.035429
1 0.946000 0.858486 0.022000 0.047462
1 0.901750 0.917981 0.032500 0.051473
1 0.974750 0.934693 0.036500 0.074201
1 0.861750 0.932019 0.077500 0.095592
1 0.838750 0.865171 0.051500 0.074201
1 0.800500 0.712424 0.061000 0.089576
1 0.933250 0.623851 0.049500 0.043451
1 0.712750 0.589758 0.051500 0.072864
1 0.527590 0.579616 0.040205 0.059237
1 0.539692 0.566178 0.020103 0.044428
1 0.576205 0.623496 0.046359 0.046074
1 0.658872 0.610881 0.024615 0.040589
1 0.930872 0.794078 0.066462 0.084468
1 0.898667 0.461690 0.061128 0.070207
1 0.834872 0.395048 0.037744 0.037846
1 0.807590 0.409309 0.029949 0.033458
0 0.326171 0.401692 0.012343 0.017724
0 0.306286 0.546847 0.012800 0.008557
0 0.088000 0.196641 0.011429 0.015891
0 0.402743 0.108325 0.010057 0.015280
0 0.635429 0.442335 0.007314 0.012224
1 0.559314 0.766261 0.010514 0.014668
0 0.754286 0.978952 0.010971 0.017113
0 0.757714 0.961839 0.050743 0.048894
1 0.955200 0.917528 0.045257 0.050728
1 0.988914 0.601548 0.022171 0.039727
1 0.971200 0.581990 0.023314 0.026281
1 0.947429 0.582296 0.038857 0.051339
0 0.958400 0.398025 0.007771 0.012835
0 0.854400 0.508954 0.010057 0.011001
0 0.608686 0.936780 0.010514 0.012224
0 0.431086 0.785513 0.008229 0.014057
0 0.988114 0.697198 0.010514 0.017113