0 0.086400 0.936601 0.008229 0.012174
0 0.129371 0.843470 0.005486 0.009739
0 0.152686 0.788991 0.006400 0.007913
0 0.168000 0.822470 0.005943 0.009130
0 0.168229 0.814252 0.006400 0.008522
0 0.246629 0.853513 0.006857 0.010348
0 0.226971 0.843774 0.005943 0.007913
0 0.180343 0.929296 0.007771 0.012174
0 0.193371 0.953036 0.007314 0.009739
0 0.209600 0.912861 0.008686 0.012174
0 0.053714 0.821252 0.007771 0.010348
0 0.019429 0.835861 0.009600 0.011565
0 0.028571 0.790209 0.006857 0.009130
0 0.020571 0.801165 0.007314 0.009130
0 0.014400 0.803904 0.006857 0.012174
0 0.081143 0.791730 0.005943 0.010957
0 0.102171 0.769817 0.007771 0.009739
0 0.116571 0.771643 0.007314 0.010957
0 0.074514 0.738773 0.008229 0.010957
0 0.051886 0.703773 0.006857 0.010348
0 0.063314 0.684295 0.006857 0.009130
0 0.045486 0.669990 0.006857 0.007304
0 0.152914 0.679730 0.008686 0.012174
0 0.145829 0.638642 0.007314 0.010348
0 0.106514 0.654773 0.008229 0.010957
0 0.094400 0.641077 0.006857 0.011565
0 0.089829 0.639860 0.007771 0.011565
0 0.153026 0.512505 0.006564 0.010379
0 0.157744 0.508135 0.008615 0.010379
0 0.025026 0.440671 0.009026 0.010925
0 0.027897 0.424556 0.007385 0.010379
0 0.085538 0.345620 0.008615 0.013110
0 0.084718 0.328686 0.010256 0.012018
0 0.015385 0.206595 0.007795 0.010379
0 0.034872 0.218066 0.009026 0.010379
0 0.019077 0.244833 0.006974 0.012564
0 0.035077 0.242375 0.007795 0.009833
0 0.038974 0.259856 0.008205 0.010925
0 0.096410 0.280887 0.006564 0.009287
0 0.159385 0.312298 0.008615 0.009833
0 0.203077 0.321857 0.007385 0.010379
0 0.207795 0.377030 0.008615 0.010379
0 0.183179 0.390960 0.007795 0.009833
0 0.283897 0.399427 0.009026 0.010379
0 0.301128 0.404344 0.000000 0.000546
0 0.290872 0.297821 0.008205 0.011472
0 0.237744 0.282253 0.006974 0.009833
0 0.324308 0.259310 0.005333 0.006555
0 0.329641 0.265865 0.006974 0.009833
0 0.317744 0.245926 0.006974 0.010379
0 0.306872 0.221071 0.006564 0.008740
0 0.298667 0.319945 0.008205 0.012018
0 0.196513 0.685672 0.007385 0.011472
0 0.223590 0.617388 0.006564 0.011472
0 0.268103 0.640605 0.008615 0.009833
0 0.251897 0.675020 0.007385 0.008740
0 0.252923 0.699602 0.006974 0.009833
0 0.307897 0.684853 0.007795 0.009833
0 0.040444 0.137409 0.008000 0.010060
0 0.052889 0.136226 0.008889 0.011244
0 0.058444 0.124094 0.006667 0.008285
0 0.097556 0.048049 0.006667 0.010060
0 0.186222 0.023786 0.008000 0.011244
0 0.189111 0.152796 0.009333 0.010060
0 0.246889 0.144807 0.007556 0.010652
0 0.261556 0.116697 0.007556 0.010060
0 0.252889 0.742811 0.006222 0.008877
0 0.246222 0.738965 0.008000 0.010652
0 0.263333 0.751096 0.007556 0.010060
0 0.258667 0.788971 0.007111 0.010060
0 0.258889 0.776543 0.010222 0.010060
0 0.262769 0.767885 0.007795 0.012018
0 0.317744 0.770617 0.006154 0.007648
0 0.238154 0.844909 0.006974 0.008740
0 0.293949 0.986393 0.007795 0.010925
0 0.399795 0.972736 0.006974 0.007648
0 0.520821 0.835623 0.007795 0.010925
0 0.546462 0.858839 0.005744 0.009287
0 0.558154 0.869218 0.006974 0.011472
0 0.552205 0.861844 0.007385 0.010925
0 0.581949 0.805305 0.006974 0.010379
0 0.586462 0.829067 0.007795 0.008740
0 0.584205 0.835350 0.007385 0.009287
0 0.575795 0.857473 0.005333 0.007648
0 0.571077 0.860478 0.006564 0.009287
0 0.566974 0.864029 0.006564 0.012018
0 0.684308 0.886699 0.006564 0.009287
0 0.667692 0.860205 0.006974 0.008740
0 0.724103 0.834257 0.009026 0.010379
0 0.573128 0.946242 0.009026 0.010379
0 0.413538 0.970551 0.007385 0.007648
0 0.809436 0.912646 0.006564 0.009833
0 0.948718 0.798750 0.006974 0.010379
0 0.889846 0.778811 0.007385 0.009833
0 0.844308 0.750678 0.008205 0.009287
0 0.863795 0.738387 0.006154 0.007648
0 0.859077 0.731832 0.007385 0.008740
0 0.812513 0.717629 0.007795 0.010925
0 0.739897 0.773348 0.008615 0.009833
0 0.830359 0.682941 0.009846 0.013657
0 0.907077 0.647433 0.009026 0.012564
0 0.891282 0.590894 0.007795 0.012018
0 0.963487 0.562488 0.006154 0.009833
0 0.968821 0.542550 0.006974 0.011472
0 0.893949 0.436574 0.007385 0.010379
0 0.846359 0.446953 0.008205 0.011472
0 0.875282 0.573687 0.009436 0.012564
0 0.761026 0.520153 0.006564 0.010379
0 0.780718 0.541457 0.009846 0.013657
0 0.802462 0.477817 0.008205 0.010925
0 0.805744 0.457878 0.009026 0.011472
0 0.788718 0.606190 0.007795 0.010925
0 0.785436 0.628314 0.013538 0.013657
0 0.760000 0.659724 0.008615 0.013110
0 0.731897 0.594445 0.008205 0.010379
0 0.755077 0.564674 0.007795 0.010925
0 0.740103 0.545554 0.009846 0.013110
0 0.735590 0.467438 0.007385 0.010925
0 0.713436 0.483826 0.009026 0.013110
0 0.686769 0.439578 0.008205 0.010925
0 0.657846 0.445587 0.008615 0.012018
0 0.651692 0.446680 0.008615 0.012018
0 0.644308 0.493112 0.008615 0.010925
0 0.600205 0.478090 0.008205 0.010379
0 0.587282 0.494751 0.009436 0.010925
0 0.563077 0.516056 0.006974 0.008740
0 0.567385 0.496936 0.006564 0.008740
0 0.547282 0.502126 0.007385 0.010379
0 0.569231 0.470442 0.009436 0.012564
0 0.569641 0.447226 0.008615 0.014203
0 0.556718 0.430018 0.007385 0.010379
0 0.608615 0.581062 0.006974 0.010925
0 0.593231 0.563581 0.006564 0.008740
0 0.591179 0.555933 0.007385 0.008740
0 0.624821 0.623671 0.009846 0.013110
0 0.580718 0.632957 0.008615 0.012018
0 0.536410 0.660817 0.008615 0.012018
0 0.546667 0.747127 0.007795 0.013110
0 0.526974 0.640332 0.009436 0.011472
0 0.513641 0.607009 0.008205 0.011472
0 0.506667 0.580788 0.009026 0.011472
0 0.435692 0.588709 0.009026 0.009833
0 0.392615 0.625856 0.009846 0.015296
0 0.432410 0.562762 0.009026 0.011472
0 0.428513 0.545008 0.008615 0.014203
0 0.448205 0.494205 0.008615 0.009833
0 0.433846 0.504311 0.006974 0.011472
0 0.514462 0.533809 0.009026 0.009287
0 0.480615 0.421278 0.007795 0.010379
0 0.498256 0.397242 0.007795 0.011472
0 0.439795 0.372387 0.006564 0.008740
0 0.481846 0.354633 0.008615 0.012564
0 0.587282 0.383039 0.007795 0.009287
0 0.624410 0.377303 0.009026 0.013110
0 0.616000 0.375392 0.007795 0.011472
0 0.653128 0.284438 0.009026 0.012018
0 0.605949 0.239098 0.008205 0.013110
0 0.648615 0.241283 0.007385 0.009833
0 0.691897 0.286623 0.007795 0.010925
0 0.688000 0.218886 0.009846 0.014203
0 0.717949 0.272420 0.007385 0.009833
0 0.735590 0.227899 0.007385 0.009287
0 0.737026 0.162074 0.006974 0.009833
0 0.688000 0.116460 0.008205 0.012564
0 0.786667 0.112636 0.008615 0.012564
0 0.776205 0.221344 0.008205 0.011472
0 0.758564 0.252754 0.004923 0.007648
0 0.753231 0.247838 0.006564 0.012018
0 0.748923 0.247838 0.007795 0.010925
0 0.742769 0.247838 0.006154 0.009833
0 0.804308 0.244833 0.006974 0.010379
0 0.794051 0.279521 0.006154 0.008740
0 0.768821 0.406256 0.009846 0.013110
0 0.871795 0.285804 0.009026 0.011472
0 0.873436 0.180647 0.009026 0.013110
0 0.877333 0.130117 0.008615 0.010379
0 0.870974 0.108539 0.006564 0.010925
0 0.900513 0.062107 0.007385 0.010925
0 0.856821 0.058556 0.006154 0.009287
0 0.828718 0.024141 0.008205 0.011472
0 0.630359 0.041895 0.006154 0.009833
0 0.584205 0.111817 0.008205 0.012018
0 0.573949 0.135853 0.008205 0.012018
0 0.542769 0.136399 0.006564 0.010925
0 0.544000 0.150875 0.007385 0.008194
0 0.534154 0.133668 0.007385 0.008740
0 0.528410 0.140496 0.009026 0.008194
0 0.523077 0.132029 0.007385 0.009833
0 0.441436 0.181739 0.007385 0.010925
0 0.439795 0.265865 0.009846 0.014203
0 0.370051 0.208233 0.004923 0.008194
0 0.375385 0.209053 0.009026 0.013110
0 0.356513 0.220251 0.006564 0.009287
0 0.364923 0.219159 0.006974 0.008194
0 0.371282 0.227080 0.006564 0.008740
0 0.374564 0.424283 0.006564 0.010925
0 0.354462 0.413630 0.005744 0.009287
0 0.349538 0.413903 0.006564 0.009833
0 0.748513 0.634596 0.010256 0.009833
0 0.732923 0.649891 0.007795 0.012018
0 0.787897 0.875500 0.008615 0.012018
0 0.858462 0.866214 0.009436 0.010925
0 0.891282 0.684853 0.008615 0.013110
0 0.865846 0.360915 0.006974 0.008740
0 0.837949 0.197035 0.006974 0.009833
0 0.705026 0.049542 0.006974 0.009833
0 0.754462 0.031516 0.008205 0.013110
0 0.471795 0.013216 0.008205 0.010379
0 0.428513 0.047904 0.007795 0.009833
0 0.416205 0.105808 0.008615 0.014203
0 0.349333 0.042987 0.006154 0.009833
0 0.354051 0.033154 0.008205 0.010925
0 0.363077 0.058283 0.006564 0.009833
0 0.342359 0.078222 0.009436 0.013657
0 0.347487 0.132302 0.009026 0.012564
0 0.353641 0.156065 0.005744 0.009833
0 0.368205 0.156884 0.007795 0.009287
0 0.379077 0.166171 0.008205 0.010379
0 0.311590 0.157157 0.006154 0.008740
0 0.314667 0.185290 0.006564 0.009287
0 0.286154 0.208507 0.007795 0.010925
0 0.226051 0.319399 0.006564 0.008740
0 0.264410 0.253847 0.006974 0.009833
0 0.202256 0.191572 0.006564 0.008740
0 0.198154 0.199220 0.008205 0.009833
0 0.179487 0.204136 0.006974 0.010925
0 0.076718 0.974102 0.007385 0.010379
1 0.072000 0.952797 0.032410 0.044248
1 0.061128 0.924391 0.033641 0.045340
1 0.032205 0.954709 0.024205 0.037146
1 0.032000 0.923299 0.032000 0.047525
1 0.029949 0.861844 0.036103 0.034961
1 0.037128 0.816776 0.043897 0.059543
1 0.011692 0.762150 0.023384 0.044248
1 0.011487 0.793014 0.022974 0.041516
1 0.009846 0.706703 0.019692 0.073200
1 0.024000 0.684579 0.023385 0.026767
1 0.075692 0.706157 0.026667 0.036054
1 0.124923 0.694685 0.036513 0.062275
1 0.151385 0.634869 0.037744 0.034415
1 0.121231 0.653442 0.044718 0.035507
1 0.114256 0.634050 0.041436 0.029498
1 0.049436 0.570682 0.031590 0.053534
1 0.074872 0.558391 0.019282 0.039878
1 0.097436 0.575053 0.030769 0.048072
0 0.105026 0.588163 0.005744 0.008740
0 0.103795 0.595811 0.006564 0.009833
0 0.105846 0.428106 0.004923 0.008740
1 0.097026 0.440397 0.034051 0.054081
1 0.108718 0.475359 0.042667 0.033322
1 0.015590 0.501580 0.031179 0.066098
1 0.012718 0.325135 0.025436 0.036600
1 0.020718 0.356272 0.041436 0.074839
1 0.117949 0.367198 0.059487 0.058451
1 0.133744 0.326501 0.035282 0.034961
1 0.085333 0.277883 0.039385 0.032776
1 0.122872 0.276244 0.031590 0.048072
1 0.094359 0.255486 0.053333 0.041516
1 0.155897 0.275151 0.032000 0.025128
1 0.096410 0.334968 0.031179 0.044248
1 0.154462 0.368290 0.017641 0.020212
1 0.159179 0.363647 0.027897 0.037146
1 0.178256 0.311478 0.024205 0.033322
1 0.170667 0.289354 0.033641 0.029498
1 0.154462 0.315029 0.020923 0.039331
1 0.176615 0.328686 0.029949 0.054627
1 0.218667 0.301099 0.020513 0.030045
1 0.201231 0.301645 0.038974 0.049710
2 0.189333 0.269962 0.010256 0.013657
2 0.219692 0.268050 0.011077 0.015296
2 0.238154 0.214242 0.011897 0.016934
1 0.224615 0.345347 0.025846 0.040970
1 0.184410 0.373480 0.018462 0.029498
1 0.193846 0.387136 0.035692 0.054627
0 0.194667 0.399154 0.007795 0.010925
2 0.195897 0.486557 0.027487 0.027313
1 0.187282 0.520972 0.029949 0.043701
1 0.207795 0.516329 0.029949 0.023490
1 0.175179 0.499941 0.041026 0.048618
1 0.206974 0.468257 0.045538 0.054081
1 0.216205 0.545827 0.022974 0.032230
1 0.186462 0.585432 0.047179 0.040424
1 0.233026 0.579696 0.037744 0.051895
1 0.230359 0.498029 0.030769 0.046979
1 0.251282 0.498029 0.029128 0.046979
1 0.274256 0.475905 0.039795 0.044248
1 0.272821 0.497483 0.025436 0.061182
1 0.281846 0.529712 0.022974 0.032776
1 0.241641 0.452142 0.021333 0.024036
1 0.220308 0.676385 0.026256 0.024582
1 0.297846 0.660270 0.047590 0.046979
1 0.371077 0.703972 0.037333 0.069922
1 0.393641 0.649618 0.033231 0.036600
1 0.293333 0.883421 0.034462 0.051895
1 0.200410 0.934770 0.035692 0.062821
1 0.150769 0.828521 0.034051 0.042609
1 0.108513 0.823058 0.036513 0.065552
1 0.143179 0.891342 0.043487 0.058997
1 0.139282 0.862663 0.027487 0.034415
1 0.103590 0.863755 0.021744 0.080301
1 0.309949 0.790009 0.057026 0.047525
1 0.280821 0.826336 0.025026 0.050257
1 0.262359 0.857200 0.029128 0.039878
1 0.247795 0.882329 0.036923 0.025675
1 0.237538 0.856381 0.036103 0.038239
0 0.229744 0.838081 0.006564 0.011472
1 0.217231 0.877139 0.029949 0.042609
1 0.196923 0.790829 0.034462 0.050257
1 0.268103 0.783727 0.019282 0.034961
1 0.223385 0.721179 0.023385 0.037693
1 0.227692 0.757779 0.023795 0.055173
1 0.257846 0.729647 0.023385 0.031684
1 0.389128 0.779630 0.022564 0.032230
1 0.397128 0.859385 0.030359 0.024582
1 0.320000 0.942145 0.036923 0.030591
1 0.305026 0.975443 0.032410 0.049114
1 0.252718 0.923845 0.027077 0.019119
1 0.365333 0.962903 0.038154 0.033869
1 0.385231 0.934224 0.029538 0.035507
1 0.424821 0.873315 0.022564 0.051349
1 0.402256 0.898990 0.034051 0.051349
1 0.416615 0.988007 0.034872 0.023986
2 0.429744 0.960991 0.019282 0.023490
1 0.453538 0.960445 0.032410 0.030045
1 0.424615 0.950885 0.045128 0.043701
1 0.516718 0.955255 0.024205 0.071015
1 0.452103 0.799023 0.027077 0.039331
1 0.413333 0.776626 0.032410 0.056812
1 0.415795 0.817050 0.032410 0.043701
0 0.464000 0.771982 0.007385 0.010379
0 0.465846 0.840266 0.009436 0.012564
1 0.595692 0.843270 0.025436 0.049164
1 0.554051 0.844636 0.021744 0.048618
1 0.573949 0.848733 0.028718 0.026221
1 0.575385 0.819235 0.027487 0.029498
1 0.602872 0.774441 0.034051 0.033869
1 0.659487 0.830979 0.034872 0.046433
1 0.669333 0.874954 0.027487 0.031684
1 0.836103 0.941052 0.027077 0.049164
1 0.803487 0.986914 0.030769 0.026171
1 0.875077 0.988007 0.036923 0.023986
1 0.890051 0.946788 0.027487 0.031137
1 0.867077 0.874681 0.027487 0.024582
1 0.868103 0.840266 0.013949 0.018027
1 0.859897 0.757506 0.047590 0.063367
1 0.890256 0.734563 0.031179 0.030591
1 0.864000 0.612745 0.054974 0.057904
1 0.742359 0.698782 0.053744 0.055173
1 0.717949 0.664914 0.039385 0.044248
1 0.729231 0.619847 0.040615 0.060090
1 0.747282 0.597450 0.024205 0.055719
1 0.764718 0.581335 0.023795 0.054081
1 0.796923 0.536541 0.041436 0.052988
1 0.791385 0.493659 0.028718 0.043701
1 0.786256 0.461156 0.011897 0.044248
1 0.753026 0.457605 0.034872 0.031684
1 0.763077 0.429472 0.047590 0.066098
1 0.831590 0.403251 0.041846 0.046433
1 0.861128 0.384951 0.031179 0.027313
1 0.806564 0.359277 0.032000 0.046979
1 0.780513 0.312571 0.033231 0.055173
1 0.729026 0.300280 0.024615 0.066645
1 0.800410 0.263953 0.026256 0.040970
1 0.791179 0.234454 0.029949 0.037693
1 0.769846 0.259856 0.026667 0.026221
1 0.750974 0.270508 0.043077 0.044248
1 0.721026 0.252481 0.029128 0.040970
1 0.698667 0.281433 0.025436 0.034415
0 0.765538 0.235274 0.005744 0.009833
1 0.675282 0.473447 0.020513 0.026221
1 0.660923 0.495024 0.033641 0.061728
1 0.711590 0.542823 0.032410 0.052442
0 0.692923 0.526708 0.008205 0.015842
1 0.623385 0.553475 0.020103 0.036600
1 0.606564 0.649345 0.029128 0.037146
1 0.621949 0.637600 0.034462 0.025675
1 0.630769 0.599088 0.036513 0.044794
1 0.575590 0.680756 0.032000 0.039878
1 0.552410 0.718175 0.031590 0.040424
1 0.549538 0.571502 0.034051 0.039878
1 0.595282 0.567405 0.032821 0.063367
1 0.564718 0.616842 0.067692 0.044248
1 0.518974 0.617662 0.026256 0.041516
1 0.510359 0.555660 0.030359 0.030045
1 0.549538 0.513051 0.028308 0.027860
1 0.518974 0.511139 0.018051 0.043701
1 0.498256 0.500760 0.020923 0.049164
1 0.512615 0.483553 0.027487 0.043155
0 0.496615 0.438212 0.006974 0.010379
1 0.496205 0.444495 0.029128 0.048072
1 0.467897 0.444495 0.050462 0.055719
1 0.416615 0.493659 0.030769 0.039331
1 0.456000 0.490927 0.029128 0.032776
1 0.444103 0.538999 0.031590 0.028406
1 0.416615 0.565220 0.038974 0.071015
1 0.379282 0.497209 0.047179 0.034415
1 0.372308 0.448318 0.052103 0.055719
1 0.362462 0.438759 0.035692 0.039878
1 0.343795 0.366105 0.023795 0.054081
1 0.355487 0.357365 0.028308 0.028952
1 0.395487 0.297275 0.020513 0.035507
1 0.467897 0.346166 0.044718 0.040424
1 0.459692 0.306562 0.029128 0.032230
1 0.432410 0.291812 0.023795 0.042063
1 0.441846 0.272966 0.029538 0.036054
1 0.362256 0.313390 0.034462 0.040424
1 0.336821 0.289354 0.035282 0.029498
1 0.369846 0.274332 0.041436 0.040970
1 0.333949 0.244287 0.028718 0.033322
0 0.373949 0.236639 0.006974 0.009287
0 0.370462 0.246745 0.008205 0.009833
1 0.380718 0.221071 0.024615 0.024036
1 0.358154 0.239098 0.033641 0.032776
1 0.326769 0.222436 0.034872 0.042063
1 0.312615 0.204683 0.027077 0.034961
1 0.296615 0.192119 0.034462 0.036054
1 0.296410 0.171360 0.038154 0.031684
1 0.245538 0.262860 0.039795 0.046433
1 0.229744 0.233089 0.022974 0.046979
1 0.188923 0.218066 0.033231 0.028952
1 0.315897 0.054732 0.035282 0.042063
1 0.356718 0.047631 0.029128 0.046433
1 0.298462 0.130117 0.037333 0.045340
1 0.275487 0.104989 0.029949 0.033322
1 0.254359 0.137219 0.031179 0.035507
1 0.235487 0.106081 0.031179 0.025675
1 0.178667 0.096795 0.037333 0.057358
1 0.232615 0.024687 0.027897 0.038785
1 0.207795 0.033701 0.029128 0.044794
1 0.234051 0.063472 0.046359 0.034415
0 0.230564 0.086689 0.007385 0.009833
0 0.367179 0.077402 0.010667 0.012018
1 0.066462 0.145413 0.035282 0.043155
1 0.014564 0.157430 0.029128 0.043155
1 0.046974 0.120284 0.038154 0.051895
1 0.102154 0.090513 0.020513 0.027313
1 0.078564 0.061834 0.034051 0.049710
1 0.066667 0.024960 0.040615 0.040424
1 0.032821 0.028784 0.020513 0.036054
1 0.009641 0.038890 0.019282 0.038785
1 0.017436 0.095702 0.022564 0.031137
1 0.044718 0.072759 0.024615 0.034415
1 0.042462 0.160708 0.025026 0.044248
1 0.219487 0.111271 0.022154 0.039331
1 0.206769 0.098160 0.031179 0.055719
1 0.446564 0.161527 0.026667 0.026221
1 0.469538 0.074398 0.033231 0.026767
1 0.514462 0.068116 0.023795 0.041516
1 0.535385 0.058556 0.032821 0.045340
1 0.503385 0.132848 0.041026 0.042063
1 0.533744 0.163713 0.036923 0.049164
1 0.571077 0.413903 0.026256 0.025128
1 0.592000 0.403798 0.034462 0.032230
1 0.656615 0.207960 0.025026 0.040424
1 0.678769 0.199220 0.022564 0.041516
1 0.575385 0.371841 0.030769 0.026221
1 0.588718 0.328959 0.023795 0.058451
1 0.609846 0.355999 0.016821 0.033869
2 0.622154 0.346712 0.009436 0.010925
2 0.626256 0.351083 0.006974 0.014203
2 0.621949 0.356545 0.008205 0.010925
1 0.618872 0.429199 0.025026 0.022943
1 0.713436 0.079587 0.036923 0.051349
1 0.819282 0.088328 0.037744 0.037146
1 0.841846 0.051454 0.030359 0.034415
1 0.882051 0.059648 0.034462 0.036600
1 0.856410 0.083138 0.017641 0.030045
1 0.867487 0.098707 0.027487 0.032776
1 0.752410 0.011388 0.036103 0.022775
1 0.651692 0.063199 0.020923 0.036054
1 0.924718 0.587071 0.032000 0.030591
1 0.904821 0.609468 0.028308 0.043701
1 0.783385 0.807217 0.058667 0.052442
1 0.592615 0.987187 0.033231 0.025625
1 0.242462 0.806397 0.034462 0.049710
1 0.192615 0.741118 0.029128 0.050257
2 0.205538 0.715990 0.014769 0.021851
1 0.324718 0.728008 0.038974 0.044794
1 0.302769 0.753682 0.038564 0.045887
1 0.969641 0.218886 0.026667 0.025128
1 0.952410 0.151695 0.042256 0.060090
1 0.942359 0.081772 0.028718 0.036054
1 0.896410 0.108813 0.023795 0.038785
1 0.979692 0.150056 0.027897 0.055719
1 0.954667 0.111544 0.028718 0.038785
1 0.982667 0.097341 0.034666 0.040970
1 0.767590 0.043534 0.016410 0.042609
0 0.483487 0.971917 0.010256 0.014749
0 0.436513 0.993743 0.009846 0.012514
0 0.051897 0.239098 0.022564 0.041516
0 0.072000 0.219705 0.034872 0.026767
1 0.361641 0.155792 0.024205 0.036600
0 0.368000 0.133668 0.006564 0.009833
0 0.372923 0.109086 0.007385 0.009833
0 0.487200 0.214520 0.052800 0.068174
0 0.432800 0.212390 0.065600 0.059653
0 0.405600 0.165520 0.059200 0.072435
0 0.286400 0.531957 0.073600 0.072435
0 0.305600 0.580957 0.083200 0.063913