0 0.093423 0.062920 0.016986 0.022638
0 0.161367 0.038924 0.012909 0.018110
0 0.119242 0.260777 0.012909 0.018110
0 0.048240 0.387098 0.013589 0.019016
0 0.176315 0.425130 0.012909 0.015394
0 0.077116 0.485347 0.012909 0.018110
0 0.056054 0.512965 0.012909 0.015394
0 0.026158 0.618459 0.015627 0.019922
0 0.201454 0.713992 0.014268 0.019016
0 0.015627 0.869742 0.013589 0.022638
0 0.129433 0.886494 0.012909 0.018110
0 0.360443 0.988365 0.014268 0.019016
0 0.432803 0.885588 0.014948 0.018110
0 0.449450 0.904604 0.014268 0.019922
0 0.530303 0.903699 0.012909 0.016299
0 0.591113 0.865214 0.012230 0.019016
0 0.646487 0.891474 0.016986 0.020827
0 0.603003 0.910943 0.014268 0.021733
0 0.496331 0.704936 0.012909 0.019016
0 0.487159 0.437807 0.012230 0.017205
0 0.545251 0.665546 0.014268 0.021733
0 0.613874 0.689090 0.014268 0.016299
0 0.648186 0.786434 0.012230 0.015394
0 0.689632 0.653322 0.013589 0.017205
0 0.689292 0.570919 0.014268 0.019016
0 0.625764 0.558694 0.014948 0.018110
0 0.406985 0.380306 0.014948 0.018110
0 0.398831 0.223198 0.013589 0.019016
0 0.307194 0.086574 0.011115 0.014813
0 0.511862 0.158598 0.013415 0.012770
0 0.517995 0.149404 0.013415 0.014813
0 0.581810 0.150936 0.012265 0.015835
0 0.595799 0.199974 0.011115 0.018900
0 0.667088 0.333039 0.011881 0.017367
0 0.602890 0.431881 0.009199 0.010727
0 0.617071 0.446439 0.009965 0.013281
0 0.595799 0.412725 0.010348 0.012259
0 0.614580 0.420643 0.008815 0.012770
0 0.634893 0.468914 0.008815 0.015324
0 0.642750 0.474022 0.006899 0.015324
0 0.653482 0.443118 0.010732 0.013792
0 0.655973 0.377990 0.009582 0.013281
0 0.923487 0.455063 0.017750 0.023657
0 0.963658 0.306275 0.014013 0.022412
0 0.882380 0.731474 0.014013 0.021167
0 0.889387 0.844778 0.016816 0.026147
0 0.864474 0.054499 0.012456 0.017155
0 0.722679 0.180115 0.013702 0.020475
0 0.798040 0.129205 0.010796 0.014941
0 0.804061 0.139166 0.012041 0.013834
0 0.801362 0.151340 0.010796 0.014941
0 0.735966 0.021297 0.012041 0.016048
0 0.846828 0.212211 0.012041 0.011621
0 0.871741 0.214425 0.011211 0.013834
0 0.863229 0.221065 0.009965 0.011621
0 0.848904 0.222449 0.012872 0.014388
2 0.901428 0.283873 0.033217 0.037630
1 0.870080 0.300475 0.025328 0.047590
1 0.377696 0.274622 0.085949 0.082532
1 0.229554 0.906774 0.067265 0.081821
1 0.902733 0.331184 0.039505 0.056207
1 0.931828 0.302725 0.032565 0.074706