1 0.292251 0.868847 0.068470 0.073935
1 0.362809 0.739684 0.074315 0.059682
1 0.307281 0.599386 0.063460 0.058792
1 0.434202 0.700490 0.050100 0.032959
1 0.390782 0.683504 0.045732 0.047143
1 0.360721 0.659110 0.043163 0.053173
1 0.409023 0.644858 0.062689 0.029053
1 0.433174 0.668978 0.051385 0.032342
1 0.600460 0.885537 0.057894 0.067303
1 0.612336 0.742220 0.060862 0.075221
1 0.509538 0.619886 0.061605 0.053843
1 0.666889 0.570398 0.064574 0.075221
1 0.531604 0.562132 0.068786 0.049691
1 0.479337 0.574266 0.043330 0.048536
1 0.457672 0.524286 0.041163 0.069914
1 0.500190 0.508974 0.062287 0.076270
1 0.564643 0.406703 0.050371 0.070492
1 0.362617 0.234517 0.059037 0.073959
1 0.774251 0.465928 0.068786 0.098804
1 0.609598 0.357012 0.023290 0.034668
1 0.600932 0.077933 0.065536 0.031201
1 0.299789 0.217761 0.043872 0.076270
1 0.251313 0.204183 0.051996 0.082626
1 0.885772 0.678512 0.056112 0.057723