1 0.222720 0.458962 0.065770 0.126116
1 0.436472 0.541038 0.086697 0.134124
1 0.760837 0.437943 0.071749 0.124115
1 0.121824 0.044810 0.103139 0.089620
1 0.094918 0.091623 0.121076 0.112104
1 0.079223 0.430936 0.080717 0.090083
1 0.242152 0.642131 0.083707 0.100092
1 0.294469 0.822298 0.095665 0.116107
1 0.470852 0.749230 0.074738 0.074068
1 0.618834 0.768248 0.077728 0.108100
1 0.565770 0.224746 0.082212 0.054050
1 0.588191 0.299815 0.097160 0.104096
1 0.640508 0.455959 0.082212 0.104096
1 0.589686 0.397906 0.088191 0.132122
1 0.594918 0.098629 0.110613 0.138128
1 0.591181 0.076609 0.070254 0.078072
1 0.112108 0.326840 0.056801 0.126116
1 0.055306 0.337850 0.065770 0.096089
1 0.104634 0.178723 0.051071 0.052549
1 0.192140 0.167045 0.050448 0.094254
1 0.065085 0.237944 0.037992 0.064226
1 0.026158 0.231271 0.052316 0.080908
1 0.021799 0.328027 0.039860 0.124281
1 0.151968 0.225432 0.087195 0.134291
1 0.318261 0.713800 0.077230 0.095088
1 0.351271 0.756340 0.097160 0.093420
1 0.172210 0.852679 0.062905 0.082576
1 0.035501 0.822651 0.071001 0.114272
1 0.074116 0.863105 0.061036 0.063392
1 0.074116 0.864773 0.078475 0.138461
2 0.089375 0.971538 0.051694 0.056719
1 0.413864 0.865607 0.060414 0.111770
1 0.473966 0.821817 0.069756 0.074235
1 0.473343 0.899805 0.069756 0.093420
0 0.511958 0.884374 0.014948 0.019184
0 0.478949 0.702957 0.011211 0.016682
0 0.441268 0.809722 0.013079 0.015014
0 0.544345 0.832660 0.000000 0.000834
0 0.390820 0.299251 0.015571 0.023355
0 0.285563 0.031503 0.018062 0.021687
0 0.819008 0.461484 0.016193 0.022521
0 0.906515 0.452726 0.014325 0.021687
0 0.801258 0.557823 0.015571 0.021687
0 0.851707 0.639148 0.016816 0.024189
0 0.879733 0.240029 0.014325 0.021687
0 0.827417 0.282152 0.013079 0.020853
0 0.011211 0.670844 0.014948 0.022521
0 0.626246 0.034006 0.013079 0.018350
1 0.935476 0.358472 0.051071 0.098424
1 0.840807 0.244617 0.064773 0.087581
1 0.909006 0.251707 0.090309 0.120111
2 0.975648 0.220011 0.046712 0.090083
1 0.903401 0.592438 0.090309 0.120945
1 0.819320 0.726312 0.076607 0.133457
1 0.910252 0.823902 0.090309 0.085079
1 0.981440 0.956993 0.037120 0.086014
1 0.901532 0.746330 0.090309 0.125116
1 0.980995 0.119231 0.038010 0.110102
1 0.899103 0.021789 0.142003 0.043578
1 0.985052 0.313828 0.026906 0.112104
2 0.974589 0.220742 0.050822 0.086080