0 0.342747 0.675783 0.012485 0.015854
0 0.314209 0.606421 0.013674 0.018232
0 0.405172 0.552913 0.010107 0.012683
0 0.453627 0.549742 0.011891 0.011098
0 0.528240 0.543797 0.011296 0.013476
0 0.535672 0.534681 0.011891 0.014269
0 0.552616 0.595323 0.012485 0.016647
0 0.623365 0.558859 0.010107 0.013476
0 0.631094 0.575505 0.012485 0.015061
0 0.649524 0.507333 0.010107 0.013476
0 0.645660 0.499009 0.014269 0.014269
0 0.641201 0.486722 0.012485 0.016647
0 0.491379 0.495838 0.011296 0.015854
0 0.500297 0.464526 0.010107 0.013476
0 0.574019 0.442331 0.010107 0.013476
0 0.506837 0.439952 0.008918 0.013476
0 0.620392 0.437178 0.010107 0.012683
0 0.606421 0.420135 0.010702 0.013476
0 0.592449 0.397939 0.011296 0.016647
0 0.612961 0.343242 0.011891 0.016647
0 0.620392 0.311138 0.010107 0.012683
0 0.604637 0.312723 0.010702 0.015854
0 0.583532 0.306381 0.008918 0.012683
0 0.575803 0.248117 0.010107 0.013476
0 0.726813 0.572731 0.012485 0.015854
0 0.768430 0.530321 0.013674 0.018232
0 0.747622 0.468886 0.010107 0.015854
0 0.766350 0.457788 0.009512 0.012683
0 0.789834 0.443520 0.010107 0.014269
0 0.786266 0.454618 0.012485 0.015854
0 0.782105 0.464526 0.012485 0.016647
0 0.708977 0.520016 0.010107 0.016647
0 0.709572 0.420927 0.011296 0.015061
0 0.731867 0.471264 0.013080 0.015854
0 0.755648 0.390012 0.008323 0.013476
0 0.778537 0.351169 0.011296 0.015061
0 0.855529 0.408641 0.010702 0.014269
0 0.748514 0.365042 0.008323 0.011098
0 0.740488 0.355925 0.011296 0.013476
0 0.728597 0.376536 0.010107 0.015061
0 0.791023 0.260801 0.012485 0.018232
0 0.740785 0.282996 0.010702 0.015061
0 0.725327 0.298454 0.011891 0.017440
0 0.685493 0.300436 0.010702 0.013476
0 0.680143 0.296076 0.010702 0.012683
0 0.672117 0.298851 0.011296 0.015061
0 0.664685 0.319065 0.010702 0.014269
0 0.670630 0.100277 0.015458 0.019025
0 0.709275 0.132778 0.013080 0.019025
0 0.697384 0.147444 0.013080 0.016647
0 0.707194 0.169243 0.012485 0.017440
0 0.723254 0.208665 0.010610 0.014736
0 0.653846 0.207486 0.009726 0.013557
0 0.661804 0.221338 0.009726 0.011789
0 0.664456 0.227527 0.009726 0.011200
0 0.682803 0.251695 0.009284 0.012378
0 0.643678 0.269083 0.007958 0.010610
0 0.649646 0.264957 0.009284 0.011789
0 0.500221 0.310934 0.009284 0.014147
0 0.515473 0.305040 0.009726 0.012968
0 0.532051 0.310345 0.010168 0.014147
0 0.532935 0.329502 0.009284 0.012378
0 0.547082 0.315650 0.008400 0.011789
0 0.541114 0.316534 0.008842 0.013557
0 0.543324 0.336870 0.008842 0.009431
0 0.543103 0.345712 0.009284 0.012968
0 0.430371 0.282346 0.008400 0.011200
0 0.410920 0.317713 0.011052 0.015915
0 0.363174 0.348070 0.010168 0.011789
0 0.357427 0.449455 0.009284 0.011789
0 0.397215 0.719717 0.010168 0.013557
0 0.476790 0.640141 0.010168 0.014736
0 0.444076 0.639552 0.008400 0.012378
0 0.573165 0.106690 0.008400 0.011200
0 0.683687 0.191276 0.011052 0.015326
0 0.710875 0.237843 0.008842 0.014147
0 0.727896 0.239316 0.008400 0.011200
0 0.688771 0.222222 0.010610 0.013557
0 0.386797 0.933454 0.009528 0.012704
2 0.470054 0.979734 0.014519 0.038717
0 0.545372 0.966122 0.011797 0.016334
0 0.276543 0.674834 0.010436 0.013309
0 0.401996 0.414398 0.011797 0.017544
0 0.491833 0.337266 0.008167 0.012099
0 0.506125 0.253176 0.007713 0.009679
0 0.510662 0.253479 0.008621 0.009074
0 0.517468 0.245614 0.008621 0.011494
2 0.496597 0.232910 0.012250 0.030853
2 0.550590 0.209619 0.014065 0.021779
2 0.505672 0.214156 0.013158 0.027223
2 0.582350 0.135209 0.020417 0.019359
1 0.690563 0.266788 0.025408 0.044162
1 0.567604 0.212039 0.033575 0.042347
1 0.591425 0.240774 0.028584 0.047792
1 0.571234 0.275560 0.043557 0.049607
1 0.440563 0.538113 0.029038 0.037508
1 0.462568 0.535995 0.025862 0.036903
1 0.394510 0.640956 0.019510 0.050817
1 0.410844 0.617060 0.025862 0.045372
2 0.323956 0.509074 0.028131 0.044767
1 0.455082 0.342408 0.027223 0.065941
1 0.388838 0.425590 0.021779 0.048397
0 0.456897 0.157592 0.011797 0.015729
0 0.752653 0.215738 0.011052 0.015915
1 0.468612 0.688476 0.017683 0.012378
1 0.458886 0.672266 0.025641 0.021220
1 0.496905 0.621869 0.033599 0.030062
0 0.523431 0.602122 0.007958 0.010610
0 0.610522 0.474801 0.010610 0.015326
0 0.630858 0.468612 0.010610 0.014736
0 0.650752 0.469791 0.011494 0.014736
0 0.685676 0.384910 0.007958 0.011200
0 0.595270 0.339817 0.009284 0.012968
2 0.465738 0.289125 0.019894 0.025936
2 0.502653 0.358385 0.038904 0.019452
2 0.506410 0.342470 0.017241 0.020631
0 0.212865 0.559682 0.010610 0.015031
0 0.538793 0.396249 0.010436 0.015124
0 0.547868 0.431942 0.010436 0.015124
0 0.542196 0.478221 0.008167 0.014519
1 0.537135 0.478927 0.030946 0.036546
1 0.487401 0.576776 0.057029 0.044798
1 0.729001 0.614206 0.037135 0.026525
1 0.738285 0.587091 0.022104 0.024167
1 0.709107 0.352196 0.017683 0.017683
0 0.712423 0.313292 0.007515 0.010610
0 0.697613 0.315060 0.006189 0.008252
0 0.698497 0.309461 0.006189 0.007663
0 0.700265 0.303271 0.007073 0.010610
0 0.705128 0.304156 0.007958 0.011200
1 0.711317 0.334807 0.023873 0.054819
2 0.804598 0.278809 0.015915 0.022989
2 0.723254 0.239316 0.015915 0.025346
2 0.659593 0.265252 0.015915 0.028883
1 0.626879 0.260831 0.019452 0.029472
1 0.666667 0.349838 0.023873 0.035367
0 0.478597 0.094728 0.015458 0.019025
1 0.769025 0.309948 0.014863 0.032501
1 0.708565 0.201335 0.025584 0.023730
0 0.517241 0.641824 0.012236 0.016314
1 0.426029 0.555803 0.020022 0.028179
0 0.772546 0.386973 0.010168 0.012968
0 0.480106 0.602122 0.011494 0.012968
2 0.425950 0.651046 0.011052 0.025936
0 0.483864 0.681992 0.007515 0.011200
2 0.461096 0.703802 0.011494 0.014736