2 0.797419 0.778694 0.018581 0.027471
2 0.726703 0.762033 0.012541 0.027044
2 0.720216 0.768363 0.013405 0.032798
2 0.706162 0.774117 0.014703 0.030496
2 0.679784 0.764910 0.030270 0.025893
2 0.698162 0.825615 0.007351 0.016111
2 0.704649 0.833671 0.013405 0.025318
2 0.752216 0.886607 0.017730 0.019564
2 0.790270 0.852083 0.022054 0.010357
2 0.779243 0.838274 0.015568 0.013810
2 0.774486 0.854960 0.012973 0.021865
2 0.750054 0.851508 0.013405 0.018413
2 0.747243 0.822163 0.007784 0.017262
2 0.754162 0.816409 0.008649 0.017262
2 0.729730 0.862153 0.015135 0.017837
2 0.718270 0.860427 0.012973 0.017837
2 0.653838 0.604661 0.027676 0.023016
2 0.638486 0.596318 0.015135 0.017837
2 0.586162 0.776994 0.023784 0.021290
2 0.472432 0.549998 0.019459 0.023016
0 0.452757 0.551002 0.009514 0.022721
2 0.381405 0.586536 0.027676 0.022441
2 0.436108 0.735565 0.019459 0.055814
2 0.545297 0.170522 0.013838 0.028195
2 0.558486 0.175701 0.016000 0.022441
2 0.559568 0.195552 0.023351 0.034524
2 0.615784 0.223459 0.012973 0.032798
2 0.596757 0.240721 0.023351 0.016687
2 0.629189 0.121901 0.011243 0.017262
2 0.615351 0.114996 0.011243 0.020714
2 0.632649 0.152109 0.012973 0.016687
2 0.616649 0.141177 0.013838 0.014385
2 0.625730 0.176276 0.012973 0.024742
2 0.611027 0.195264 0.015568 0.023591
2 0.606703 0.174262 0.022486 0.013810
2 0.564973 0.098022 0.022054 0.018988
2 0.581622 0.100899 0.014703 0.022441
2 0.591784 0.104351 0.013405 0.018988
2 0.600216 0.118449 0.016432 0.023016
2 0.554811 0.144629 0.012108 0.029345
2 0.600410 0.156319 0.010256 0.016923
2 0.578051 0.142398 0.012308 0.020744
2 0.590154 0.190710 0.014359 0.015831
2 0.595282 0.175425 0.015590 0.013647
2 0.583795 0.176790 0.018051 0.018560
2 0.575179 0.169420 0.015590 0.013647
2 0.569641 0.145401 0.015179 0.013647
2 0.057231 0.810570 0.021744 0.018560
2 0.263385 0.932577 0.013949 0.018014
2 0.262359 0.984710 0.026667 0.028386
2 0.275077 0.990171 0.018462 0.019657
2 0.694054 0.387448 0.019027 0.012083
2 0.685189 0.377666 0.014270 0.014385
2 0.678703 0.352636 0.011676 0.017262
2 0.686703 0.364144 0.017297 0.016111
2 0.660324 0.352349 0.016432 0.025893
2 0.441600 0.143396 0.032000 0.044709
2 0.949067 0.075121 0.022933 0.039741
2 0.991467 0.054186 0.017066 0.027677
2 0.268533 0.953325 0.014400 0.019161
2 0.213867 0.726943 0.009600 0.029096
2 0.203200 0.718427 0.013867 0.024838
2 0.156800 0.677267 0.018133 0.013484
2 0.139467 0.684718 0.019733 0.022709
2 0.138667 0.667332 0.016000 0.021999
2 0.251733 0.930970 0.011733 0.019870
2 0.630133 0.286599 0.027200 0.028386
2 0.621600 0.413273 0.027200 0.033354
1 0.793067 0.752136 0.022400 0.029806
1 0.778933 0.769168 0.028267 0.034064
1 0.772800 0.827005 0.016000 0.046128
1 0.758133 0.832328 0.020800 0.051096
1 0.745867 0.864617 0.016533 0.021999
1 0.720000 0.818134 0.020267 0.029806
2 0.715467 0.836940 0.015467 0.027677
1 0.661067 0.827005 0.030400 0.034773
1 0.668000 0.807490 0.024000 0.028386
1 0.548533 0.617656 0.014400 0.037612
1 0.564800 0.622268 0.021333 0.039741
1 0.554667 0.627946 0.018133 0.048257
1 0.613333 0.596011 0.022400 0.021290
1 0.620533 0.619430 0.008000 0.026967
1 0.633867 0.614817 0.016533 0.027677
0 0.593333 0.614817 0.008000 0.010645
0 0.631733 0.647106 0.008000 0.011355
0 0.627733 0.635752 0.011733 0.012774
0 0.609846 0.617052 0.008615 0.013647
0 0.602462 0.606680 0.008615 0.010372
0 0.603282 0.524796 0.009436 0.011464
0 0.533333 0.514151 0.009026 0.015285
1 0.609846 0.544175 0.018462 0.031662
1 0.720000 0.527252 0.023795 0.031662
1 0.704000 0.551545 0.018872 0.046401
1 0.679795 0.529436 0.029538 0.030570
1 0.689231 0.555093 0.022154 0.021836
2 0.617641 0.433086 0.021744 0.025657
2 0.558974 0.455195 0.021744 0.025111
2 0.526564 0.279144 0.014359 0.016923
2 0.530256 0.266316 0.012718 0.018560
2 0.555897 0.289789 0.013128 0.018560
2 0.562462 0.227830 0.018051 0.022382
1 0.228718 0.809479 0.021744 0.028386
2 0.981600 0.541367 0.020800 0.025548
1 0.455742 0.532145 0.025806 0.028844
0 0.439226 0.529741 0.011355 0.014422
0 0.378065 0.599105 0.007742 0.008928
1 0.423179 0.686107 0.015179 0.045855
1 0.576821 0.600129 0.013949 0.030024
2 0.588103 0.596854 0.011077 0.027841
1 0.570667 0.606680 0.013949 0.023473
1 0.669333 0.894911 0.014359 0.026749
1 0.594051 0.224282 0.031179 0.033845
2 0.576000 0.198625 0.012308 0.021836