2 0.108150 0.124347 0.027168 0.036224
2 0.122900 0.233422 0.025641 0.015915
2 0.116490 0.247569 0.014589 0.017094
2 0.027188 0.262894 0.026967 0.026525
2 0.015473 0.391394 0.016799 0.020631
2 0.085544 0.411141 0.023431 0.027115
2 0.122016 0.394636 0.015031 0.024757
2 0.216622 0.191866 0.026525 0.038904
2 0.233201 0.217801 0.021662 0.016505
2 0.239169 0.202181 0.022104 0.019452
2 0.262378 0.221043 0.019010 0.019452
2 0.270336 0.207191 0.022546 0.020041
2 0.266357 0.188624 0.024315 0.024167
2 0.279620 0.347185 0.020778 0.020631
2 0.295093 0.346301 0.017241 0.027115
2 0.290451 0.366932 0.016799 0.021220
2 0.276746 0.383142 0.023873 0.035956
2 0.290893 0.391689 0.024757 0.030651
2 0.294430 0.412614 0.019452 0.026525
2 0.278294 0.432655 0.027851 0.031241
2 0.300398 0.433245 0.019894 0.027704
2 0.301724 0.453286 0.027851 0.018273
2 0.306366 0.414088 0.015031 0.030651
2 0.333554 0.466254 0.017241 0.024167
2 0.335765 0.423814 0.017241 0.021810
2 0.332891 0.405836 0.015915 0.017683
2 0.324050 0.382847 0.017683 0.022399
2 0.310124 0.377247 0.012821 0.019452
2 0.336207 0.347185 0.027851 0.025346
2 0.324492 0.358974 0.016799 0.027704
2 0.418656 0.498379 0.019452 0.024757
2 0.381079 0.520778 0.019452 0.018862
2 0.505084 0.424698 0.023431 0.027115
2 0.480990 0.415561 0.024757 0.027704
0 0.487622 0.408193 0.007073 0.008252
2 0.513484 0.385794 0.017241 0.018862
2 0.513263 0.357795 0.015031 0.033599
2 0.435676 0.526673 0.021662 0.033009
2 0.403183 0.528736 0.015915 0.026525
2 0.499337 0.340407 0.018126 0.022399
2 0.507958 0.319776 0.024757 0.029472
2 0.534483 0.318597 0.021220 0.012968
2 0.527409 0.301503 0.015915 0.021220
2 0.559903 0.307692 0.014589 0.012378
2 0.550177 0.295019 0.011936 0.016505
2 0.583775 0.331565 0.019894 0.020041
2 0.575155 0.313587 0.020336 0.020631
2 0.574934 0.300029 0.019010 0.018273
2 0.568523 0.278220 0.016799 0.027704
2 0.555040 0.267610 0.022546 0.027704
2 0.580460 0.244327 0.013263 0.022399
2 0.599469 0.222222 0.024757 0.019452
2 0.599469 0.195108 0.022989 0.019452
2 0.652299 0.251400 0.017241 0.037725
2 0.637047 0.235780 0.013263 0.028883
2 0.638373 0.262599 0.014147 0.028294
2 0.633289 0.284704 0.026083 0.028883
2 0.628426 0.313292 0.017241 0.020041
2 0.615827 0.311524 0.017683 0.027115
2 0.596154 0.313292 0.011936 0.014147
2 0.592838 0.282051 0.013263 0.020041
2 0.605659 0.287946 0.015915 0.017683
2 0.598585 0.254937 0.015915 0.016505
2 0.590186 0.259947 0.015915 0.018273
2 0.618479 0.264663 0.015031 0.018273
2 0.173222 0.977730 0.022091 0.016523
2 0.182112 0.989763 0.023707 0.020474
2 0.148707 0.972701 0.023707 0.045259
1 0.306573 0.774425 0.020474 0.029454
1 0.193520 0.019421 0.024376 0.028537
1 0.102556 0.281015 0.042212 0.039635
1 0.256243 0.232263 0.030916 0.029330
1 0.568371 0.157352 0.024970 0.034879
2 0.614150 0.158145 0.022592 0.052319
1 0.442331 0.496631 0.032105 0.039635
1 0.469679 0.495838 0.030916 0.039635
2 0.481867 0.459374 0.023187 0.028537
1 0.467507 0.531388 0.024315 0.025936
1 0.480990 0.361627 0.030062 0.028294
1 0.476569 0.390510 0.034483 0.033009
1 0.501326 0.399352 0.027409 0.027115
1 0.555924 0.328618 0.024315 0.033009
1 0.360743 0.387857 0.015915 0.032420
1 0.984527 0.259063 0.030946 0.040083
1 0.982980 0.373416 0.021662 0.040083
1 0.969496 0.400236 0.018568 0.020631
0 0.815271 0.933771 0.016420 0.020799
0 0.693350 0.915161 0.017241 0.020799
0 0.426519 0.118774 0.012315 0.015326
0 0.525452 0.084839 0.018062 0.021894
0 0.456454 0.442971 0.008400 0.009431
0 0.441645 0.465665 0.008842 0.011200
2 0.884836 0.696729 0.022546 0.022989
0 0.002431 0.289419 0.004862 0.011200
0 0.471675 0.013793 0.013300 0.017734