0 0.218919 0.196597 0.054054 0.071509
0 0.064189 0.162886 0.041892 0.044949
0 0.049324 0.126110 0.036486 0.044949
0 0.017568 0.207835 0.035135 0.073552
0 0.066216 0.356982 0.048649 0.061293
0 0.018919 0.428491 0.037838 0.077638
0 0.172297 0.404995 0.047297 0.059250
0 0.200676 0.601134 0.055405 0.075595
0 0.175000 0.694096 0.047297 0.069466
0 0.276351 0.688988 0.050000 0.071509
0 0.437162 0.717592 0.036486 0.055164
0 0.389865 0.778885 0.041892 0.063337
0 0.602027 0.820769 0.041892 0.061293
0 0.655405 0.832006 0.043243 0.059250
0 0.673649 0.791144 0.036486 0.051078
0 0.617568 0.686945 0.027027 0.046992
0 0.600000 0.684902 0.032432 0.046992
0 0.675000 0.522474 0.036486 0.049035
0 0.756757 0.514302 0.032432 0.044949
0 0.579730 0.470375 0.040541 0.059250
0 0.617568 0.408060 0.040541 0.057207
0 0.639189 0.374348 0.037838 0.055164
0 0.804054 0.571509 0.035135 0.053121
0 0.833784 0.567423 0.037838 0.057207
0 0.856757 0.515323 0.040541 0.051078
0 0.737162 0.322249 0.033784 0.053121
0 0.768243 0.324292 0.036486 0.057207
0 0.974324 0.369241 0.037838 0.061293
0 0.938514 0.431556 0.041892 0.063337
0 0.961486 0.469353 0.033784 0.053121
0 0.845270 0.198641 0.036486 0.059250
0 0.876351 0.193533 0.028378 0.053121
0 0.898649 0.199662 0.035135 0.057207
0 0.812838 0.103636 0.041892 0.057207
0 0.760135 0.078097 0.041892 0.055164
0 0.833108 0.898407 0.044595 0.069466
0 0.752027 0.933140 0.036486 0.049035
0 0.767568 0.971959 0.035135 0.049035
0 0.522973 0.961744 0.035135 0.044949
0 0.375000 0.954593 0.055405 0.067423
0 0.448649 0.928032 0.035135 0.051078
0 0.475676 0.914752 0.040541 0.061293
0 0.557432 0.294667 0.050000 0.067423
0 0.388514 0.259934 0.044595 0.075595
0 0.404054 0.348810 0.045946 0.065380
0 0.424324 0.380478 0.045946 0.059250
0 0.377027 0.066860 0.032432 0.053121
0 0.340541 0.037235 0.040541 0.059250
0 0.413514 0.179231 0.054054 0.081725
1 0.636486 0.909644 0.170270 0.157320
1 0.643243 0.674686 0.162162 0.206355
1 0.891892 0.693074 0.000000 0.002043
2 0.765541 0.592962 0.074324 0.100113
2 0.919595 0.085248 0.079730 0.093983