0 0.545694 0.581261 0.032839 0.063011
0 0.627792 0.848549 0.030177 0.052848
2 0.192894 0.338026 0.056803 0.119924
2 0.727197 0.761825 0.072779 0.170739
2 0.566116 0.472760 0.033216 0.052663
2 0.898757 0.641803 0.091812 0.137314
0 0.035444 0.097196 0.023421 0.032183
1 0.045281 0.467300 0.071201 0.158769
1 0.105709 0.406152 0.062769 0.152333
1 0.133346 0.424389 0.048717 0.115859
1 0.042471 0.408298 0.058085 0.182370
1 0.159578 0.424389 0.093686 0.124441
1 0.116014 0.411516 0.111486 0.296083
1 0.240147 0.746577 0.067454 0.096549
1 0.206889 0.762668 0.070264 0.150187
1 0.212042 0.744431 0.074948 0.225281
1 0.236400 0.744431 0.104928 0.268191
1 0.655955 0.822743 0.060896 0.115859
1 0.673287 0.802360 0.110549 0.268191
1 0.485448 0.434402 0.059022 0.081530
1 0.481232 0.591025 0.067454 0.145896
1 0.536506 0.290651 0.086191 0.102986
1 0.497158 0.440838 0.133034 0.150187
2 0.869715 0.183374 0.044969 0.111568
1 0.960590 0.409728 0.071201 0.212408
1 0.889389 0.417237 0.084317 0.184516
1 0.860346 0.161919 0.073075 0.115859
1 0.928268 0.232722 0.085254 0.098694
1 0.939510 0.194102 0.070264 0.107277
1 0.887046 0.307815 0.141465 0.120150
1 0.938626 0.794993 0.075573 0.123011
1 0.925822 0.828606 0.132409 0.207401