0 0.078949 0.513889 0.028492 0.047980
0 0.151129 0.487374 0.020894 0.030303
0 0.218561 0.517677 0.026593 0.040404
0 0.341077 0.541667 0.028492 0.037879
0 0.323032 0.659091 0.034191 0.045455
0 0.829243 0.352273 0.020894 0.037879
0 0.550969 0.252525 0.018995 0.030303
0 0.602255 0.017677 0.018995 0.035354
0 0.674435 0.435606 0.034191 0.032828
0 0.735219 0.476010 0.026593 0.042929
0 0.799801 0.458333 0.022794 0.017677
0 0.862484 0.871212 0.022794 0.025253
2 0.813937 0.168533 0.093322 0.115283
1 0.802375 0.089482 0.078457 0.119675
1 0.813524 0.029095 0.026428 0.051603
1 0.846146 0.049407 0.040467 0.098814
1 0.852753 0.447409 0.027253 0.045015
1 0.857708 0.462231 0.076805 0.072464
1 0.895284 0.405687 0.074327 0.104304
1 0.856056 0.409530 0.047074 0.050505
2 0.798246 0.436978 0.071850 0.122969
2 0.691297 0.447958 0.095800 0.114185
2 0.476829 0.433712 0.047487 0.061869
2 0.523841 0.224537 0.048437 0.082071
1 0.671526 0.017677 0.094974 0.035354
1 0.529065 0.027778 0.079778 0.055556
1 0.534763 0.066919 0.064582 0.068182
1 0.587949 0.073232 0.060783 0.075758
1 0.616441 0.059343 0.091175 0.118686
1 0.620240 0.109217 0.055085 0.066919
1 0.612642 0.171717 0.079778 0.060606
1 0.638285 0.140152 0.077879 0.088384
1 0.590798 0.253157 0.066482 0.102273
1 0.565155 0.423401 0.068381 0.095960
1 0.537613 0.376684 0.072180 0.068182
1 0.541411 0.349537 0.108270 0.097222
1 0.483952 0.406987 0.088326 0.078283
1 0.497723 0.460648 0.068381 0.064394
1 0.428393 0.541456 0.106371 0.112374
1 0.816361 0.804083 0.086426 0.122475
1 0.907061 0.935396 0.064582 0.077020
1 0.877144 0.941077 0.069331 0.080808
1 0.938877 0.964857 0.099723 0.070286
1 0.580351 0.815446 0.081678 0.102273
1 0.618340 0.844487 0.117768 0.135101
1 0.533180 0.912037 0.117768 0.085859
1 0.566421 0.935396 0.089275 0.061869
1 0.484269 0.932870 0.054135 0.064394
1 0.505163 0.973695 0.132014 0.052609
1 0.590165 0.972643 0.058884 0.047980
1 0.269407 0.659372 0.047487 0.113636
0 0.248038 0.648324 0.026909 0.030513
0 0.032368 0.700933 0.018203 0.019992
0 0.038699 0.688833 0.029284 0.021044
0 0.006093 0.785108 0.012186 0.030513
1 0.213008 0.364631 0.084037 0.088001
1 0.131849 0.414371 0.089793 0.118610
1 0.257329 0.190542 0.099003 0.111723
1 0.307311 0.028313 0.101881 0.056626
1 0.020164 0.076523 0.040328 0.067340
1 0.030813 0.037114 0.061626 0.074227
1 0.072850 0.285430 0.047775 0.065810
1 0.122927 0.205464 0.052380 0.060453
1 0.136741 0.229568 0.091520 0.116315
1 0.061050 0.086471 0.051804 0.059688
1 0.121488 0.126645 0.048350 0.061983
1 0.019876 0.152280 0.039752 0.065810
1 0.062777 0.206994 0.041443 0.063514
1 0.069684 0.174089 0.042594 0.089532
1 0.023330 0.260943 0.046660 0.140802