2 0.314432 0.101070 0.035835 0.060715
2 0.225899 0.351014 0.033024 0.078930
2 0.185497 0.596573 0.023890 0.066787
2 0.148257 0.647169 0.033727 0.070834
2 0.135961 0.597585 0.035835 0.052620
2 0.193578 0.792886 0.031619 0.066787
2 0.455234 0.707138 0.017332 0.052620
2 0.458044 0.645074 0.028574 0.063414
2 0.480763 0.585708 0.026232 0.066112
2 0.562035 0.561422 0.023890 0.076906
2 0.583739 0.831716 0.025764 0.114684
2 0.603648 0.901202 0.017800 0.048572
2 0.650334 0.982982 0.015927 0.034036
2 0.700690 0.847233 0.033258 0.094446
2 0.753623 0.862524 0.028574 0.072858
2 0.897742 0.588181 0.030448 0.067461
2 0.921632 0.578737 0.035132 0.075557
2 0.949972 0.526791 0.027169 0.058017
2 0.974096 0.872868 0.038880 0.091747
2 0.830913 0.373429 0.027637 0.074207
2 0.717632 0.085370 0.023421 0.086350
2 0.666963 0.078623 0.025764 0.075557
2 0.700924 0.552876 0.020611 0.087700
2 0.708419 0.576488 0.018737 0.045874
2 0.560162 0.043768 0.034195 0.085001
2 0.515505 0.107182 0.034195 0.082303
2 0.465539 0.064681 0.039816 0.078255
2 0.446705 0.375745 0.026349 0.094109
2 0.476824 0.699824 0.027889 0.085935
2 0.492390 0.441084 0.033078 0.069122
2 0.468284 0.417562 0.025944 0.072235
1 0.021548 0.214556 0.041078 0.069745
0 0.010522 0.142320 0.008648 0.024909
0 0.031709 0.298623 0.011242 0.023663
1 0.011531 0.415694 0.023061 0.061027
1 0.127484 0.388294 0.034159 0.095899
0 0.015927 0.944798 0.012539 0.037363
1 0.292011 0.535049 0.030268 0.064763
2 0.280769 0.621607 0.018161 0.046081
1 0.290281 0.592962 0.028538 0.061027
1 0.358092 0.183116 0.017630 0.061819
1 0.317466 0.059478 0.017630 0.044156
1 0.533205 0.556646 0.035654 0.079103
1 0.560186 0.435215 0.027945 0.055511
1 0.484060 0.286723 0.033727 0.077715
1 0.533205 0.226355 0.039509 0.073552
1 0.556332 0.198599 0.027945 0.087430
1 0.611740 0.051727 0.023127 0.086042
1 0.702562 0.463896 0.011082 0.027756
1 0.686662 0.488182 0.021682 0.079103
1 0.938248 0.794186 0.026018 0.077715
1 0.958966 0.726879 0.036618 0.081879
1 0.774131 0.973022 0.033727 0.053956
0 0.903634 0.743037 0.011675 0.032381
0 0.849584 0.969499 0.014269 0.031136
0 0.761808 0.620569 0.011675 0.034872
0 0.660628 0.469456 0.012539 0.027400
0 0.925542 0.316889 0.010810 0.036118
0 0.984563 0.275167 0.012107 0.029891
2 0.916461 0.218499 0.035024 0.105862