1 0.147600 0.137992 0.029375 0.087511
1 0.222126 0.084576 0.031551 0.069327
0 0.269996 0.034002 0.009792 0.027276
1 0.096194 0.328736 0.035359 0.077282
1 0.173439 0.310551 0.023391 0.052279
1 0.170447 0.408859 0.029375 0.062508
1 0.133729 0.465685 0.036447 0.037505
1 0.161744 0.528761 0.029375 0.045460
1 0.171535 0.489551 0.031551 0.051143
1 0.187855 0.478754 0.031551 0.038641
1 0.184047 0.444091 0.026111 0.037505
1 0.215326 0.429885 0.042974 0.056825
1 0.208526 0.572705 0.028287 0.097740
1 0.166367 0.594299 0.034271 0.075009
1 0.266732 0.542020 0.030463 0.070463
1 0.141616 0.663058 0.035903 0.073873
1 0.165551 0.752084 0.026111 0.062508
1 0.196286 0.733332 0.036447 0.086374
1 0.071443 0.947563 0.035903 0.094330
1 0.134001 0.843005 0.041343 0.078419
1 0.159840 0.815160 0.027743 0.068190
1 0.213331 0.923128 0.028831 0.056825
1 0.213875 0.980316 0.045150 0.039367
1 0.288944 0.738446 0.038623 0.089784
1 0.333007 0.766290 0.062558 0.088647
1 0.311882 0.978612 0.048958 0.042776
1 0.406807 0.920855 0.031007 0.079555
1 0.481242 0.715526 0.029375 0.088647
1 0.229197 0.648662 0.025023 0.057962
1 0.251228 0.621954 0.021215 0.059098
1 0.262924 0.648094 0.028287 0.056825
1 0.284139 0.621386 0.041343 0.055689
1 0.405356 0.642411 0.033183 0.059098
1 0.387405 0.607179 0.027743 0.070463
1 0.416236 0.531602 0.036447 0.103422
1 0.447515 0.560583 0.023935 0.063644
1 0.441259 0.629910 0.031007 0.061371
1 0.558759 0.723103 0.027743 0.111378
1 0.611525 0.708139 0.033183 0.071600
1 0.603365 0.779739 0.033183 0.062508
1 0.632740 0.776898 0.041887 0.070463
1 0.645252 0.732574 0.023391 0.065917
1 0.632740 0.905323 0.041887 0.081828
1 0.677619 0.907028 0.041343 0.092057
1 0.826670 0.947563 0.051134 0.067054
1 0.873633 0.974634 0.029375 0.050732
1 0.915520 0.985999 0.030463 0.028002
1 0.969374 0.854370 0.048958 0.119333
1 0.734827 0.864598 0.025567 0.080692
1 0.763114 0.855506 0.034271 0.096603
1 0.807812 0.671771 0.025023 0.087511
1 0.827395 0.689387 0.033727 0.090920
1 0.706359 0.800196 0.033183 0.057962
1 0.671272 0.798491 0.035903 0.081828
1 0.668008 0.699615 0.027199 0.068190
1 0.692216 0.732006 0.019039 0.055689
1 0.718327 0.704730 0.031007 0.082965
1 0.692488 0.636539 0.029375 0.060235
1 0.676440 0.558120 0.031007 0.076146
1 0.710983 0.575736 0.043518 0.061371
1 0.761573 0.617787 0.029375 0.056825
1 0.779525 0.655860 0.041343 0.078419
1 0.823224 0.503757 0.033727 0.065917
1 0.861303 0.565129 0.046782 0.054552
1 0.926943 0.449584 0.051134 0.084101
1 0.682877 0.476860 0.040255 0.054552
1 0.680973 0.407533 0.026655 0.045460
1 0.734555 0.458676 0.028287 0.056825
1 0.721228 0.520047 0.041887 0.065917
1 0.741355 0.570622 0.032095 0.069327
1 0.767466 0.555279 0.032095 0.063644
1 0.701373 0.158260 0.044606 0.095466
1 0.747067 0.238383 0.038079 0.064781
1 0.774266 0.122460 0.033727 0.092057
1 0.796025 0.164510 0.033727 0.053416
1 0.788682 0.252590 0.033183 0.072736
1 0.796569 0.205993 0.033727 0.063644
1 0.775898 0.293314 0.036991 0.067054
1 0.747883 0.388213 0.034271 0.061371
1 0.763658 0.442765 0.024479 0.045460
1 0.789770 0.356959 0.032095 0.069327
1 0.802009 0.385371 0.029375 0.067054
1 0.825128 0.392759 0.020127 0.056825
1 0.886417 0.025714 0.029919 0.051428
1 0.449238 0.395789 0.031007 0.065917
1 0.474533 0.259977 0.043518 0.067054
1 0.523219 0.285548 0.033183 0.059098
1 0.446790 0.183831 0.031551 0.060235
1 0.450597 0.142917 0.030463 0.046597
1 0.466373 0.124164 0.026111 0.052279
1 0.385954 0.111473 0.024116 0.064781
1 0.356398 0.095562 0.032095 0.067054
1 0.335455 0.226829 0.029375 0.047733
1 0.306080 0.243876 0.032639 0.063644
1 0.218227 0.276835 0.036447 0.047733
1 0.262833 0.249559 0.035359 0.086374
1 0.241890 0.322864 0.032639 0.042051
1 0.265281 0.310362 0.034815 0.060235
1 0.268545 0.363210 0.021759 0.043187
1 0.242706 0.370597 0.038623 0.078419
1 0.258210 0.425149 0.027199 0.048870
1 0.285137 0.426286 0.023391 0.060235
1 0.307712 0.362641 0.035903 0.060235
1 0.327023 0.422308 0.035359 0.061371
1 0.304992 0.445606 0.026111 0.060235
1 0.359390 0.363778 0.025023 0.073873
1 0.341983 0.317181 0.044606 0.051143
1 0.340623 0.360368 0.031007 0.053416
1 0.402093 0.321159 0.029919 0.077282
1 0.382781 0.344457 0.041343 0.060235
2 0.382781 0.399009 0.028287 0.076146