2 0.057506 0.186895 0.102758 0.068655
1 0.022330 0.033933 0.044660 0.050505
1 0.046414 0.008681 0.092828 0.017361
1 0.049478 0.051689 0.067435 0.063920
1 0.025542 0.104167 0.051083 0.028409
1 0.147419 0.057607 0.179827 0.048927
1 0.198798 0.020518 0.160560 0.041035
1 0.308782 0.017756 0.091519 0.035511
1 0.397090 0.019729 0.107575 0.039457
1 0.270248 0.070234 0.078674 0.055240
1 0.234924 0.101405 0.081886 0.032355
1 0.197996 0.087200 0.152532 0.068655
1 0.048823 0.125079 0.097646 0.062342
1 0.107279 0.110085 0.105970 0.052872
1 0.181137 0.158617 0.099547 0.053662
1 0.497707 0.025647 0.120420 0.051294
1 0.609297 0.017361 0.125237 0.034722
1 0.688774 0.034722 0.142898 0.066288
0 0.736139 0.022096 0.032112 0.020518
0 0.739350 0.056424 0.038534 0.018150
0 0.614916 0.085227 0.036929 0.015783
0 0.421441 0.114820 0.051379 0.022885
0 0.383710 0.117582 0.033718 0.020518
0 0.480046 0.126263 0.020873 0.012626
0 0.494496 0.136916 0.024084 0.014994
0 0.418230 0.182686 0.035323 0.013415
0 0.553903 0.196102 0.043351 0.022885
0 0.541861 0.228851 0.035323 0.018939
0 0.573171 0.239110 0.033718 0.017361
0 0.600466 0.239110 0.030506 0.017361
0 0.199601 0.280540 0.030506 0.013415
0 0.206024 0.299479 0.040140 0.010259
0 0.229305 0.278172 0.028901 0.021307
0 0.303965 0.225694 0.040140 0.014205
0 0.113702 0.426926 0.070646 0.017361
0 0.401104 0.460464 0.025690 0.016572
0 0.418765 0.454545 0.035323 0.018939
0 0.491017 0.464804 0.025690 0.011048
0 0.374611 0.503472 0.030506 0.015783
0 0.393879 0.516888 0.024084 0.014205
0 0.372203 0.528330 0.035323 0.016572
0 0.431610 0.486900 0.028901 0.017361
0 0.015908 0.538984 0.031816 0.020518
0 0.256600 0.762968 0.038534 0.021307
0 0.022330 0.772438 0.044660 0.024463
0 0.169095 0.860427 0.033718 0.023674
0 0.767983 0.506234 0.033718 0.019729
0 0.644352 0.231218 0.030506 0.017361
0 0.768786 0.191761 0.035323 0.017361
0 0.025661 0.575942 0.043351 0.011837
0 0.030478 0.586595 0.036929 0.015783
0 0.725435 0.704572 0.038534 0.016572
0 0.755139 0.700626 0.040140 0.024463
0 0.857897 0.722722 0.033718 0.013415
0 0.926135 0.686422 0.028901 0.018150
0 0.231713 0.930661 0.033718 0.012626
0 0.226094 0.993398 0.041746 0.011837
0 0.234122 0.919218 0.025690 0.016572
1 0.326979 0.156645 0.091519 0.049716
1 0.260346 0.181108 0.086702 0.054451
1 0.338218 0.185448 0.072252 0.037879
1 0.396019 0.151910 0.091519 0.033933
1 0.425723 0.217014 0.128448 0.077336
1 0.363105 0.239504 0.061013 0.065499
1 0.313331 0.267519 0.112392 0.045770
1 0.281219 0.267519 0.096336 0.071023
1 0.084533 0.230429 0.107575 0.063131
1 0.051618 0.252920 0.102758 0.060764
1 0.110223 0.271859 0.078674 0.026042
1 0.069963 0.334596 0.139926 0.056818
1 0.136715 0.303425 0.138082 0.081282
1 0.228234 0.396149 0.067435 0.023674
1 0.226629 0.368924 0.128448 0.057607
1 0.074097 0.373264 0.109181 0.045770
2 0.044274 0.448627 0.088547 0.026042
2 0.057238 0.418640 0.101153 0.054451
1 0.120659 0.391809 0.131659 0.051294
1 0.261149 0.396544 0.133265 0.078125
1 0.308514 0.333807 0.099547 0.048927
1 0.387189 0.317629 0.093125 0.043403
1 0.371935 0.409564 0.120420 0.045770
1 0.158391 0.485717 0.171799 0.052872
1 0.047485 0.484927 0.094970 0.071812
1 0.195320 0.443497 0.149321 0.044192
1 0.249107 0.459675 0.054590 0.032355
1 0.243488 0.503867 0.152532 0.041824
1 0.172038 0.532276 0.083491 0.027620
1 0.330993 0.472696 0.154138 0.045770
1 0.287642 0.550032 0.141293 0.033144
1 0.343838 0.592251 0.112392 0.057607
1 0.163208 0.631708 0.107575 0.049716
1 0.135912 0.583570 0.091519 0.032355
1 0.063660 0.587910 0.072252 0.045770
1 0.045879 0.629735 0.091758 0.056818
1 0.052302 0.675505 0.104603 0.055240
1 0.538721 0.094156 0.120863 0.054113
1 0.594015 0.139971 0.139458 0.056277
1 0.740813 0.072150 0.136522 0.050505
1 0.845773 0.021645 0.105694 0.041847
1 0.903024 0.023088 0.140926 0.046176
1 0.920640 0.080087 0.076335 0.095238
1 0.698242 0.124820 0.115970 0.049062
1 0.675488 0.178211 0.085143 0.053391
1 0.835497 0.174964 0.088079 0.044012
1 0.791458 0.162698 0.158541 0.074315
1 0.821552 0.203102 0.189369 0.085859
1 0.961009 0.159452 0.066059 0.047619
1 0.970596 0.229076 0.058808 0.064214
1 0.942660 0.269841 0.102758 0.070707
1 0.679892 0.243867 0.058719 0.036075
1 0.653468 0.259740 0.135054 0.066378
1 0.599887 0.292929 0.098354 0.037518
1 0.525754 0.261183 0.143862 0.062049
1 0.494927 0.318182 0.102758 0.053391
1 0.558050 0.364358 0.114502 0.062049
1 0.641724 0.314935 0.111566 0.058442
1 0.728335 0.313853 0.067527 0.076479
1 0.789256 0.305556 0.098354 0.097403
1 0.895684 0.330808 0.073399 0.067100
1 0.959541 0.336941 0.063123 0.062049
1 0.789990 0.407167 0.102758 0.053391
1 0.763567 0.414743 0.190837 0.110390
1 0.871463 0.408249 0.074867 0.107504
1 0.952935 0.381914 0.093950 0.069264
1 0.953714 0.461279 0.092572 0.063492
1 0.534562 0.472102 0.061655 0.049062
1 0.585207 0.472823 0.074867 0.043290
1 0.507405 0.388047 0.107162 0.072872
1 0.690168 0.530904 0.067527 0.059885
0 0.657138 0.464526 0.024956 0.010823
0 0.474375 0.485811 0.023488 0.014430
1 0.437676 0.511544 0.102758 0.053391
1 0.490523 0.536436 0.091015 0.058442
0 0.404646 0.560245 0.045507 0.013709
1 0.563922 0.569986 0.079271 0.075036
1 0.536030 0.619769 0.093950 0.053391
1 0.371617 0.659091 0.088079 0.045455
1 0.257849 0.722944 0.113034 0.046176
1 0.274730 0.616522 0.111566 0.064214
1 0.439878 0.646465 0.080739 0.069264
1 0.522084 0.674603 0.124778 0.054834
2 0.475843 0.731602 0.137990 0.049062
1 0.429602 0.783069 0.195241 0.043290
1 0.282070 0.805195 0.196709 0.049062
1 0.076064 0.835859 0.132118 0.067100
1 0.129645 0.729076 0.124778 0.046898
1 0.114966 0.709596 0.154138 0.058442
1 0.062988 0.745671 0.125975 0.088745
1 0.046840 0.901395 0.093680 0.066378
1 0.172951 0.929173 0.076335 0.075758
1 0.136251 0.946489 0.085143 0.045455
2 0.074732 0.979317 0.149463 0.040404
1 0.327822 0.927369 0.110098 0.043290
1 0.277911 0.899230 0.118906 0.043290
1 0.263965 0.832131 0.111566 0.057720
1 0.367458 0.865320 0.130650 0.072150
1 0.442324 0.866041 0.092483 0.064935
1 0.537009 0.858826 0.082207 0.043290
1 0.576400 0.890933 0.160009 0.051227
1 0.491991 0.905002 0.076335 0.043290
1 0.432538 0.944685 0.066059 0.028860
1 0.533094 0.955868 0.199645 0.074315
1 0.248307 0.964406 0.111566 0.071188
1 0.320972 0.975349 0.083675 0.046898
1 0.304090 0.954425 0.064591 0.025253
1 0.359139 0.987254 0.071931 0.021645
1 0.720261 0.984969 0.077803 0.030062
1 0.665946 0.963805 0.121842 0.056999
1 0.623375 0.839346 0.068995 0.046176
1 0.562454 0.773689 0.132118 0.047619
1 0.600621 0.741222 0.146798 0.047619
1 0.677690 0.785233 0.066059 0.053391
1 0.738611 0.783790 0.076335 0.047619
1 0.690168 0.850529 0.085143 0.084416
2 0.784118 0.934584 0.091015 0.079365
1 0.904492 0.935305 0.149734 0.076479
1 0.841369 0.981722 0.140926 0.036556
1 0.965458 0.848365 0.069084 0.064214
1 0.885409 0.798461 0.102758 0.057720
2 0.916970 0.744348 0.089547 0.069264
1 0.828157 0.677249 0.102758 0.051948
1 0.739345 0.655604 0.145330 0.036075
1 0.697508 0.635041 0.111566 0.080087
1 0.795128 0.548100 0.083675 0.030303
1 0.764301 0.480279 0.133586 0.063492
1 0.875867 0.508418 0.148266 0.057720
1 0.977157 0.520443 0.036699 0.054834
1 0.912566 0.586821 0.124778 0.037518
1 0.839901 0.577441 0.120374 0.053391
1 0.772374 0.596561 0.120374 0.056999
1 0.957339 0.667629 0.079271 0.050505
1 0.938990 0.622174 0.121842 0.053391