1 0.153562 0.207071 0.076888 0.101010
1 0.131026 0.127525 0.079539 0.113636
1 0.218519 0.055556 0.106052 0.111111
1 0.020441 0.330808 0.040881 0.085859
2 0.345782 0.497475 0.095447 0.085859
1 0.345782 0.152778 0.095447 0.078283
1 0.386877 0.193182 0.103401 0.078283
1 0.435927 0.117424 0.084842 0.098485
2 0.683824 0.075758 0.092796 0.095960
2 0.526071 0.492424 0.084842 0.116162
2 0.595005 0.885101 0.106052 0.108586
1 0.735525 0.729798 0.084842 0.126263
1 0.800482 0.809343 0.092796 0.053030
1 0.868090 0.829545 0.090145 0.098485
1 0.942327 0.800505 0.090145 0.146465
1 0.953930 0.136364 0.092140 0.075758
2 0.981769 0.133838 0.036462 0.095960
2 0.963538 0.037879 0.058329 0.040404