2 0.194491 0.169621 0.101180 0.144737
2 0.648960 0.268735 0.072513 0.103833
2 0.286397 0.753290 0.099494 0.191934
2 0.388420 0.795768 0.094435 0.138444
2 0.692805 0.948371 0.096121 0.097540
2 0.791456 0.842965 0.097808 0.132152
2 0.825183 0.970253 0.077572 0.059494
2 0.837830 0.385154 0.092749 0.110126
1 0.142215 0.528318 0.067454 0.106980
1 0.256886 0.309639 0.131535 0.191934
1 0.247611 0.045480 0.086003 0.090960
1 0.183530 0.441790 0.092749 0.179348
1 0.379989 0.490561 0.104553 0.207667
1 0.088252 0.679348 0.168634 0.283182
1 0.590781 0.567649 0.107926 0.141591
1 0.606802 0.422912 0.106239 0.166763
1 0.700393 0.111556 0.097808 0.223111
2 0.759415 0.468535 0.053963 0.125859
1 0.805790 0.721826 0.126476 0.166763
1 0.720630 0.811500 0.074199 0.094394
1 0.387577 0.938788 0.183811 0.122424
1 0.826026 0.487414 0.102867 0.138444
1 0.962338 0.394593 0.075323 0.210813
1 0.974143 0.230977 0.051714 0.129005
1 0.970770 0.106692 0.058460 0.182495