2 0.654712 0.659181 0.066104 0.086826
2 0.864276 0.315217 0.040788 0.075694
2 0.282700 0.512245 0.064698 0.077921
2 0.131505 0.473284 0.071730 0.093505
2 0.088608 0.430985 0.053446 0.102410
2 0.396032 0.427201 0.050337 0.089052
2 0.354949 0.356897 0.061441 0.131235
2 0.031025 0.224709 0.062050 0.083814
1 0.182841 0.236496 0.074460 0.096910
1 0.206834 0.321619 0.064532 0.081195
1 0.546455 0.693543 0.045503 0.083814
1 0.533631 0.628718 0.041367 0.079885
1 0.561347 0.595978 0.076942 0.074647
1 0.415736 0.874266 0.068669 0.081195
2 0.241210 0.662520 0.046414 0.075694
2 0.909283 0.749346 0.060478 0.115768
1 0.810478 0.771866 0.052743 0.071427
1 0.810478 0.805725 0.042194 0.064934
1 0.783521 0.828915 0.046882 0.059368
1 0.734880 0.806652 0.043366 0.066789
1 0.772093 0.815465 0.058017 0.130795
1 0.780896 0.443409 0.055036 0.093892
1 0.961903 0.290472 0.057482 0.113251
1 0.684278 0.120596 0.063597 0.085180
1 0.728307 0.041907 0.085611 0.083813
0 0.924601 0.302088 0.014676 0.026135
0 0.917569 0.472932 0.016511 0.023231
0 0.812389 0.455509 0.020180 0.034846
1 0.942640 0.445829 0.050755 0.063885
1 0.033052 0.918545 0.066104 0.133578
0 0.135021 0.621334 0.028129 0.046752
1 0.483991 0.592049 0.049640 0.085123
1 0.164640 0.057737 0.043021 0.079885
1 0.099280 0.059701 0.046331 0.062860
0 0.101349 0.344537 0.020683 0.024882
1 0.929010 0.974312 0.034051 0.051375
1 0.983381 0.754702 0.033237 0.076163