0 0.059584 0.075134 0.030354 0.054570
0 0.132940 0.160887 0.045531 0.059767
0 0.049466 0.298611 0.030354 0.054570
0 0.074761 0.347984 0.040472 0.044176
0 0.068859 0.402554 0.035413 0.044176
0 0.174255 0.538979 0.043845 0.067563
0 0.035975 0.950852 0.030354 0.023387
0 0.022485 0.986470 0.043845 0.027060
0 0.223159 0.451926 0.047218 0.038979
0 0.272906 0.810529 0.025295 0.049373
0 0.369028 0.918370 0.035413 0.036380
0 0.385048 0.880691 0.040472 0.038979
0 0.368184 0.093324 0.026981 0.038979
0 0.398538 0.107616 0.020236 0.051971
0 0.449129 0.202464 0.033727 0.044176
0 0.423834 0.597446 0.030354 0.049373
0 0.474424 0.637724 0.026981 0.036380
0 0.506464 0.754660 0.033727 0.041577
0 0.593311 0.905377 0.042159 0.051971
0 0.692805 0.823522 0.032040 0.054570
0 0.691962 0.754660 0.033727 0.036380
0 0.650646 0.972940 0.032040 0.046774
0 0.684373 0.953451 0.032040 0.044176
0 0.777122 0.962546 0.042159 0.062366
0 0.865655 0.865099 0.030354 0.044176
0 0.868184 0.914472 0.025295 0.033781
0 0.873243 0.668907 0.035413 0.046774
0 0.919618 0.722178 0.030354 0.049373
0 0.609331 0.477912 0.030354 0.044176
0 0.666667 0.567563 0.043845 0.051971
0 0.691962 0.364874 0.023609 0.031183
0 0.730748 0.357079 0.043845 0.046774
0 0.748454 0.402554 0.032040 0.049373
0 0.899382 0.457124 0.030354 0.044176
0 0.658235 0.163485 0.040472 0.044176
0 0.684373 0.123207 0.032040 0.057169
0 0.748454 0.093324 0.038786 0.049373
0 0.874087 0.127105 0.026981 0.049373
0 0.857223 0.190770 0.033727 0.036380
0 0.928893 0.247939 0.028668 0.051971
0 0.974424 0.210259 0.028668 0.059767
1 0.847105 0.427240 0.077572 0.166309
1 0.502248 0.302509 0.112985 0.155914
1 0.726532 0.716981 0.096121 0.163710
1 0.131253 0.245340 0.099494 0.124731
1 0.229904 0.544176 0.087690 0.150717