1 0.067518 0.033069 0.053444 0.061328
1 0.141450 0.143699 0.076604 0.138288
1 0.222062 0.346721 0.072150 0.079365
1 0.269717 0.531305 0.097982 0.078163
1 0.187323 0.605259 0.070369 0.062530
1 0.067518 0.629309 0.044537 0.043290
1 0.202466 0.738737 0.054335 0.060125
1 0.124080 0.821308 0.056117 0.076960
1 0.156147 0.877826 0.041865 0.038480
1 0.092904 0.865200 0.047209 0.032468
1 0.051930 0.857985 0.052554 0.056518
1 0.068854 0.909692 0.041865 0.046898
1 0.036788 0.970418 0.036520 0.036075
1 0.258208 0.883357 0.053444 0.050505
1 0.390572 0.889129 0.037411 0.096681
1 0.431101 0.941799 0.049703 0.080808
1 0.430032 0.746513 0.049703 0.051948
1 0.357170 0.738576 0.049703 0.053391
1 0.331249 0.767436 0.032067 0.044733
1 0.356635 0.796657 0.051841 0.045455
1 0.334990 0.715488 0.028860 0.044733
1 0.349420 0.661736 0.032067 0.074315
1 0.513138 0.948172 0.030998 0.049784
1 0.491761 0.912819 0.052376 0.056999
1 0.503786 0.790524 0.032601 0.057720
1 0.517414 0.718374 0.048100 0.046176
1 0.535051 0.662819 0.053444 0.060606
1 0.555627 0.601491 0.022981 0.056277
1 0.565247 0.628547 0.039014 0.036797
1 0.614416 0.602213 0.049703 0.063492
1 0.649956 0.653078 0.058789 0.064214
1 0.634190 0.672920 0.051841 0.066378
1 0.727451 0.678331 0.051307 0.059885
1 0.765129 0.760582 0.081770 0.075758
1 0.930006 0.700697 0.049169 0.081530
1 0.761655 0.439995 0.055582 0.064214
1 0.778758 0.496272 0.051307 0.046898
1 0.895801 0.436027 0.049169 0.053391
1 0.944168 0.047258 0.046497 0.077201
1 0.682290 0.154401 0.086046 0.057720
1 0.598293 0.187590 0.052376 0.051948
2 0.590009 0.096320 0.047566 0.048341
2 0.615128 0.031385 0.040083 0.039683
2 0.630894 0.056999 0.032067 0.033189
2 0.663228 0.078283 0.044359 0.042569
2 0.650135 0.044733 0.045962 0.054834
1 0.633567 0.120491 0.043824 0.056277
1 0.557408 0.088745 0.037946 0.049062
1 0.486060 0.125180 0.048100 0.056999
1 0.464682 0.158009 0.042756 0.079365
1 0.195678 0.414141 0.048100 0.057720
1 0.184188 0.464646 0.046497 0.049062
1 0.262751 0.439394 0.034739 0.067821
1 0.486033 0.371327 0.046764 0.042470
1 0.548281 0.424879 0.045085 0.074484
1 0.634854 0.441703 0.032135 0.052448
1 0.485929 0.532353 0.049882 0.056333
1 0.468663 0.607787 0.048922 0.054390
1 0.619735 0.959480 0.073532 0.081040
1 0.682302 0.954662 0.038701 0.071404
1 0.732936 0.950743 0.034186 0.044410
1 0.736806 0.976431 0.059987 0.031348
1 0.784569 0.246212 0.060014 0.054714
1 0.898361 0.795279 0.075602 0.068392
0 0.222622 0.263047 0.027279 0.025253
0 0.337194 0.952055 0.010132 0.022096
0 0.857832 0.091540 0.024161 0.031566