1 0.956018 0.049426 0.069674 0.055685
1 0.825637 0.276375 0.058637 0.057628
1 0.817704 0.343391 0.044150 0.055685
1 0.847023 0.320081 0.037941 0.050505
1 0.910833 0.366377 0.056567 0.034318
1 0.951189 0.426271 0.040701 0.047915
1 0.619259 0.759950 0.038631 0.042735
1 0.543721 0.730489 0.046220 0.065398
1 0.475772 0.736964 0.057947 0.060218
1 0.380343 0.887292 0.056567 0.047915
0 0.429667 0.757684 0.035182 0.042088
0 0.359303 0.679984 0.025524 0.039498
1 0.559703 0.611456 0.038631 0.033670
1 0.527970 0.649659 0.031733 0.029785
1 0.512448 0.610809 0.040701 0.059570
1 0.520381 0.569585 0.052428 0.034965
1 0.488304 0.538828 0.051738 0.048563
1 0.471747 0.567642 0.037941 0.025900
1 0.457951 0.590305 0.032423 0.050505
1 0.441049 0.663014 0.038631 0.042357
1 0.392760 0.662825 0.040011 0.059570
1 0.435186 0.623004 0.048979 0.026548
1 0.425183 0.554476 0.046909 0.042735
1 0.388621 0.598830 0.042770 0.051153
1 0.389541 0.559333 0.032653 0.048563
1 0.362407 0.549296 0.026214 0.066045
1 0.410351 0.508180 0.057257 0.056333
1 0.396899 0.455085 0.045530 0.061513
1 0.480026 0.368536 0.035182 0.031728
1 0.495202 0.401882 0.025524 0.028490
1 0.523831 0.456272 0.045530 0.046620
1 0.504860 0.292131 0.040701 0.042088
1 0.483130 0.245187 0.038631 0.049210
1 0.575224 0.232884 0.053118 0.058275
1 0.398624 0.274972 0.042080 0.036260
1 0.405522 0.238064 0.051738 0.045325
1 0.127860 0.150976 0.037252 0.045973
1 0.138898 0.234827 0.034492 0.051800
1 0.115443 0.277238 0.034492 0.031728
1 0.098197 0.350730 0.022075 0.031080
1 0.071293 0.339075 0.048289 0.029785
1 0.056116 0.380191 0.067605 0.030433
1 0.092333 0.394112 0.037941 0.044030
1 0.051173 0.481633 0.036562 0.071873
1 0.039100 0.608219 0.051048 0.049210
1 0.288134 0.931969 0.046909 0.037555
1 0.286409 0.874342 0.043460 0.058275
1 0.192935 0.781749 0.060706 0.051800
1 0.197075 0.740957 0.046909 0.032375
1 0.295722 0.771713 0.053808 0.069283
1 0.349530 0.709769 0.053808 0.039498
1 0.315728 0.673509 0.057947 0.062808
1 0.136368 0.674912 0.048289 0.047915
1 0.133264 0.644155 0.060016 0.039498
1 0.180863 0.628615 0.039321 0.049858
1 0.211216 0.616636 0.042080 0.050505
1 0.207767 0.593974 0.061396 0.038850
1 0.256401 0.593974 0.051048 0.054390
1 0.208112 0.567103 0.049669 0.029138
1 0.279856 0.578434 0.038631 0.041440
1 0.188107 0.480877 0.028973 0.033670
1 0.335043 0.473431 0.042770 0.056333
1 0.107280 0.443106 0.054498 0.029785
1 0.191901 0.259432 0.048979 0.047915
1 0.206387 0.285332 0.040701 0.044030
1 0.260540 0.283713 0.022075 0.039498
1 0.213631 0.013598 0.057947 0.027195
0 0.311244 0.015540 0.031043 0.031080
1 0.431966 0.294937 0.033802 0.029138
1 0.462665 0.288462 0.026214 0.026548
1 0.356658 0.323427 0.033113 0.035613
1 0.328490 0.314254 0.024145 0.031080
1 0.293653 0.299685 0.052428 0.029138
1 0.231222 0.320405 0.042080 0.038203
1 0.280201 0.322024 0.040701 0.027195
1 0.267439 0.345334 0.041391 0.033670
1 0.322626 0.346629 0.038631 0.031080
1 0.351600 0.357960 0.027594 0.022663
0 0.330904 0.381917 0.023455 0.033023
1 0.362292 0.395839 0.039321 0.046620
1 0.171090 0.351809 0.037252 0.049210
1 0.133839 0.333031 0.031733 0.042735
1 0.096587 0.302059 0.028973 0.035613
1 0.216275 0.372637 0.024145 0.043383
1 0.192476 0.364543 0.035872 0.040145
1 0.247318 0.383320 0.031043 0.023310
1 0.283535 0.377493 0.027594 0.050505
1 0.306300 0.394004 0.022075 0.044678
1 0.319752 0.423142 0.036562 0.029138
1 0.353899 0.435768 0.027594 0.037555
1 0.191441 0.441919 0.054498 0.036476
1 0.215240 0.416559 0.042770 0.041440
1 0.259735 0.411055 0.031043 0.031728
1 0.279396 0.434365 0.037252 0.039498
1 0.321821 0.569045 0.040701 0.058923
1 0.281810 0.527281 0.043460 0.027195
1 0.281810 0.475481 0.035182 0.024605
1 0.237315 0.497820 0.020695 0.022663
1 0.338378 0.520159 0.026904 0.025900