2 0.217367 0.191464 0.021380 0.042496
2 0.233540 0.211613 0.021929 0.024179
2 0.243408 0.202820 0.020832 0.021248
2 0.272189 0.204286 0.021380 0.016852
2 0.265336 0.218207 0.023025 0.019783
2 0.255743 0.232861 0.034538 0.037367
2 0.267529 0.188167 0.020832 0.022713
2 0.337153 0.344596 0.026314 0.029308
2 0.326462 0.355586 0.018091 0.029308
2 0.299874 0.347893 0.019736 0.028575
2 0.281783 0.346428 0.025218 0.024179
2 0.290828 0.364379 0.018091 0.024911
2 0.309468 0.375369 0.015898 0.024911
2 0.278768 0.376834 0.019188 0.033704
2 0.294666 0.409073 0.019188 0.026377
2 0.308097 0.414201 0.018639 0.027842
2 0.301793 0.451569 0.024670 0.021981
2 0.300696 0.436548 0.024670 0.031506
2 0.282605 0.431053 0.024670 0.027842
2 0.335782 0.421895 0.021380 0.028575
2 0.323995 0.383795 0.018639 0.024179
2 0.294392 0.389656 0.029604 0.027110
2 0.362096 0.387458 0.019188 0.035902
2 0.383751 0.516412 0.023025 0.022713
2 0.421304 0.495164 0.019188 0.025644
2 0.508196 0.422627 0.020832 0.022713
2 0.480785 0.415667 0.020832 0.023446
2 0.515597 0.385993 0.019188 0.022713
2 0.515597 0.359250 0.019188 0.036634
2 0.500521 0.338734 0.016446 0.026377
2 0.533688 0.295872 0.027959 0.032971
2 0.540815 0.318585 0.022477 0.027110
2 0.561373 0.308694 0.010964 0.017585
2 0.558083 0.264733 0.025218 0.026377
2 0.569596 0.275357 0.019736 0.022713
2 0.561647 0.296971 0.020284 0.020515
2 0.574530 0.298070 0.017543 0.024179
2 0.561647 0.331041 0.027959 0.032971
2 0.576723 0.313457 0.024121 0.018317
2 0.587139 0.329942 0.023025 0.027842
2 0.603311 0.314922 0.022477 0.047625
2 0.587961 0.301001 0.015898 0.021248
2 0.593169 0.279753 0.014254 0.024179
2 0.611260 0.289644 0.020832 0.024911
2 0.615920 0.278287 0.019188 0.024179
2 0.632915 0.286713 0.022477 0.033704
2 0.652102 0.253376 0.015898 0.050556
2 0.638397 0.234326 0.013705 0.027110
2 0.600296 0.219306 0.019736 0.020515
2 0.582479 0.239089 0.014802 0.024911
2 0.602763 0.257772 0.014802 0.030040
2 0.591525 0.257406 0.015350 0.033704
2 0.641960 0.266198 0.021929 0.042496
2 0.630448 0.311625 0.017543 0.021981
2 0.617565 0.313457 0.015898 0.022713
2 0.484623 0.455965 0.029604 0.026377
2 0.440765 0.524105 0.018639 0.033704
2 0.599748 0.184137 0.016446 0.019050
2 0.125125 0.394911 0.014721 0.024396
2 0.086263 0.409076 0.022964 0.030692
2 0.122770 0.237912 0.022964 0.025183
2 0.113643 0.122622 0.025908 0.035413
2 0.177825 0.975296 0.024731 0.017313
2 0.187835 0.990402 0.030619 0.019195
2 0.154272 0.965853 0.024731 0.029905
1 0.169287 0.947752 0.026497 0.015739
1 0.306777 0.771473 0.020020 0.029905
1 0.017959 0.386648 0.017076 0.023609
1 0.095978 0.283162 0.036507 0.029118
1 0.023644 0.282389 0.016306 0.020703
1 0.030370 0.262231 0.026497 0.027241
1 0.195875 0.017062 0.022421 0.025062
1 0.308385 0.010438 0.029758 0.020875
1 0.569076 0.155446 0.026905 0.033779
1 0.614121 0.158987 0.021605 0.056117
1 0.477763 0.358937 0.030166 0.026696
1 0.473686 0.494869 0.026089 0.039227
1 0.467775 0.529193 0.024866 0.023972
1 0.447189 0.495959 0.026905 0.046855
2 0.334271 0.462725 0.013860 0.027241
1 0.320615 0.444201 0.024866 0.047944
1 0.496515 0.484245 0.019567 0.025607
1 0.508744 0.469535 0.017936 0.034324
1 0.985080 0.256238 0.029758 0.041406
1 0.983857 0.372557 0.019159 0.034324
1 0.971016 0.399798 0.017936 0.025607
2 0.883984 0.694819 0.021605 0.023972
1 0.138396 0.401977 0.024051 0.045220
0 0.815295 0.931271 0.013045 0.016345
0 0.693001 0.914654 0.008968 0.011441
0 0.426982 0.117056 0.010902 0.015177
0 0.526913 0.081238 0.011810 0.015177
0 0.443561 0.462488 0.006814 0.011535
0 0.456507 0.441847 0.008176 0.009106
1 0.404497 0.530481 0.026800 0.032176