1 0.014727 0.048408 0.029005 0.070508
1 0.033277 0.087187 0.039123 0.088135
1 0.093311 0.216746 0.045868 0.114576
1 0.044407 0.230847 0.030354 0.096949
1 0.013603 0.301355 0.027206 0.075796
1 0.042721 0.377152 0.041821 0.089898
1 0.089264 0.296067 0.035076 0.114576
1 0.115571 0.336610 0.039123 0.107525
1 0.129061 0.423863 0.022934 0.070508
1 0.217650 0.322508 0.068803 0.096949
1 0.247442 0.182667 0.046093 0.113401
1 0.267903 0.199119 0.037099 0.061695
1 0.278359 0.090712 0.031029 0.063457
1 0.307364 0.096882 0.037774 0.026441
1 0.326251 0.034780 0.026981 0.069560
1 0.353569 0.042712 0.027656 0.085424
1 0.483755 0.053696 0.041147 0.088135
1 0.449016 0.093356 0.040472 0.082847
1 0.459472 0.140949 0.035750 0.121627
1 0.384935 0.099526 0.041821 0.088135
1 0.352220 0.129492 0.064081 0.102237
1 0.365374 0.200881 0.048567 0.111050
1 0.412591 0.152407 0.029680 0.074034
1 0.368409 0.278440 0.049241 0.125152
1 0.442271 0.303999 0.045868 0.088135
1 0.459809 0.202644 0.043170 0.072271
1 0.459134 0.263457 0.026981 0.056407
1 0.529961 0.226441 0.021585 0.074034
1 0.555593 0.207051 0.032378 0.126915
1 0.593704 0.036069 0.037099 0.066983
1 0.595728 0.153288 0.057336 0.125152
1 0.599438 0.284610 0.043170 0.119864
1 0.637549 0.219390 0.042496 0.088135
1 0.643620 0.245830 0.041147 0.155118
1 0.647330 0.103051 0.045868 0.088135
1 0.676335 0.055932 0.047218 0.111864
1 0.657448 0.029492 0.040472 0.058984
1 0.752895 0.030780 0.031703 0.045830
1 0.743114 0.079255 0.043170 0.114576
1 0.731647 0.192068 0.047218 0.089898
1 0.777515 0.141831 0.035076 0.084610
1 0.799775 0.064272 0.032378 0.088135
1 0.822372 0.034780 0.034401 0.069560
1 0.839573 0.022441 0.028331 0.044882
1 0.828443 0.125966 0.037099 0.091661
1 0.853064 0.118034 0.028331 0.082847
1 0.900169 0.061628 0.038449 0.111050
1 0.938954 0.063865 0.044519 0.127729
1 0.958853 0.204407 0.030354 0.086372
1 0.991737 0.237898 0.016526 0.086372
1 0.968971 0.408880 0.043845 0.114576
1 0.906577 0.365694 0.031029 0.091661
1 0.937943 0.529626 0.038449 0.109288
0 0.931197 0.419457 0.020911 0.051118
1 0.987352 0.582507 0.025295 0.123389
1 0.966273 0.711184 0.043845 0.084610
1 0.921754 0.623930 0.046543 0.089898
1 0.982293 0.931388 0.035413 0.137224
1 0.872175 0.821353 0.043170 0.089898
1 0.833727 0.823116 0.033727 0.082847
1 0.875548 0.941217 0.039123 0.082847
1 0.862057 0.596608 0.044519 0.102237
1 0.784148 0.536676 0.043845 0.084610
1 0.721754 0.438846 0.047218 0.114576
1 0.654300 0.563117 0.036425 0.084610
1 0.681282 0.577218 0.049916 0.098711
1 0.617201 0.609829 0.024283 0.072271
1 0.628106 0.694438 0.061832 0.125152
1 0.644857 0.773760 0.031029 0.100474
1 0.634739 0.925059 0.048567 0.077559
1 0.686678 0.768178 0.029680 0.084610
1 0.689039 0.802551 0.046543 0.107525
1 0.723440 0.825466 0.027656 0.079322
1 0.741990 0.745263 0.052614 0.126915
1 0.706239 0.884516 0.049916 0.130440
1 0.736931 0.985444 0.029005 0.029111
1 0.782125 0.879228 0.058685 0.119864
1 0.454862 0.595433 0.037774 0.070508
1 0.491962 0.648314 0.036425 0.123389
0 0.459247 0.642145 0.008769 0.033491
0 0.727712 0.468518 0.010118 0.024678
0 0.561102 0.521400 0.020911 0.052881
0 0.596178 0.715297 0.016863 0.031729
1 0.565486 0.640382 0.036425 0.068745
1 0.547274 0.907432 0.047218 0.081084
1 0.422822 0.776992 0.053288 0.133965
1 0.458910 0.896855 0.026981 0.063457
1 0.379427 0.844856 0.031703 0.079322
1 0.395616 0.877466 0.041147 0.088135
1 0.358853 0.759365 0.047218 0.070508
1 0.320405 0.737331 0.045868 0.079322
1 0.325464 0.814890 0.041147 0.111050
1 0.322428 0.881872 0.028331 0.118101
1 0.348398 0.932991 0.029005 0.079322
1 0.364587 0.936516 0.042496 0.075796
1 0.355143 0.866008 0.046543 0.146304
1 0.275098 0.878347 0.039798 0.093423
1 0.288926 0.818415 0.035076 0.079322
1 0.265992 0.754958 0.028331 0.100474
1 0.276110 0.702077 0.047218 0.089898
1 0.301068 0.662416 0.036425 0.116338
1 0.274761 0.629806 0.031029 0.082847
1 0.256211 0.601603 0.039798 0.093423
1 0.211692 0.619230 0.031703 0.072271
1 0.230242 0.595433 0.033727 0.074034
1 0.222822 0.707365 0.040472 0.058169
1 0.231591 0.762890 0.025632 0.112813
1 0.187184 0.762009 0.035750 0.093423
1 0.154019 0.753195 0.047218 0.107525
1 0.175942 0.814008 0.024958 0.102237
1 0.176279 0.872178 0.031029 0.098711
1 0.132209 0.875703 0.049916 0.126915
1 0.061046 0.793737 0.043845 0.086372
1 0.042496 0.842212 0.035076 0.066983
1 0.043508 0.873059 0.031703 0.068745
1 0.013491 0.863364 0.026981 0.137491
1 0.079483 0.658890 0.057336 0.116338
1 0.100393 0.602484 0.041147 0.077559
1 0.127375 0.558416 0.042496 0.119864
1 0.255649 0.434146 0.035076 0.082847
1 0.271501 0.400654 0.051939 0.103999
1 0.290051 0.293129 0.039123 0.114576
1 0.331872 0.403298 0.041821 0.133965
1 0.328499 0.500247 0.035076 0.102237
0 0.367285 0.545784 0.014165 0.037017
1 0.385980 0.434733 0.050206 0.111050
0 0.399323 0.422657 0.008432 0.025513
1 0.453241 0.436573 0.054140 0.113648
1 0.789696 0.276538 0.038608 0.090455
1 0.791027 0.349018 0.027070 0.068421
1 0.785258 0.371051 0.032395 0.084656
1 0.781708 0.405262 0.035946 0.078858
0 0.044467 0.294773 0.013852 0.029903
0 0.076086 0.210573 0.012045 0.022034
0 0.006826 0.215294 0.008432 0.025181
0 0.034229 0.541080 0.015057 0.040920