1 0.105115 0.340950 0.060708 0.150311
1 0.195334 0.176657 0.075885 0.157302
1 0.150646 0.639824 0.064081 0.188763
1 0.016301 0.872282 0.032602 0.129337
2 0.256886 0.751683 0.060708 0.083894
2 0.654019 0.358428 0.082631 0.157302
2 0.281338 0.550686 0.086003 0.178276
2 0.383361 0.480774 0.064081 0.115355
2 0.729904 0.094510 0.092749 0.146815
2 0.922990 0.243073 0.067454 0.150311
1 0.989320 0.456305 0.021360 0.171285
2 0.938167 0.793631 0.080944 0.111859
1 0.508151 0.576903 0.064081 0.195754
1 0.561270 0.653807 0.079258 0.223719
2 0.676785 0.943942 0.084317 0.090886
1 0.610174 0.486018 0.082631 0.111859