1 0.229061 0.110761 0.082631 0.182197
1 0.123665 0.065212 0.084317 0.118704
1 0.039348 0.240508 0.070826 0.099380
1 0.079820 0.326085 0.057336 0.171155
1 0.138842 0.327465 0.047218 0.162873
1 0.229061 0.602141 0.092749 0.132507
1 0.277122 0.822985 0.124789 0.226366
1 0.138842 0.593859 0.074199 0.143549
1 0.111861 0.651831 0.107926 0.060732
1 0.111861 0.742929 0.080944 0.132507
1 0.121979 0.793999 0.121417 0.151831
1 0.402754 0.259831 0.092749 0.187718
1 0.439011 0.422704 0.067454 0.121465
1 0.523328 0.288817 0.067454 0.129746
1 0.597527 0.025015 0.053963 0.050029
1 0.412872 0.969464 0.062395 0.061071
1 0.856380 0.961183 0.086003 0.077634
1 0.575604 0.473775 0.084317 0.135267
1 0.643901 0.388197 0.069140 0.168394
1 0.812535 0.059691 0.086003 0.107662
1 0.771220 0.212902 0.074199 0.110422
1 0.778808 0.197719 0.126476 0.151831
1 0.697021 0.487577 0.084317 0.135267
1 0.733277 0.439268 0.082631 0.088338
1 0.761102 0.540028 0.057336 0.113183
1 0.730748 0.620084 0.057336 0.080056
1 0.666667 0.622845 0.067454 0.096620
1 0.668353 0.650450 0.057336 0.063493
1 0.648117 0.734647 0.070826 0.093859
1 0.693648 0.814704 0.050590 0.077296
1 0.684373 0.777436 0.119730 0.179436
1 0.838673 0.606281 0.097808 0.102141
1 0.831928 0.553831 0.074199 0.107662
1 0.847105 0.511042 0.121417 0.099380
1 0.930579 0.442028 0.082631 0.099380
1 0.893479 0.472394 0.075885 0.121465
1 0.924677 0.500000 0.121417 0.171155
1 0.989320 0.403380 0.021360 0.115943