0 0.275819 0.077234 0.028361 0.047941
0 0.008176 0.127839 0.016352 0.049717
0 0.061577 0.467571 0.032194 0.067473
0 0.007793 0.562862 0.015586 0.049717
0 0.058128 0.690706 0.014564 0.039063
0 0.069625 0.701360 0.016097 0.028410
0 0.024784 0.788364 0.022996 0.049717
0 0.252440 0.903779 0.021463 0.042615
0 0.371889 0.642765 0.017630 0.049717
0 0.552532 0.536820 0.023762 0.056819
0 0.616153 0.590088 0.020696 0.053268
0 0.690122 0.591272 0.018396 0.067473
0 0.623052 0.980130 0.022229 0.035512
0 0.955082 0.843408 0.019929 0.046166
0 0.965047 0.878920 0.015330 0.039063
0 0.844703 0.164239 0.024529 0.055044
0 0.609765 0.194128 0.023762 0.049717
0 0.492360 0.074275 0.016863 0.040839
0 0.508074 0.070723 0.019163 0.044390
0 0.196995 0.826244 0.021463 0.046166
0 0.242220 0.701064 0.013797 0.037288
0 0.267898 0.634478 0.016097 0.035512
0 0.280546 0.705503 0.016863 0.049717
0 0.278246 0.769424 0.015330 0.046166
0 0.327687 0.390333 0.023762 0.062146
0 0.340717 0.512849 0.020696 0.047941
0 0.321171 0.598078 0.021463 0.040839
0 0.320405 0.657561 0.016863 0.039063
0 0.301625 0.636254 0.013031 0.024858
0 0.303541 0.662888 0.012264 0.031961
0 0.236088 0.493318 0.013797 0.044390
1 0.290780 0.472276 0.100269 0.242826