0 0.924677 0.091750 0.033727 0.043585
0 0.546936 0.377961 0.033727 0.046491
0 0.479483 0.062693 0.040472 0.043585
0 0.423834 0.231223 0.050590 0.061020
0 0.106802 0.165845 0.050590 0.052303
0 0.186060 0.396848 0.043845 0.066831
0 0.033446 0.518887 0.035413 0.037774
0 0.039348 0.604605 0.037099 0.023246
0 0.057054 0.546491 0.032040 0.046491
0 0.099213 0.639473 0.028668 0.046491
0 0.311692 0.411376 0.028668 0.037774
0 0.291456 0.438980 0.035413 0.052303
0 0.235807 0.401206 0.035413 0.046491
0 0.225689 0.513076 0.032040 0.020340
0 0.235807 0.449150 0.032040 0.031963
0 0.397695 0.401206 0.035413 0.040680
1 0.309162 0.331470 0.138280 0.151096
1 0.147274 0.319847 0.172007 0.185964
1 0.132940 0.527604 0.177066 0.165625
2 0.024733 0.616228 0.049466 0.151096
1 0.288926 0.511623 0.104553 0.261513
1 0.465149 0.456415 0.177066 0.203399
1 0.412029 0.080017 0.182125 0.160034
1 0.700393 0.710663 0.165261 0.258607
1 0.873243 0.781852 0.126476 0.191776
1 0.977515 0.571190 0.044969 0.235361
1 0.930579 0.908360 0.119730 0.183279
1 0.946318 0.319847 0.107364 0.151096
1 0.374930 0.668530 0.094435 0.122039
1 0.624508 0.943229 0.084317 0.113542