2 0.603129 0.193182 0.195402 0.260101
1 0.196041 0.883838 0.198363 0.232323
0 0.203442 0.886364 0.082898 0.065657
0 0.287821 0.863636 0.056252 0.080808
0 0.308545 0.920455 0.091780 0.053030
0 0.463979 0.708333 0.047370 0.047980
0 0.502467 0.685606 0.059213 0.037879
0 0.757082 0.583333 0.053292 0.065657
0 0.789649 0.690657 0.059213 0.047980
0 0.686027 0.516414 0.071055 0.053030
0 0.688988 0.412879 0.059213 0.047980
0 0.730436 0.313131 0.059213 0.050505
0 0.905114 0.161616 0.041449 0.040404
0 0.949524 0.170455 0.047370 0.047980
0 0.897713 0.022727 0.050331 0.045454
0 0.970248 0.021465 0.059213 0.042929
0 0.099820 0.042929 0.065134 0.065657
0 0.213805 0.017677 0.044410 0.035354
0 0.184198 0.188131 0.050331 0.022727
0 0.170875 0.160354 0.065134 0.053030
0 0.268577 0.164141 0.071055 0.045455
0 0.486184 0.237374 0.050331 0.040404
0 0.358876 0.347222 0.068095 0.047980
0 0.462498 0.412879 0.062173 0.042929
0 0.293742 0.512626 0.068095 0.035354
0 0.048009 0.446970 0.068095 0.055556
0 0.138308 0.393939 0.059213 0.050505
0 0.170875 0.321970 0.065134 0.047980