2 0.451274 0.065574 0.128459 0.088525
2 0.081399 0.089344 0.070874 0.159016
0 0.119789 0.112295 0.047249 0.054098
2 0.792356 0.325410 0.131413 0.096721
2 0.404025 0.507377 0.090069 0.122951
2 0.375232 0.918852 0.076780 0.086885
2 0.061466 0.915574 0.098929 0.149180
2 0.267444 0.655738 0.079733 0.118033
2 0.240128 0.518033 0.081210 0.095082
2 0.418052 0.295082 0.091546 0.085246
0 0.877257 0.355738 0.029531 0.036066
0 0.902359 0.358197 0.032484 0.037705
0 0.925983 0.362295 0.038390 0.039344
0 0.920077 0.605738 0.038390 0.044262
0 0.953300 0.573770 0.039867 0.042623
0 0.986616 0.602459 0.026767 0.044262
0 0.986616 0.654918 0.026767 0.040984
0 0.763563 0.747541 0.041343 0.049180
0 0.858801 0.953279 0.033961 0.037705
0 0.394187 0.727166 0.027422 0.035129
0 0.484889 0.634660 0.035859 0.034348
0 0.297860 0.483216 0.030234 0.037471
0 0.356922 0.491413 0.027422 0.028884
1 0.260061 0.335246 0.153561 0.116393
1 0.374494 0.291803 0.107788 0.163934
1 0.735509 0.411475 0.168326 0.078689
1 0.641748 0.512295 0.134366 0.244262
1 0.632889 0.461475 0.084163 0.116393
1 0.485973 0.399180 0.121077 0.073770
1 0.062110 0.511475 0.124219 0.177049
1 0.152274 0.611475 0.053156 0.095082
1 0.217242 0.636066 0.091546 0.134426
0 0.184758 0.726230 0.035437 0.039344
0 0.266987 0.582598 0.024988 0.034048
1 0.767255 0.905738 0.110741 0.165574
1 0.300666 0.941803 0.101882 0.080328
1 0.204691 0.950820 0.075304 0.098360
1 0.147844 0.945902 0.091546 0.081967
1 0.092473 0.786885 0.066445 0.095082
0 0.416575 0.950000 0.032484 0.037705
0 0.967327 0.977869 0.035437 0.034426
0 0.189187 0.475410 0.041343 0.039344