2 0.410655 0.164061 0.024358 0.074895
2 0.447817 0.164061 0.032478 0.051851
2 0.058167 0.636423 0.030794 0.052414
2 0.071364 0.672775 0.024929 0.067631
2 0.264193 0.791130 0.032260 0.067631
2 0.284356 0.865524 0.041792 0.060868
2 0.505047 0.700673 0.031527 0.062559
2 0.489650 0.752242 0.040326 0.067631
2 0.460689 0.686301 0.042525 0.087921
2 0.822519 0.753087 0.025662 0.042270
2 0.772295 0.865524 0.033727 0.054105
2 0.857712 0.706591 0.031527 0.087921
2 0.933964 0.576400 0.034460 0.071013
2 0.859912 0.944991 0.024195 0.057487
2 0.083095 0.297422 0.042525 0.074394
2 0.219102 0.315175 0.041792 0.049033
2 0.039837 0.458046 0.041059 0.067631
2 0.437960 0.080438 0.033727 0.084539
2 0.631156 0.090583 0.037393 0.101447
2 0.375272 0.190339 0.018330 0.054105
2 0.394701 0.221618 0.032260 0.069322
2 0.888384 0.394078 0.038126 0.086230
1 0.665490 0.704125 0.038470 0.108157
1 0.256991 0.664832 0.030565 0.076561
1 0.280178 0.675769 0.021079 0.061978
1 0.290718 0.614399 0.020025 0.060762
1 0.306264 0.523255 0.025822 0.092359
1 0.284394 0.550598 0.021079 0.054686
1 0.274909 0.572473 0.031619 0.064408
1 0.253829 0.576118 0.029511 0.059547
1 0.230379 0.576118 0.026876 0.093574
1 0.241445 0.644780 0.024768 0.087498
1 0.195686 0.448315 0.049536 0.072915
1 0.179349 0.330031 0.035835 0.075345
1 0.015897 0.381679 0.031794 0.064408
1 0.022572 0.541889 0.031092 0.063193
1 0.085547 0.515153 0.033727 0.077776
1 0.063150 0.584423 0.041632 0.065623
1 0.118746 0.561333 0.038997 0.092359
1 0.105572 0.657337 0.031619 0.065623
1 0.038118 0.671920 0.040051 0.051040
1 0.037328 0.720530 0.035308 0.058332
1 0.008256 0.820991 0.016512 0.060762
1 0.040490 0.839220 0.020552 0.034027
1 0.077115 0.737139 0.033727 0.063193
1 0.110315 0.737746 0.038997 0.069269
1 0.099248 0.802762 0.042159 0.072915
1 0.071582 0.787572 0.032146 0.049825
1 0.086337 0.890260 0.041632 0.106942
1 0.194105 0.878715 0.046374 0.088713
1 0.196213 0.737746 0.032673 0.066839
1 0.261031 0.745038 0.032673 0.059547
1 0.233628 0.778457 0.043212 0.055901
1 0.292650 0.790610 0.041105 0.087498
1 0.383467 0.909096 0.031619 0.044964
1 0.360280 0.849549 0.046374 0.078991
1 0.323654 0.930363 0.033200 0.041318
1 0.335512 0.845296 0.034781 0.111803
1 0.405600 0.946162 0.032673 0.082637
1 0.280442 0.969435 0.027930 0.061130
1 0.358172 0.957099 0.018971 0.051040
1 0.305474 0.924895 0.040051 0.088713
2 0.012730 0.153350 0.025460 0.099507
1 0.386040 0.121896 0.039679 0.086926
1 0.433902 0.326058 0.040175 0.099507
1 0.455477 0.226550 0.041663 0.053757
1 0.520451 0.397543 0.030751 0.084638
1 0.572033 0.327202 0.026783 0.076632
1 0.627087 0.276304 0.045630 0.089214
1 0.654862 0.457591 0.039679 0.076632
1 0.661558 0.527932 0.034223 0.098364
1 0.719588 0.233985 0.046126 0.086926
1 0.762656 0.427853 0.045630 0.049182
1 0.760672 0.477606 0.039679 0.066338
1 0.306931 0.979375 0.017359 0.041250
1 0.740833 0.023394 0.025791 0.046788
1 0.749760 0.093683 0.023807 0.050326
1 0.735873 0.094827 0.029759 0.073201
1 0.713554 0.020482 0.024799 0.036600
1 0.738957 0.835997 0.023520 0.053215
1 0.754490 0.791480 0.031508 0.089033
1 0.771353 0.920936 0.031508 0.077776
1 0.793098 0.800179 0.023520 0.061402
1 0.769356 0.745940 0.028402 0.063449
1 0.796204 0.736730 0.034171 0.063449
1 0.798201 0.701936 0.041715 0.069589
1 0.801751 0.970058 0.023964 0.057309
1 0.841469 0.973260 0.032395 0.053480
1 0.825271 0.985029 0.041715 0.029942
1 0.843688 0.935263 0.026183 0.049122
1 0.843910 0.781758 0.024851 0.049122
1 0.891616 0.781247 0.027070 0.076753
1 0.869871 0.793015 0.024408 0.055262
1 0.855004 0.841114 0.031952 0.073682
1 0.880743 0.839579 0.016863 0.044005
1 0.928227 0.847254 0.028402 0.036841
1 0.933035 0.797109 0.031508 0.061402
1 0.882001 0.958801 0.028845 0.051168
1 0.899530 0.906609 0.030177 0.065496
1 0.927487 0.910703 0.026626 0.047075
1 0.899973 0.970058 0.027514 0.053215
1 0.933700 0.962894 0.023964 0.067542
1 0.964469 0.932705 0.023964 0.031724
1 0.991775 0.913773 0.016449 0.069589
1 0.995769 0.973260 0.008461 0.053480
1 0.987767 0.981959 0.015532 0.036082
1 0.970903 0.961871 0.023520 0.055262
1 0.830005 0.698013 0.031952 0.041958
1 0.824236 0.642239 0.029289 0.053215
1 0.852638 0.656055 0.025739 0.044005
1 0.865951 0.608468 0.022189 0.055262
2 0.877045 0.542973 0.031952 0.061402
1 0.864176 0.479012 0.038165 0.066519
1 0.908331 0.546554 0.021745 0.086986