1 0.118112 0.133838 0.143387 0.116162
1 0.126715 0.305556 0.149123 0.116162
2 0.262933 0.518939 0.134784 0.118687
2 0.695963 0.904040 0.123313 0.131313
2 0.814974 0.859848 0.172065 0.118687
2 0.862292 0.655303 0.157726 0.068182
2 0.784863 0.079545 0.111842 0.103535
1 0.614232 0.310606 0.149123 0.106061
1 0.726074 0.324495 0.131916 0.073232
1 0.661550 0.419192 0.134784 0.121212
1 0.429262 0.580808 0.111842 0.090909
1 0.496654 0.622475 0.154858 0.113636
1 0.769090 0.655303 0.137652 0.098485
1 0.817842 0.569444 0.091768 0.078283
1 0.790598 0.732323 0.174933 0.080808
1 0.913911 0.734848 0.117578 0.095960