0 0.045599 0.097344 0.019139 0.017107
0 0.022779 0.090013 0.020611 0.020365
0 0.036029 0.106712 0.017667 0.017921
0 0.014314 0.124226 0.015458 0.012219
0 0.027564 0.130336 0.021347 0.014663
0 0.041918 0.134816 0.019139 0.012219
0 0.102279 0.084311 0.026500 0.013848
0 0.109272 0.063539 0.024292 0.016292
0 0.044126 0.028918 0.016194 0.017107
0 0.059585 0.027289 0.019139 0.017107
0 0.052224 0.013034 0.020611 0.013034
0 0.019099 0.044803 0.016194 0.014663
0 0.011002 0.061095 0.020611 0.017921
0 0.026092 0.058651 0.016930 0.016292
0 0.041182 0.046432 0.022083 0.022809
0 0.042654 0.063539 0.019139 0.014663
0 0.076515 0.118524 0.017667 0.018736
0 0.094550 0.113229 0.018403 0.017921
0 0.065474 0.076979 0.017667 0.015477
0 0.072835 0.026067 0.017667 0.013034
0 0.085349 0.015885 0.017667 0.020365
0 0.100439 0.014255 0.016930 0.021994
0 0.142397 0.042359 0.013986 0.013034
0 0.114425 0.015070 0.019875 0.017107
0 0.130987 0.013441 0.011778 0.018736
0 0.155279 0.030547 0.014722 0.018736
0 0.171105 0.025660 0.018403 0.025253
0 0.175154 0.044803 0.013250 0.011404
0 0.156015 0.052134 0.010306 0.009775
0 0.180306 0.057429 0.014722 0.013848
0 0.200917 0.042359 0.014722 0.019550
0 0.175522 0.114451 0.027236 0.023623
0 0.131723 0.112822 0.017667 0.021994
0 0.115161 0.140925 0.028708 0.017921
0 0.161168 0.120968 0.023555 0.020365
0 0.175522 0.129114 0.021347 0.018736
0 0.213799 0.103454 0.015458 0.021180
0 0.206070 0.094901 0.020611 0.018736
0 0.135772 0.145813 0.021347 0.017921
0 0.158223 0.145813 0.017667 0.022809
0 0.123258 0.156403 0.021347 0.019550
0 0.134300 0.173509 0.012514 0.017921
0 0.050751 0.176768 0.017667 0.017921
0 0.068050 0.173509 0.025764 0.021180
0 0.090501 0.178397 0.017667 0.021180
0 0.089765 0.192652 0.016194 0.017107
0 0.062161 0.203242 0.016930 0.017107
0 0.079828 0.210166 0.021347 0.019550
0 0.111848 0.216683 0.022083 0.022809
0 0.033453 0.208537 0.019875 0.022809
0 0.006973 0.239492 0.013946 0.019550
0 0.019835 0.248045 0.017667 0.018736
0 0.019835 0.269632 0.022083 0.024438
0 0.090869 0.264744 0.018403 0.024438
0 0.088661 0.284702 0.021347 0.018736
0 0.084980 0.305067 0.018403 0.020365
0 0.111112 0.272890 0.020611 0.017921
0 0.130619 0.259042 0.019875 0.021180
0 0.130619 0.276149 0.021347 0.024438
0 0.183251 0.208130 0.023555 0.023623
0 0.196501 0.189801 0.020611 0.017921
0 0.204230 0.199984 0.019875 0.026882
0 0.212327 0.222385 0.019875 0.024438
0 0.223001 0.213425 0.020611 0.019550
0 0.235883 0.215054 0.018403 0.026067
0 0.225209 0.235419 0.019139 0.021180
0 0.232202 0.248452 0.021347 0.022809
0 0.211223 0.275334 0.014722 0.022809
0 0.044495 0.349462 0.021347 0.021180
0 0.048911 0.265152 0.015458 0.023623
0 0.066210 0.334800 0.019139 0.017921
0 0.059953 0.361681 0.015458 0.013034
0 0.041550 0.365347 0.018403 0.020365
0 0.029036 0.384490 0.019875 0.019550
0 0.004765 0.380824 0.009529 0.017107
0 0.028668 0.416259 0.014722 0.017921
0 0.062161 0.405670 0.011042 0.016292
0 0.076883 0.399967 0.013986 0.017921
0 0.069154 0.374715 0.013250 0.017921
0 0.084980 0.369420 0.019875 0.026882
0 0.110008 0.330727 0.018403 0.009775
0 0.110744 0.349462 0.021347 0.022809
0 0.103015 0.376751 0.016194 0.015477
0 0.090133 0.396302 0.013986 0.018736
0 0.089765 0.421962 0.022083 0.022809
0 0.080564 0.453731 0.021347 0.024438
0 0.052592 0.503014 0.028708 0.033399
0 0.089765 0.521750 0.016194 0.018736
0 0.091605 0.534376 0.018403 0.019550
0 0.020939 0.685891 0.016930 0.017921
0 0.009917 0.701369 0.019834 0.024438
0 0.020571 0.697296 0.019139 0.022809
0 0.039710 0.694037 0.011778 0.016292
0 0.051120 0.713180 0.016930 0.017107
0 0.056640 0.731509 0.017667 0.022809
0 0.060689 0.751874 0.019875 0.014663
0 0.042286 0.735174 0.024292 0.018736
0 0.006237 0.766944 0.012474 0.020365
0 0.022779 0.806859 0.023555 0.020365
0 0.036397 0.880987 0.024292 0.020365
0 0.052592 0.873656 0.021347 0.025253
0 0.030140 0.825595 0.017667 0.021994
0 0.044495 0.857364 0.018403 0.015477
0 0.007709 0.943304 0.015418 0.022809
0 0.009917 0.910313 0.019834 0.025253
0 0.081668 0.938416 0.022083 0.022809
0 0.097126 0.897687 0.019139 0.022809
0 0.065474 0.689014 0.019139 0.012219
0 0.077251 0.670278 0.029444 0.018736
0 0.123626 0.716303 0.016194 0.017921
0 0.101175 0.717117 0.018403 0.024438
0 0.090869 0.734224 0.011042 0.009775
0 0.106696 0.734224 0.011778 0.013034
0 0.097126 0.745221 0.016194 0.013848
0 0.126939 0.750109 0.021347 0.021994
0 0.140557 0.735853 0.020611 0.022809
0 0.156751 0.722005 0.020611 0.024438
0 0.124362 0.489030 0.014722 0.017921
0 0.108168 0.440969 0.017667 0.019550
0 0.114793 0.458890 0.016194 0.016292
0 0.117737 0.469887 0.011778 0.013848
0 0.137612 0.486994 0.020611 0.017107
0 0.122522 0.422233 0.016930 0.021180
0 0.130251 0.445856 0.022083 0.024438
0 0.139452 0.403090 0.021347 0.018736
0 0.176626 0.351770 0.019139 0.018736
0 0.172209 0.394944 0.019139 0.023623
0 0.194292 0.398610 0.022083 0.026067
0 0.200549 0.436081 0.016930 0.026067
0 0.216376 0.432823 0.019139 0.024438
0 0.227417 0.445042 0.017667 0.016292
0 0.236251 0.456039 0.019139 0.023623
0 0.242876 0.437710 0.019139 0.016292
0 0.219811 0.321630 0.019139 0.017107
0 0.223859 0.337515 0.016930 0.017921
0 0.264345 0.319186 0.021347 0.021994
0 0.256984 0.360731 0.016930 0.015477
0 0.248887 0.381503 0.019875 0.021180
0 0.231589 0.387613 0.019139 0.015477
0 0.280908 0.389242 0.026500 0.017107
0 0.283484 0.403905 0.019875 0.025253
0 0.261401 0.424270 0.019875 0.018736
0 0.287410 0.462284 0.012514 0.012219
0 0.285938 0.476540 0.015458 0.014663
0 0.286674 0.486315 0.019875 0.021180
0 0.301396 0.471245 0.019875 0.013848
0 0.307653 0.452916 0.027972 0.022809
0 0.319075 0.525368 0.015483 0.021818
0 0.337465 0.474775 0.024292 0.023623
0 0.289250 0.541572 0.017667 0.020365
0 0.298820 0.530575 0.025028 0.019550
0 0.338570 0.577821 0.016194 0.016292
0 0.324215 0.587596 0.018403 0.022809
0 0.294403 0.609591 0.017667 0.024438
0 0.286306 0.639731 0.026500 0.027696
0 0.283852 0.041544 0.022083 0.021180
0 0.256616 0.016699 0.017667 0.013848
0 0.308880 0.028511 0.017667 0.014663
0 0.302623 0.004888 0.021347 0.009775
0 0.357095 0.069648 0.019875 0.020365
0 0.312929 0.106169 0.018403 0.021180
0 0.348998 0.121239 0.018403 0.015477
0 0.319922 0.129793 0.013250 0.017921
0 0.324706 0.143641 0.016930 0.024438
0 0.278700 0.181112 0.019139 0.021180
0 0.279068 0.206365 0.018403 0.019550
0 0.300047 0.198219 0.014722 0.019550
0 0.289373 0.225508 0.011042 0.013848
0 0.269866 0.192924 0.019139 0.025253
0 0.302991 0.218584 0.014722 0.016292
0 0.314033 0.230803 0.010306 0.017921
0 0.338324 0.211252 0.020611 0.026067
0 0.336852 0.153009 0.019139 0.017107
0 0.350838 0.141197 0.016194 0.017921
0 0.363352 0.129385 0.019139 0.023623
0 0.372185 0.143233 0.014722 0.018736
0 0.389852 0.146084 0.014722 0.011404
0 0.406782 0.139568 0.016194 0.016292
0 0.383963 0.178261 0.020611 0.028511
0 0.369609 0.222249 0.018403 0.023623
0 0.352310 0.260535 0.022083 0.030140
0 0.288269 0.348512 0.022083 0.015477
0 0.315505 0.334257 0.019139 0.017921
0 0.424817 0.250760 0.016930 0.020365
0 0.401998 0.214511 0.012514 0.016292
0 0.394636 0.260535 0.013986 0.025253
0 0.442852 0.326925 0.023555 0.022809
0 0.459046 0.288232 0.017667 0.030140
0 0.471928 0.050505 0.016930 0.022809
0 0.457206 0.061909 0.015458 0.026067
0 0.493643 0.051320 0.016194 0.021180
0 0.498060 0.089606 0.017667 0.022809
0 0.486282 0.133594 0.019139 0.019550
0 0.477449 0.146220 0.022083 0.025253
0 0.463831 0.157625 0.016930 0.017107
0 0.462726 0.174731 0.022083 0.023623
0 0.474504 0.185728 0.016194 0.022809
0 0.460518 0.197947 0.023555 0.021180
0 0.493643 0.197540 0.016194 0.025253
0 0.466039 0.215461 0.015458 0.020365
0 0.467879 0.226051 0.014722 0.018736
0 0.484074 0.227680 0.014722 0.025253
0 0.542103 0.034620 0.018403 0.021994
0 0.528853 0.042359 0.022819 0.022809
0 0.563082 0.035028 0.017667 0.021180
0 0.571916 0.072092 0.020611 0.023623
0 0.523087 0.146628 0.019139 0.016292
0 0.554740 0.199984 0.011778 0.012219
0 0.550691 0.178397 0.025764 0.021180
0 0.580872 0.109563 0.022819 0.020365
0 0.708586 0.087569 0.016194 0.020365
0 0.679878 0.127892 0.020611 0.021180
0 0.855808 0.162512 0.025028 0.030140
0 0.841086 0.022401 0.022083 0.020365
0 0.883044 0.006109 0.017667 0.012218
0 0.928315 0.131150 0.021347 0.024438
0 0.937516 0.157625 0.020611 0.018736
0 0.919113 0.151108 0.016194 0.021994
0 0.791767 0.292033 0.017667 0.018736
0 0.807593 0.292033 0.018403 0.021994
0 0.823051 0.314435 0.009569 0.013034
0 0.742447 0.102232 0.019139 0.017107
0 0.757170 0.090420 0.016194 0.022809
0 0.905127 0.065168 0.011778 0.019550
0 0.867218 0.032991 0.021347 0.025253
0 0.863905 0.070055 0.017667 0.022809
0 0.865009 0.049690 0.021347 0.021180
0 0.897030 0.017514 0.022083 0.018736
0 0.922794 0.053356 0.013250 0.020365
0 0.924634 0.078201 0.021347 0.032584
0 0.959967 0.039508 0.009569 0.015477
0 0.933467 0.038286 0.013986 0.017921
0 0.930523 0.007739 0.012514 0.015477
0 0.956287 0.004888 0.022819 0.009775
0 0.987449 0.275198 0.021347 0.033399
0 0.941810 0.313077 0.013986 0.021180
0 0.933345 0.293119 0.022083 0.025253
0 0.963893 0.303709 0.012514 0.015477
0 0.978615 0.320408 0.021347 0.032584
0 0.886234 0.385169 0.030917 0.023623
0 0.885498 0.411236 0.022083 0.023623
0 0.825137 0.471109 0.026500 0.027696
0 0.969414 0.548631 0.020611 0.031769
0 0.913102 0.657788 0.016930 0.023623
0 0.955428 0.641903 0.022083 0.026067
0 0.990025 0.675301 0.014722 0.021180
0 0.872616 0.891984 0.019875 0.027696
0 0.812623 0.942082 0.022083 0.025253
0 0.867463 0.739655 0.027236 0.026067
0 0.459169 0.768166 0.030180 0.034213
0 0.483828 0.689964 0.016194 0.024438
0 0.503703 0.680596 0.014722 0.017107
0 0.512168 0.702998 0.016930 0.030955
0 0.502599 0.744135 0.019875 0.026882
0 0.533515 0.740062 0.013986 0.020365
0 0.523578 0.722141 0.016194 0.026882
0 0.457328 0.691186 0.022083 0.035028
0 0.428988 0.801157 0.018403 0.026882
0 0.495606 0.896057 0.016194 0.032584
0 0.393410 0.869176 0.016930 0.017921
0 0.420646 0.836592 0.018403 0.017921
0 0.426903 0.821929 0.027972 0.024438
0 0.295875 0.791789 0.016194 0.017921
0 0.316486 0.784050 0.022083 0.023623
0 0.329736 0.763685 0.019139 0.023623
0 0.330104 0.720104 0.021347 0.016292
0 0.349979 0.728250 0.012514 0.017921
0 0.376111 0.786901 0.022083 0.032584
0 0.337465 0.844330 0.019875 0.023623
0 0.307653 0.854106 0.014722 0.021994
0 0.354028 0.896057 0.019139 0.026067
0 0.400403 0.936787 0.016194 0.017921
0 0.445673 0.890355 0.019875 0.022809
0 0.533147 0.649234 0.019139 0.021180
0 0.492661 0.632942 0.019139 0.022809
0 0.554495 0.484143 0.023555 0.030955
0 0.556703 0.520392 0.022083 0.028511
0 0.551550 0.561529 0.022083 0.019550
0 0.457328 0.456582 0.022083 0.020365
0 0.423835 0.453324 0.021347 0.017107
0 0.387766 0.375122 0.019875 0.023623
0 0.370100 0.402819 0.022819 0.020365
0 0.397336 0.590583 0.019875 0.021180
0 0.381509 0.599544 0.026500 0.022809
0 0.387030 0.609726 0.031653 0.026882
0 0.421995 0.599544 0.019139 0.017921
0 0.392551 0.541707 0.030917 0.027696
0 0.319676 0.635250 0.019139 0.013848
0 0.339551 0.594113 0.016194 0.022809
0 0.288392 0.697974 0.025764 0.020365
0 0.188036 0.632399 0.011042 0.017921
0 0.198341 0.627512 0.027236 0.030955
0 0.454571 0.406706 0.021298 0.024411
0 0.438597 0.415965 0.021298 0.026094
0 0.434287 0.467733 0.021298 0.025253
0 0.474221 0.424804 0.022059 0.026936
0 0.487152 0.439113 0.015974 0.021886
0 0.495138 0.286897 0.024341 0.029461
0 0.482588 0.485550 0.017495 0.019360
0 0.423257 0.269641 0.020537 0.023569
0 0.283304 0.320856 0.019464 0.023767
0 0.271894 0.346480 0.015437 0.014112
0 0.410824 0.290404 0.020806 0.019311
0 0.386662 0.404288 0.014094 0.016340
0 0.398072 0.413201 0.015437 0.025253
0 0.404783 0.396118 0.015437 0.017825
0 0.455903 0.246212 0.013423 0.015597
0 0.451876 0.262923 0.017450 0.017825
0 0.445836 0.276664 0.024162 0.020053
0 0.523690 0.449223 0.018792 0.023024
0 0.535771 0.410230 0.016108 0.025253
0 0.337108 0.366162 0.018792 0.019311
0 0.270440 0.743712 0.016108 0.017825
0 0.327488 0.505546 0.017450 0.017825
0 0.342589 0.501089 0.012752 0.017825
0 0.252990 0.883715 0.013423 0.024510
0 0.268762 0.883343 0.014094 0.025253
0 0.340799 0.327293 0.015437 0.020796
0 0.344826 0.280501 0.019464 0.028223
0 0.275138 0.453308 0.022819 0.019311
0 0.361382 0.503813 0.015437 0.019311
0 0.372791 0.494157 0.016779 0.020796
0 0.714075 0.058675 0.014765 0.013369
0 0.884325 0.765869 0.021477 0.024510
0 0.973253 0.208333 0.018121 0.014112
0 0.967213 0.229872 0.018121 0.014112
0 0.862371 0.936375 0.022032 0.020899
1 0.026298 0.531598 0.039788 0.042735
1 0.011394 0.546167 0.022788 0.034318
1 0.194810 0.715812 0.037447 0.035613