2 0.188043 0.292929 0.135836 0.202020
2 0.322881 0.232323 0.153814 0.191919
2 0.684444 0.246212 0.177785 0.174242
2 0.444733 0.616162 0.125848 0.181818
2 0.837259 0.661616 0.107870 0.121212
1 0.112000 0.032828 0.224000 0.065656
1 0.447730 0.260101 0.183778 0.106061
1 0.769341 0.481061 0.135836 0.199495
1 0.667464 0.400253 0.191768 0.154040
1 0.380811 0.455808 0.153814 0.098485
2 0.608536 0.589646 0.081901 0.159091
1 0.699426 0.755051 0.147821 0.277778
1 0.887199 0.832071 0.191768 0.143939
1 0.060198 0.926768 0.103875 0.146464
1 0.295913 0.376263 0.139831 0.176768
1 0.439739 0.329545 0.167797 0.103535
1 0.504661 0.748737 0.153814 0.184343