2 0.121245 0.584559 0.047080 0.080882
0 0.630980 0.843137 0.027162 0.029412
0 0.660857 0.882353 0.032594 0.029412
0 0.657236 0.838235 0.018108 0.049020
0 0.775842 0.741422 0.041648 0.026961
0 0.508752 0.859069 0.025351 0.056373
0 0.476158 0.770833 0.014486 0.031863
0 0.152029 0.661765 0.036216 0.019608
0 0.115813 0.861520 0.028972 0.046569
0 0.266108 0.425245 0.018108 0.031863
0 0.262486 0.454657 0.025351 0.036765
0 0.472536 0.424020 0.025351 0.024510
0 0.472536 0.463235 0.021729 0.024510
0 0.666290 0.492647 0.036216 0.053922
0 0.771315 0.460784 0.036216 0.039216
0 0.734194 0.572304 0.030783 0.022059
0 0.844652 0.416667 0.041648 0.029412
0 0.922515 0.506127 0.016297 0.022059
0 0.979555 0.921569 0.025351 0.039216
0 0.607440 0.014706 0.034405 0.029412
0 0.369322 0.136029 0.028972 0.051471
0 0.268824 0.034314 0.066999 0.058824
0 0.693452 0.090686 0.018108 0.044118
1 0.787612 0.226716 0.065188 0.144608
1 0.661763 0.400735 0.070620 0.061275
1 0.654520 0.886029 0.059756 0.105392
1 0.139353 0.501225 0.065188 0.075980