1 0.152802 0.131127 0.162691 0.262254
1 0.035728 0.078431 0.071456 0.147059
1 0.291182 0.057598 0.091630 0.115196
1 0.247237 0.134804 0.067320 0.156863
1 0.381878 0.102941 0.130901 0.205882
1 0.372528 0.281863 0.145861 0.181373
1 0.023573 0.252451 0.047146 0.083333
1 0.508103 0.129902 0.087890 0.200980
1 0.611889 0.061275 0.164561 0.122549
1 0.500623 0.318627 0.129031 0.196078
1 0.619369 0.302696 0.157081 0.154412
1 0.707259 0.171569 0.130901 0.151961
1 0.814785 0.084559 0.099110 0.090686
1 0.784864 0.116422 0.091630 0.110294
1 0.782059 0.046569 0.100980 0.093137
1 0.884910 0.060049 0.112200 0.120098
1 0.944750 0.051471 0.108460 0.102941
1 0.930725 0.161765 0.117810 0.147059
1 0.808239 0.375000 0.123420 0.171569
1 0.946620 0.280637 0.078540 0.120098
1 0.843770 0.219363 0.172041 0.125000
1 0.965320 0.340686 0.063580 0.181373
1 0.884910 0.492647 0.142121 0.171569
1 0.832550 0.647059 0.112200 0.156863
1 0.970505 0.716912 0.058990 0.144608
1 0.898935 0.834559 0.091630 0.154412
1 0.854990 0.832108 0.187001 0.154412
1 0.879300 0.948529 0.142121 0.093137
1 0.959285 0.973039 0.081430 0.053922
1 0.708194 0.958333 0.203831 0.083333
1 0.637134 0.921569 0.151471 0.156862
1 0.454808 0.953431 0.164561 0.093137
1 0.398708 0.816176 0.168301 0.127451
1 0.557659 0.693627 0.100980 0.142157
1 0.621239 0.599265 0.213181 0.296569
1 0.750269 0.504902 0.082280 0.176471
1 0.198617 0.397059 0.127160 0.166667
1 0.082677 0.439951 0.149601 0.129902
1 0.140647 0.550245 0.194481 0.134804
1 0.069388 0.814951 0.138776 0.164216
1 0.051623 0.895833 0.103246 0.120098
1 0.171502 0.696078 0.158951 0.151961
1 0.250042 0.656863 0.110330 0.127451
1 0.362243 0.564951 0.158951 0.095588
1 0.389358 0.557598 0.168301 0.129902
1 0.380008 0.400735 0.164561 0.134804