1 0.273999 0.232843 0.095416 0.122549
1 0.395104 0.852941 0.099085 0.098039
1 0.108857 0.792892 0.062387 0.051471
1 0.030873 0.225490 0.045873 0.073529
1 0.651075 0.172794 0.053213 0.071078
1 0.434555 0.274510 0.064222 0.073529
1 0.750160 0.287990 0.082571 0.066176
1 0.257485 0.442402 0.036698 0.051471
1 0.384094 0.528186 0.062387 0.075980
1 0.450151 0.960784 0.025689 0.068627
1 0.566669 0.915441 0.126609 0.071078
1 0.913468 0.975490 0.023854 0.049020
1 0.981046 0.946078 0.037907 0.083333
1 0.972185 0.571078 0.023854 0.053922
2 0.596945 0.414216 0.047708 0.073529
2 0.966680 0.132353 0.053213 0.088235