0 0.088730 0.005828 0.013418 0.011655
0 0.119357 0.057951 0.014001 0.013598
0 0.150276 0.045001 0.011667 0.012303
0 0.195487 0.038203 0.015751 0.014245
0 0.115565 0.097125 0.014584 0.012950
0 0.116732 0.110075 0.015751 0.012950
0 0.128691 0.133709 0.015168 0.009713
1 0.067729 0.067664 0.063587 0.080938
1 0.111773 0.030109 0.058337 0.056333
1 0.106815 0.178386 0.049587 0.048563
0 0.106815 0.151515 0.012251 0.012950
0 0.182653 0.169321 0.020418 0.014893
0 0.194612 0.204610 0.016334 0.019425
0 0.061604 0.195545 0.022168 0.015540
0 0.224072 0.156695 0.018085 0.020720
0 0.148234 0.249288 0.019251 0.022015
0 0.210655 0.245403 0.019251 0.018130
0 0.051589 0.341557 0.018085 0.012303
0 0.071715 0.345118 0.011667 0.015540
0 0.053339 0.350945 0.016918 0.018130
0 0.162138 0.326017 0.014001 0.016188
0 0.180514 0.324074 0.016918 0.018778
0 0.200932 0.326664 0.014584 0.016188
0 0.080855 0.839700 0.022168 0.014893
0 0.077938 0.815095 0.018668 0.014893
0 0.053145 0.958517 0.018085 0.014245
0 0.033602 0.986683 0.021001 0.012303
0 0.308272 0.250799 0.018085 0.012950
0 0.375068 0.181516 0.014001 0.019425
0 0.381194 0.200617 0.016918 0.023958
0 0.365443 0.225546 0.015751 0.016835
0 0.382652 0.260187 0.012834 0.013598
0 0.344441 0.253389 0.009917 0.012950
0 0.333649 0.264396 0.012834 0.006475
0 0.353484 0.258245 0.012834 0.013598
0 0.354359 0.267634 0.013418 0.014245
1 0.326940 0.324614 0.076422 0.062160
0 0.356984 0.300980 0.008167 0.011008
0 0.103023 0.254792 0.016334 0.013598
0 0.093397 0.417962 0.025085 0.022663
0 0.113815 0.705452 0.022751 0.018778
0 0.192862 0.875960 0.015168 0.018778
0 0.249935 0.604981 0.025085 0.024605
0 0.280562 0.595916 0.018668 0.019425
0 0.294563 0.576168 0.017501 0.026548
0 0.301564 0.605629 0.014001 0.020720
0 0.336858 0.677825 0.014584 0.020073
0 0.229809 0.872399 0.024502 0.023310
0 0.140942 0.813477 0.022168 0.016835
0 0.364276 0.076405 0.016918 0.020720
0 0.419405 0.046296 0.024502 0.022663
0 0.413863 0.087413 0.018085 0.016835
0 0.445073 0.104571 0.017501 0.016188
1 0.534134 0.056872 0.050170 0.055038
1 0.527134 0.181840 0.056004 0.070578
1 0.663545 0.108348 0.048420 0.054390
1 0.698256 0.139752 0.063004 0.056333
0 0.736467 0.073168 0.008751 0.016835
0 0.808319 0.010684 0.016334 0.011008
0 0.879198 0.111370 0.020418 0.020720
0 0.909825 0.016188 0.010501 0.010360
0 0.920618 0.009389 0.016918 0.018778
0 0.937827 0.018778 0.015168 0.020720
0 0.955328 0.033994 0.012834 0.017483
0 0.945119 0.320837 0.015751 0.020073
0 0.844779 0.307563 0.015751 0.014245
0 0.899616 0.355154 0.015751 0.018778
0 0.973121 0.391738 0.014584 0.009065
1 0.798110 0.362277 0.060087 0.062808
1 0.904867 0.264828 0.048420 0.045325
1 0.960287 0.298498 0.054254 0.073815
1 0.862572 0.470301 0.052503 0.054390
1 0.954453 0.431451 0.067088 0.068635
0 0.898450 0.461884 0.013418 0.015540
0 0.824070 0.450876 0.026835 0.032375
0 0.799471 0.129176 0.018085 0.021368
0 0.795096 0.209790 0.019835 0.028490
0 0.618334 0.311016 0.017501 0.016835
0 0.580998 0.277670 0.022168 0.014893
0 0.592666 0.268929 0.012834 0.015540
0 0.599375 0.281231 0.015751 0.012950
0 0.735300 0.316196 0.012251 0.014245
0 0.776136 0.247021 0.018085 0.018778
0 0.835737 0.394328 0.017501 0.016835
0 0.849155 0.407602 0.014001 0.018778
0 0.668893 0.360874 0.021001 0.015540
0 0.644391 0.298066 0.017501 0.019425
1 0.685811 0.414616 0.063004 0.073815
0 0.799860 0.547678 0.020418 0.021368
0 0.808027 0.579405 0.015751 0.012303
0 0.838654 0.585556 0.018668 0.016835
0 0.851197 0.599801 0.012251 0.014245
0 0.873656 0.592031 0.011667 0.014245
0 0.873365 0.624406 0.011084 0.014245
0 0.822028 0.618255 0.019251 0.013598
0 0.817653 0.630558 0.018668 0.020073
0 0.839821 0.659372 0.014001 0.019425
0 0.815319 0.674588 0.016334 0.011008
0 0.796360 0.715704 0.013418 0.015540
0 0.882699 0.659048 0.016918 0.017483
0 0.940744 0.738367 0.029169 0.029785
0 0.949203 0.769770 0.021585 0.023958
0 0.929660 0.814448 0.018668 0.017483
0 0.878615 0.780778 0.019251 0.014893
0 0.851488 0.831930 0.026835 0.018778
0 0.978371 0.813153 0.015751 0.017483
0 0.737925 0.674588 0.015168 0.016188
0 0.793637 0.756820 0.012251 0.009713
0 0.712840 0.709229 0.019835 0.018130
0 0.724216 0.688185 0.013418 0.016188
0 0.721299 0.749374 0.018085 0.020720
0 0.766510 0.811858 0.017501 0.013598
1 0.755718 0.712467 0.037919 0.066045
1 0.722174 0.782720 0.064171 0.057628
1 0.946578 0.837758 0.057170 0.073168
0 0.504674 0.702214 0.026252 0.021368
0 0.524509 0.683113 0.008751 0.009065
0 0.538218 0.689588 0.008167 0.009065
0 0.539676 0.679228 0.012251 0.007770
1 0.561844 0.639731 0.049587 0.051800
0 0.559219 0.690883 0.012834 0.009065
0 0.467338 0.092593 0.011084 0.015540
0 0.508758 0.098420 0.015751 0.018130
0 0.320037 0.479690 0.016334 0.016188
1 0.899033 0.036908 0.050753 0.038850
1 0.579040 0.547306 0.067344 0.049495
0 0.543781 0.531121 0.023383 0.016134
0 0.637947 0.524808 0.013272 0.013328
0 0.639211 0.541293 0.025911 0.015432
0 0.654062 0.531121 0.017696 0.016134
0 0.694825 0.537785 0.017064 0.016835
1 0.675550 0.506220 0.083422 0.063131
1 0.669546 0.622311 0.080262 0.077862
0 0.617407 0.596006 0.020224 0.016835
0 0.619935 0.611088 0.032863 0.016134
0 0.630047 0.627923 0.020224 0.016134
0 0.651850 0.638445 0.013272 0.017536
1 0.606031 0.718060 0.045503 0.054714
0 0.555789 0.672115 0.015800 0.016134
1 0.292186 0.840590 0.054133 0.050505
1 0.351026 0.874115 0.046287 0.060084
0 0.422516 0.434365 0.025668 0.027843
0 0.497479 0.475805 0.020418 0.021368
0 0.486395 0.429833 0.019251 0.020073
0 0.189459 0.653868 0.020418 0.025253
0 0.127330 0.629586 0.010501 0.020720
0 0.204335 0.748727 0.025668 0.024605
0 0.160291 0.876932 0.016918 0.016835
0 0.172833 0.907364 0.015168 0.015540
0 0.169916 0.934236 0.015168 0.017483
0 0.801027 0.903156 0.020418 0.017483
0 0.916145 0.085794 0.014584 0.012303
0 0.169819 0.056656 0.014584 0.013598
0 0.219697 0.370262 0.024502 0.016188
0 0.672393 0.821786 0.019835 0.014893
0 0.472589 0.694337 0.028585 0.016835
0 0.916534 0.944272 0.011084 0.009065
0 0.926451 0.956251 0.016918 0.013598
0 0.937535 0.959812 0.021585 0.014245