2 0.178150 0.175245 0.104673 0.105392
2 0.186694 0.283088 0.104673 0.095588
2 0.151447 0.382353 0.106809 0.098039
2 0.188830 0.589461 0.100400 0.056373
2 0.233690 0.650735 0.096128 0.095588
2 0.111928 0.670343 0.121762 0.095588
2 0.287094 0.816176 0.134579 0.112745
2 0.193103 0.930147 0.096128 0.120098
2 0.123677 0.950980 0.102536 0.088235
2 0.397107 0.303922 0.093992 0.098039
2 0.398176 0.412990 0.087583 0.105392
2 0.472942 0.401961 0.096128 0.117647
2 0.443035 0.213235 0.104673 0.102941
2 0.522074 0.203431 0.070494 0.137255
2 0.571206 0.234069 0.061949 0.129902
2 0.731419 0.127451 0.113217 0.088235
2 0.579751 0.734069 0.070494 0.090686
2 0.656653 0.791667 0.147396 0.053922
2 0.772006 0.895833 0.091856 0.105392
2 0.680151 0.667892 0.130307 0.110294
2 0.722874 0.590686 0.121762 0.063725
2 0.696172 0.449755 0.119626 0.125000
2 0.833955 0.506127 0.091856 0.120098
2 0.891632 0.463235 0.066221 0.093137
2 0.962126 0.446078 0.066221 0.107843