2 0.308319 0.131989 0.096121 0.115087
2 0.231591 0.467883 0.077572 0.074940
2 0.114390 0.525426 0.062395 0.072264
2 0.254356 0.719468 0.062395 0.064235
2 0.196178 0.553529 0.047218 0.053529
2 0.383361 0.502676 0.070826 0.090999
2 0.174255 0.166783 0.064081 0.115087
1 0.574761 0.538808 0.082631 0.115087
1 0.742552 0.447809 0.026981 0.099028
1 0.760259 0.487956 0.038786 0.077617
1 0.799888 0.477250 0.047218 0.077617
1 0.734963 0.748909 0.112985 0.139175
1 0.670882 0.862658 0.092749 0.168616
1 0.866498 0.953410 0.038786 0.093180
1 0.965149 0.841247 0.053963 0.147204
1 0.378302 0.752924 0.057336 0.056205
1 0.071388 0.632484 0.057336 0.099028
1 0.108488 0.641852 0.064081 0.144528
1 0.207139 0.831879 0.075885 0.203410
1 0.081506 0.781027 0.080944 0.069588
1 0.239179 0.533456 0.059022 0.056205
1 0.257729 0.623116 0.099494 0.117764