2 0.259288 0.196994 0.046440 0.069594
2 0.296440 0.208757 0.040248 0.077436
2 0.314628 0.340104 0.031734 0.075476
2 0.349845 0.343535 0.043344 0.084298
2 0.540248 0.237673 0.083591 0.070575
2 0.582430 0.244044 0.051858 0.044109
2 0.838622 0.243554 0.061146 0.052931
2 0.809985 0.300896 0.065789 0.067634
2 0.869195 0.310698 0.054180 0.083317
2 0.868034 0.378822 0.068885 0.060773
2 0.896672 0.473902 0.056502 0.064693
2 0.878096 0.634655 0.061146 0.099981
2 0.932276 0.592996 0.045666 0.087238
2 0.478328 0.653769 0.072755 0.083317
2 0.549923 0.819914 0.045666 0.047050
2 0.528638 0.793938 0.049536 0.051951
2 0.537926 0.886568 0.057276 0.062733
2 0.605650 0.961553 0.056502 0.059792
2 0.542957 0.955182 0.065789 0.035287
2 0.554180 0.929206 0.066563 0.046070
2 0.976604 0.170131 0.042781 0.071956
2 0.904412 0.151931 0.036096 0.079575
2 0.935829 0.170978 0.057487 0.039787
2 0.962901 0.230236 0.035428 0.073649
1 0.284425 0.898155 0.074198 0.104124
1 0.298463 0.699642 0.052807 0.110050
1 0.296457 0.771598 0.035428 0.047406
1 0.465909 0.771174 0.033422 0.065184
1 0.373997 0.783449 0.042112 0.086347
1 0.343249 0.557846 0.058155 0.088887
1 0.399733 0.529064 0.048128 0.083807
1 0.443516 0.297959 0.031417 0.046560
1 0.419786 0.363142 0.056150 0.061797
1 0.434158 0.334783 0.067513 0.091426
1 0.315842 0.264520 0.043449 0.044020
1 0.366979 0.159973 0.000000 0.000847
1 0.315842 0.168438 0.035428 0.038094
1 0.600000 0.150802 0.073529 0.139679
1 0.852206 0.147078 0.057353 0.076358
1 0.897794 0.821262 0.075000 0.117330
1 0.969118 0.871546 0.061764 0.128505
1 0.979412 0.696482 0.041176 0.087532
1 0.946921 0.511850 0.047335 0.089627
1 0.909467 0.526981 0.048713 0.054708
1 0.845588 0.668682 0.053309 0.111743
1 0.616176 0.053027 0.044118 0.052147
1 0.780147 0.892964 0.054412 0.055872
1 0.665441 0.866890 0.045588 0.070771
1 0.692647 0.540973 0.061765 0.063321
1 0.247794 0.407812 0.048529 0.080083
1 0.377206 0.407812 0.036765 0.072633
1 0.452941 0.433885 0.070588 0.065184
1 0.148529 0.389188 0.035294 0.050284
0 0.645588 0.395706 0.023529 0.026073