2 0.398900 0.455471 0.045772 0.051877
2 0.387858 0.339967 0.016462 0.039019
1 0.011543 0.465004 0.023086 0.069169
1 0.004015 0.500919 0.008030 0.039905
1 0.023087 0.512225 0.021682 0.038575
1 0.032422 0.582725 0.033125 0.065179
1 0.049888 0.589376 0.019875 0.054537
1 0.011644 0.565433 0.020477 0.025273
1 0.010339 0.617975 0.020678 0.069169
1 0.025195 0.647239 0.027102 0.058528
1 0.049586 0.643248 0.026500 0.077151
1 0.064342 0.671182 0.031920 0.045226
1 0.089336 0.608663 0.030113 0.074490
1 0.123665 0.613319 0.022886 0.086462
1 0.107103 0.623960 0.016261 0.038575
1 0.020075 0.688474 0.034931 0.037245
1 0.023087 0.731040 0.028909 0.053207
1 0.035433 0.758974 0.030715 0.093113
1 0.103489 0.711974 0.029511 0.063849
1 0.066149 0.879577 0.025897 0.071830
1 0.095660 0.817724 0.021079 0.049217
1 0.074279 0.791120 0.025295 0.049217
1 0.041155 0.852973 0.021682 0.039905
1 0.066450 0.835681 0.040954 0.042566
1 0.100779 0.773162 0.030113 0.039905
1 0.088131 0.869601 0.026500 0.051877
1 0.092347 0.918152 0.025295 0.042566
1 0.070666 0.942761 0.025295 0.049217
1 0.051393 0.951407 0.030113 0.055868
1 0.034229 0.986345 0.028306 0.027310
1 0.121858 0.805087 0.019272 0.050547
1 0.130892 0.679385 0.028909 0.043896
1 0.153778 0.619527 0.027704 0.062519
1 0.186903 0.632163 0.021682 0.066509
1 0.168233 0.674729 0.030113 0.039905
1 0.154682 0.726606 0.021079 0.037245
1 0.136313 0.737913 0.025295 0.049217
1 0.168534 0.751214 0.022284 0.049217
1 0.184795 0.703993 0.034329 0.039905
1 0.207079 0.652781 0.025897 0.065179
1 0.221834 0.688031 0.032522 0.061188
1 0.202863 0.746559 0.045170 0.045226
1 0.200755 0.777153 0.030113 0.037245
1 0.154983 0.826370 0.032522 0.045226
1 0.134205 0.888223 0.047579 0.038575
1 0.133602 0.940765 0.031920 0.055868
1 0.099574 0.963378 0.026500 0.042566
1 0.167630 0.975350 0.026500 0.045226
1 0.181783 0.916157 0.029511 0.049217
1 0.196539 0.862285 0.040954 0.053207
1 0.194732 0.812403 0.027704 0.054537
1 0.241709 0.753210 0.027704 0.074490
1 0.261584 0.737248 0.045772 0.047887
1 0.280856 0.656772 0.028909 0.067839
1 0.229061 0.834351 0.037340 0.045226
1 0.218522 0.904185 0.033125 0.049217
1 0.296515 0.750549 0.021682 0.079811
1 0.280555 0.792450 0.028306 0.059858
1 0.261282 0.850313 0.023488 0.061188
1 0.297418 0.840337 0.033125 0.073160
1 0.272725 0.927464 0.015057 0.037245
1 0.251044 0.904850 0.022284 0.042566
1 0.250442 0.962713 0.018670 0.059858
1 0.234181 0.958058 0.015057 0.053207
1 0.209488 0.976680 0.039147 0.031924
1 0.278045 0.966039 0.028909 0.042566
1 0.334959 0.947416 0.027102 0.037245
1 0.324420 0.882902 0.042159 0.065179
1 0.304545 0.960053 0.038545 0.051877
1 0.385349 0.982001 0.029511 0.034585
1 0.408837 0.915492 0.033125 0.069169
1 0.388360 0.940100 0.028306 0.059858
1 0.323015 0.807747 0.032522 0.050547
1 0.329338 0.737248 0.025897 0.058528
1 0.360957 0.795110 0.022886 0.051877
1 0.354935 0.844992 0.032522 0.053207
1 0.371798 0.866275 0.026500 0.050547
1 0.389866 0.846322 0.025295 0.042566
1 0.390167 0.787129 0.040352 0.073160
1 0.429314 0.902855 0.019875 0.059858
1 0.429314 0.762521 0.027102 0.082471
1 0.451598 0.680050 0.031920 0.055868
1 0.472075 0.664753 0.030715 0.059858
1 0.463944 0.715965 0.040954 0.063849
1 0.523569 0.718625 0.025295 0.074490
1 0.500984 0.791120 0.030715 0.065179
1 0.392175 0.687144 0.024693 0.039905
1 0.411748 0.687144 0.016863 0.037245
1 0.387356 0.656550 0.021079 0.058528
1 0.406328 0.637927 0.018068 0.055868
1 0.328335 0.661871 0.034329 0.074490
1 0.311672 0.604673 0.023890 0.039905
1 0.287381 0.600682 0.029511 0.058528
1 0.369891 0.590041 0.039147 0.069169
1 0.424998 0.500919 0.030113 0.066509
1 0.186300 0.261043 0.037340 0.079811
1 0.207982 0.229118 0.024091 0.079811
1 0.238095 0.325556 0.027704 0.067839
1 0.288685 0.325556 0.027704 0.046556
1 0.219726 0.392731 0.030715 0.071830
1 0.228760 0.441947 0.025897 0.053207
1 0.288685 0.445938 0.027704 0.061188
1 0.287782 0.516881 0.030715 0.074490
1 0.307657 0.554791 0.025897 0.065179
1 0.483117 0.549470 0.033125 0.065179
1 0.498173 0.596027 0.036738 0.089122
1 0.542138 0.520206 0.027102 0.067839
1 0.569240 0.527522 0.029511 0.050547
1 0.551172 0.627286 0.029511 0.053207
1 0.582390 0.614649 0.031719 0.070500
1 0.621838 0.676503 0.033928 0.058528
1 0.659982 0.772276 0.037943 0.066509
1 0.680358 0.715078 0.030113 0.047887
1 0.603268 0.621965 0.021682 0.074490
1 0.626455 0.604673 0.023488 0.055868
1 0.665603 0.687144 0.040352 0.069169
1 0.577070 0.470990 0.033125 0.073160
1 0.599354 0.477641 0.028306 0.073160
1 0.600558 0.568758 0.048783 0.074490
1 0.628563 0.484291 0.045772 0.081141
1 0.651449 0.532843 0.038545 0.077151
1 0.647836 0.621300 0.026500 0.035915
1 0.660182 0.590041 0.027102 0.050547
1 0.684273 0.639923 0.027102 0.046556
1 0.700534 0.627951 0.028306 0.057198
1 0.696619 0.558782 0.032522 0.059858
1 0.453003 0.383419 0.030715 0.058528
1 0.470168 0.430641 0.030113 0.059858
1 0.415362 0.376768 0.036136 0.077151
1 0.422589 0.326222 0.026500 0.039905
1 0.439151 0.300283 0.018670 0.070500
1 0.401510 0.192538 0.027704 0.065179
1 0.388862 0.245080 0.032522 0.061188
1 0.353630 0.273679 0.022284 0.086462
1 0.378624 0.318906 0.049386 0.070500
1 0.409941 0.286981 0.031318 0.070500
1 0.666305 0.311590 0.033727 0.069169
1 0.535313 0.095435 0.031920 0.078481
1 0.557597 0.145317 0.028306 0.066509
1 0.709769 0.023605 0.033125 0.046556
1 0.818176 0.078143 0.046374 0.059858
1 0.808540 0.147977 0.027102 0.055868
1 0.991448 0.170590 0.017104 0.090452
1 0.855918 0.193203 0.052397 0.077151
1 0.844174 0.241755 0.038545 0.059858
1 0.679154 0.144652 0.022886 0.035915
1 0.694813 0.178571 0.038545 0.042566
1 0.670722 0.223133 0.021682 0.038575
1 0.671625 0.195199 0.031920 0.051877
1 0.705954 0.223133 0.029511 0.054537
1 0.698426 0.263703 0.031318 0.031924
1 0.722216 0.263038 0.033125 0.057198
1 0.750522 0.292967 0.027102 0.037245
1 0.793584 0.294962 0.028909 0.041236
1 0.801413 0.221137 0.032522 0.047887
1 0.821890 0.279000 0.033727 0.094443
1 0.849293 0.339523 0.028306 0.055868
1 0.802016 0.362136 0.027704 0.031924
1 0.770096 0.320901 0.027704 0.045226
1 0.747812 0.344179 0.034931 0.051877
1 0.706858 0.360806 0.031318 0.055868
1 0.722216 0.329547 0.023488 0.038575
1 0.681563 0.392066 0.024091 0.073160
1 0.703244 0.419334 0.028909 0.050547
1 0.730647 0.436627 0.029511 0.063849
1 0.758050 0.418669 0.032522 0.049217
1 0.787862 0.395391 0.051192 0.090452
1 0.701739 0.500475 0.036738 0.079811
1 0.765277 0.489169 0.030113 0.067839
1 0.735164 0.513112 0.030113 0.070500
1 0.766482 0.507126 0.042159 0.039905
1 0.802919 0.491164 0.023488 0.050547
1 0.727034 0.644135 0.025897 0.042566
1 0.733357 0.581616 0.036136 0.061188
1 0.767687 0.632163 0.030113 0.061188
1 0.749016 0.658102 0.038545 0.065179
1 0.766482 0.571640 0.019272 0.033255
1 0.798101 0.534395 0.046374 0.067839
1 0.843572 0.495820 0.025295 0.075820
1 0.879105 0.489834 0.024091 0.074490
1 0.855015 0.527079 0.027704 0.058528
1 0.827311 0.576961 0.026500 0.065179
1 0.819481 0.652781 0.025295 0.038575
1 0.791476 0.652116 0.015057 0.058528
1 0.824902 0.711309 0.045772 0.051877
1 0.844977 0.765846 0.028909 0.057198
1 0.871778 0.789790 0.031920 0.049217
1 0.887136 0.786464 0.021682 0.047887
1 0.872380 0.733922 0.031920 0.054537
1 0.852807 0.646130 0.025295 0.059858
1 0.892255 0.591593 0.021079 0.073160
1 0.887437 0.620857 0.018670 0.054537
1 0.857926 0.602899 0.021079 0.045226
1 0.883823 0.674064 0.028306 0.097103
1 0.924175 0.690691 0.017466 0.066509
1 0.923272 0.757200 0.024091 0.058528
1 0.955794 0.664753 0.024091 0.073160
1 0.982896 0.674729 0.021682 0.069169
1 0.979282 0.737248 0.024091 0.058528
1 0.946459 0.751880 0.023488 0.085132
1 0.903397 0.479192 0.030113 0.071830
1 0.910624 0.668078 0.027704 0.079811