0 0.068640 0.193603 0.030702 0.028490
0 0.265564 0.071225 0.034060 0.049210
0 0.232464 0.049858 0.030222 0.042735
1 0.105339 0.050505 0.022547 0.025900
1 0.126446 0.012950 0.048451 0.025900
1 0.136520 0.047268 0.028303 0.037555
1 0.122369 0.067340 0.023986 0.049210
1 0.072718 0.116550 0.023506 0.041440
1 0.028344 0.110399 0.013432 0.039498
1 0.042496 0.123996 0.025425 0.033023
0 0.021628 0.025253 0.038377 0.045325
0 0.120450 0.235366 0.028783 0.035613
0 0.089508 0.240870 0.033101 0.051800
0 0.118531 0.156695 0.021108 0.036260
0 0.193846 0.196193 0.025905 0.058275
1 0.245656 0.146983 0.037418 0.046620
1 0.287471 0.211409 0.028303 0.040793
1 0.162905 0.182919 0.035979 0.035613
1 0.069600 0.261914 0.019189 0.040793
1 0.053529 0.296555 0.035979 0.049210
1 0.088309 0.156048 0.051810 0.034965
1 0.121889 0.357312 0.023986 0.025253
1 0.104139 0.445696 0.035499 0.055685
1 0.152111 0.421091 0.023026 0.037555
1 0.155949 0.375442 0.032621 0.035613
1 0.187610 0.399724 0.040296 0.046620
1 0.160026 0.461560 0.033101 0.033023
1 0.228626 0.485302 0.012952 0.030433
1 0.243257 0.516058 0.020148 0.027195
1 0.120450 0.512497 0.042215 0.044678
1 0.242778 0.444509 0.035499 0.047268
0 0.125327 0.326664 0.048132 0.034318
0 0.118451 0.647177 0.030222 0.040793
1 0.109656 0.686567 0.025425 0.032375
1 0.104619 0.683977 0.043175 0.041440
1 0.010814 0.644479 0.021628 0.036260
1 0.009135 0.699193 0.018270 0.038203
1 0.071279 0.733187 0.040776 0.034965
1 0.054728 0.735453 0.031661 0.058923
0 0.009135 0.776893 0.018270 0.043383
1 0.026665 0.806354 0.018709 0.023310
1 0.020908 0.795994 0.020628 0.036260
1 0.161705 0.787253 0.034540 0.052448
1 0.236062 0.717323 0.043175 0.044678
0 0.341999 0.664228 0.033101 0.047268
0 0.389491 0.783368 0.028303 0.034318
1 0.115173 0.929056 0.029742 0.036908
1 0.333604 0.928408 0.031661 0.049858
1 0.226867 0.970819 0.027344 0.028490
0 0.262846 0.939092 0.030222 0.055685
1 0.241738 0.983467 0.029263 0.033066
1 0.211756 0.987654 0.023026 0.023310
2 0.204800 0.954632 0.011034 0.009065
2 0.172899 0.960459 0.011513 0.012950
2 0.183692 0.987978 0.010074 0.012303
2 0.192327 0.981827 0.009115 0.014245
1 0.186571 0.952366 0.057086 0.056333
2 0.307939 0.925171 0.010074 0.016188
1 0.395568 0.974726 0.042695 0.050548
1 0.490072 0.920962 0.024466 0.042735
1 0.563869 0.923228 0.045093 0.053743
1 0.555234 0.986381 0.033580 0.027238
1 0.596330 0.975676 0.042215 0.035613
1 0.632788 0.981179 0.023026 0.034965
0 0.726253 0.971467 0.035019 0.046620
0 0.844504 0.781749 0.030702 0.038850
2 0.848581 0.806030 0.007196 0.011008
0 0.592252 0.870780 0.030222 0.042088
0 0.482397 0.853622 0.030222 0.042735
0 0.405642 0.704265 0.035019 0.027195
1 0.401324 0.712682 0.048451 0.031080
1 0.419794 0.747000 0.030702 0.042735
1 0.448577 0.746029 0.029742 0.051153
1 0.446898 0.814987 0.031182 0.040145
1 0.410439 0.809160 0.027344 0.034965
1 0.362707 0.801390 0.031661 0.047915
2 0.377099 0.745705 0.012473 0.014245
2 0.483356 0.755094 0.007196 0.007123
2 0.484555 0.765130 0.006716 0.011655
2 0.568426 0.742791 0.011034 0.014893
1 0.615518 0.840240 0.041256 0.050505
1 0.664210 0.742899 0.042695 0.044030
1 0.818199 0.865169 0.033101 0.044678
1 0.834509 0.845096 0.035019 0.038203
1 0.959716 0.754878 0.025425 0.043383
1 0.923017 0.730273 0.029742 0.043383
1 0.945564 0.717647 0.032621 0.045325
1 0.991971 0.630234 0.016058 0.033670
1 0.990897 0.652897 0.017750 0.034965
1 0.890876 0.643832 0.049891 0.042735
2 0.944365 0.601420 0.007196 0.013598
0 0.937889 0.569585 0.032621 0.045325
1 0.761512 0.669408 0.043175 0.056333
1 0.639984 0.561275 0.043175 0.044678
1 0.584097 0.728870 0.031182 0.040145
1 0.620555 0.694876 0.024466 0.047268
0 0.587215 0.677394 0.041256 0.051153
2 0.371582 0.520806 0.008155 0.011655
1 0.395088 0.521130 0.036938 0.061513
1 0.409480 0.611456 0.024466 0.040145
1 0.438263 0.626349 0.032141 0.044030
1 0.565068 0.525015 0.033101 0.052448
1 0.609442 0.415911 0.032621 0.040145
1 0.615198 0.377709 0.033580 0.056980
1 0.269927 0.617358 0.045788 0.038543
1 0.240633 0.588783 0.030525 0.029240
2 0.232509 0.586789 0.007385 0.011962
0 0.137326 0.435890 0.020732 0.030030
0 0.272082 0.278574 0.023260 0.045728
1 0.208117 0.306898 0.026799 0.032760
1 0.231630 0.249227 0.035395 0.040268
1 0.249580 0.290859 0.020732 0.038903
0 0.225562 0.289494 0.025282 0.027983
1 0.340344 0.249909 0.034384 0.041633
1 0.333265 0.394258 0.024271 0.050505
1 0.360570 0.379925 0.014158 0.027300
1 0.425799 0.259123 0.027305 0.049140
1 0.401022 0.382314 0.029328 0.038903
0 0.448806 0.379925 0.036912 0.043680
1 0.528867 0.338293 0.045003 0.054600
0 0.705169 0.426335 0.028822 0.027300
1 0.707445 0.452612 0.034384 0.026618
1 0.737278 0.419169 0.024271 0.052553
1 0.761296 0.420534 0.025788 0.036173
1 0.786579 0.305305 0.035901 0.046410
0 0.569318 0.190531 0.036912 0.049823
0 0.640362 0.207935 0.032361 0.042315
0 0.609770 0.167326 0.035901 0.045728
1 0.668931 0.164596 0.025788 0.034808
1 0.682331 0.194285 0.021237 0.043680
1 0.790540 0.191214 0.033373 0.042998
1 0.803434 0.091569 0.027811 0.056648
1 0.870685 0.145828 0.025788 0.051870
0 0.898748 0.162208 0.025282 0.039585
1 0.953780 0.011261 0.034890 0.022522
1 0.986647 0.021158 0.018709 0.031395
1 0.954791 0.053918 0.040958 0.047775
1 0.987658 0.047093 0.021743 0.028665
1 0.995472 0.148444 0.009055 0.044363
0 0.992186 0.354104 0.015628 0.055283
1 0.785146 0.021158 0.031350 0.042315
1 0.745200 0.016039 0.034384 0.032078
2 0.970972 0.088384 0.012641 0.018428
2 0.891838 0.486850 0.010113 0.015015
2 0.994967 0.429179 0.010066 0.014333
1 0.948723 0.422013 0.023765 0.042315
1 0.982855 0.437028 0.027305 0.039585
1 0.966927 0.455455 0.023765 0.032760
1 0.983107 0.474907 0.022754 0.032078
1 0.929003 0.462622 0.024777 0.048458
1 0.904985 0.478319 0.034384 0.045728
0 0.896894 0.410752 0.021237 0.025253
0 0.911305 0.403927 0.019720 0.030713
0 0.460174 0.155066 0.042095 0.067077
1 0.322487 0.091540 0.046188 0.047348
1 0.354059 0.040246 0.035664 0.037879
1 0.408432 0.089173 0.015786 0.039457
1 0.400539 0.102983 0.023386 0.041824
1 0.478590 0.047743 0.019294 0.063920
1 0.527994 0.012232 0.035079 0.024463
1 0.566289 0.012232 0.023971 0.024463
1 0.551380 0.026831 0.028063 0.047348