2 0.061050 0.234755 0.058337 0.067916
2 0.247592 0.396055 0.059693 0.081121
2 0.278117 0.447463 0.056980 0.055653
2 0.087505 0.720540 0.043413 0.062256
2 0.083096 0.959188 0.027812 0.041504
2 0.564374 0.482364 0.052910 0.059426
2 0.639330 0.101282 0.035952 0.055653
1 0.053890 0.282831 0.107780 0.088109
1 0.020903 0.320073 0.041805 0.066309
1 0.210007 0.316440 0.047684 0.057225
1 0.144033 0.485845 0.071200 0.099917
0 0.134888 0.463590 0.012411 0.017258
1 0.017310 0.528082 0.034620 0.099009
1 0.048664 0.634812 0.058136 0.050867
1 0.011758 0.631633 0.023516 0.091742
1 0.198903 0.903225 0.038539 0.062675
1 0.157424 0.975002 0.037886 0.049995
1 0.246587 0.973621 0.046378 0.049050
1 0.049317 0.928659 0.046378 0.099009
1 0.031354 0.853267 0.032661 0.046325
1 0.012411 0.861896 0.024822 0.112634
1 0.366451 0.976365 0.049644 0.047270
1 0.427853 0.970006 0.050950 0.059987
1 0.596708 0.945009 0.088183 0.088109
0 0.599647 0.917304 0.016983 0.021800
1 0.698609 0.852813 0.045072 0.067217
1 0.653864 0.703391 0.060095 0.075392
1 0.821412 0.670237 0.062055 0.076300
1 0.840682 0.890054 0.077079 0.056317
1 0.831210 0.963194 0.065974 0.073612
1 0.763603 0.870979 0.049644 0.052684
1 0.795937 0.838279 0.048991 0.101734
0 0.778954 0.869617 0.029394 0.035425
0 0.616304 0.604837 0.022862 0.034517
1 0.694036 0.547611 0.067281 0.067217
1 0.798550 0.427711 0.063361 0.069034
2 0.965119 0.452236 0.024169 0.050867
1 0.958913 0.543524 0.056176 0.126259
2 0.726370 0.633449 0.031354 0.049959
2 0.179759 0.596697 0.018541 0.031442
1 0.297110 0.691339 0.054267 0.091183
1 0.359291 0.737874 0.065572 0.118852
1 0.386424 0.634428 0.030299 0.085523
1 0.373762 0.582548 0.065572 0.078606
1 0.487948 0.678447 0.040700 0.055339
0 0.455614 0.691653 0.014019 0.017608
0 0.467372 0.626567 0.011306 0.018237
0 0.145842 0.877164 0.012210 0.016350
1 0.406774 0.163106 0.037534 0.043391
1 0.439334 0.142669 0.054719 0.074204
1 0.494958 0.216244 0.063763 0.093070
1 0.494053 0.284788 0.070999 0.077977
1 0.533397 0.088902 0.051101 0.068544
1 0.595803 0.101479 0.047483 0.087410
2 0.600099 0.226305 0.061502 0.071689
1 0.602813 0.366539 0.049744 0.077977
1 0.972957 0.150529 0.053814 0.054710
1 0.860580 0.100221 0.056076 0.076091
1 0.761995 0.276299 0.053362 0.040875
2 0.884095 0.245171 0.040700 0.032700
0 0.907848 0.967972 0.020282 0.023299
1 0.425994 0.423409 0.062407 0.079235
1 0.467372 0.025408 0.056980 0.050816
0 0.802808 0.061193 0.021028 0.035844
1 0.837037 0.757700 0.024691 0.038259
1 0.030335 0.191171 0.018342 0.054936