2 0.431422 0.686734 0.065767 0.178116
2 0.867341 0.646515 0.084317 0.086185
2 0.841203 0.749937 0.065767 0.132151
2 0.667510 0.610604 0.072513 0.123532
2 0.535975 0.517237 0.052277 0.114914
2 0.573075 0.609168 0.055649 0.114914
2 0.714727 0.304647 0.069140 0.103422
2 0.344576 0.703971 0.067454 0.178116
2 0.278808 0.712590 0.091062 0.241318
1 0.111017 0.149514 0.082631 0.183862
1 0.224002 0.067575 0.119730 0.135150
1 0.255200 0.287410 0.138280 0.155133
1 0.336144 0.379341 0.084317 0.172370
2 0.203766 0.466962 0.065767 0.135023
1 0.253513 0.446853 0.074199 0.209717
2 0.138842 0.613477 0.094435 0.135023
1 0.178471 0.863414 0.062395 0.169497
1 0.278808 0.887833 0.107926 0.103422
1 0.532603 0.189734 0.106239 0.229827
1 0.602586 0.314702 0.124789 0.255683
1 0.657392 0.041719 0.099494 0.083438
1 0.731591 0.451162 0.075885 0.160879
2 0.693648 0.659442 0.043845 0.146515
2 0.748454 0.652260 0.079258 0.189607
1 0.890950 0.534474 0.121417 0.201099