2 0.707682 0.229798 0.048828 0.106061
2 0.270182 0.584596 0.064453 0.047980
2 0.288737 0.811869 0.046875 0.068182
2 0.329753 0.756313 0.050781 0.068182
1 0.171549 0.070707 0.132813 0.141414
1 0.416667 0.152778 0.115234 0.174242
1 0.659831 0.147727 0.070313 0.113636
1 0.919759 0.208333 0.160482 0.143939
1 0.808268 0.366162 0.062500 0.075758
1 0.831706 0.425505 0.070313 0.088384
1 0.923503 0.676768 0.101563 0.111111
1 0.833659 0.579545 0.058594 0.088384
1 0.677409 0.590909 0.058594 0.090909
1 0.487956 0.555556 0.050781 0.090909
1 0.331706 0.597222 0.039063 0.113636
1 0.604167 0.856061 0.095703 0.095960
1 0.554362 0.940657 0.074219 0.083333
1 0.765299 0.845960 0.164063 0.095960
1 0.843424 0.933081 0.039063 0.123737
1 0.894206 0.890152 0.089844 0.073232
1 0.143229 0.934343 0.126953 0.131313
1 0.083659 0.351010 0.074219 0.085859
1 0.158854 0.378788 0.107422 0.080808
1 0.134440 0.553030 0.058594 0.075758
1 0.194987 0.698232 0.054688 0.093434
1 0.199870 0.805556 0.064453 0.065657
1 0.269206 0.816919 0.097656 0.113636