1 0.087692 0.169118 0.175384 0.318627
1 0.301810 0.034314 0.087949 0.068627
1 0.257836 0.194853 0.113600 0.129902
1 0.605050 0.100490 0.177729 0.200980
1 0.798353 0.171569 0.095278 0.088235
1 0.810263 0.053922 0.108103 0.107843
1 0.882637 0.387255 0.098942 0.088235
1 0.856985 0.476716 0.091613 0.115196
1 0.801101 0.816176 0.086116 0.107843
1 0.907373 0.950980 0.115432 0.098039
1 0.430985 0.536765 0.086116 0.132353
1 0.212030 0.360294 0.091613 0.083333
1 0.129578 0.401961 0.102607 0.093137
1 0.584895 0.261029 0.067794 0.085784
1 0.546417 0.398284 0.067794 0.139706
2 0.465798 0.415441 0.075123 0.100490
2 0.517101 0.240196 0.034813 0.078431
2 0.785527 0.425245 0.073290 0.120098
1 0.686585 0.454657 0.120929 0.090686
1 0.594056 0.835784 0.133755 0.142157
1 0.546417 0.926471 0.280336 0.127451
0 0.214778 0.508578 0.027484 0.036765
0 0.079191 0.509804 0.034813 0.039216
0 0.151565 0.482843 0.018323 0.044118
0 0.033384 0.686275 0.027484 0.049020
0 0.340288 0.544118 0.018323 0.029412
0 0.322881 0.661765 0.020155 0.049020
1 0.263333 0.651961 0.054968 0.112745