2 0.051669 0.375265 0.029147 0.041733
2 0.076842 0.312169 0.030472 0.036765
2 0.212308 0.348933 0.027160 0.042727
2 0.229531 0.368309 0.032459 0.035771
2 0.282856 0.443329 0.027822 0.038752
2 0.119568 0.539713 0.037758 0.040739
2 0.075517 0.776199 0.019873 0.052663
2 0.095058 0.769740 0.027160 0.033784
2 0.013911 0.750364 0.027822 0.036765
2 0.342806 0.931704 0.032459 0.033784
2 0.357048 0.943627 0.022523 0.035771
2 0.632618 0.951577 0.030472 0.031797
2 0.850556 0.643051 0.025172 0.046701
2 0.611751 0.519343 0.036433 0.037758
2 0.927067 0.132320 0.019210 0.038752
2 0.132817 0.039911 0.041733 0.056638
2 0.267289 0.132817 0.035109 0.043720
2 0.562732 0.021694 0.040408 0.043388
2 0.831677 0.215888 0.032459 0.028612
2 0.886659 0.499470 0.017886 0.041733
2 0.721052 0.939156 0.029809 0.046701
2 0.677332 0.828862 0.021860 0.030803
2 0.620032 0.849232 0.026497 0.057631
2 0.537891 0.951245 0.031389 0.050141
2 0.600261 0.853716 0.011822 0.022624
2 0.468387 0.880315 0.022828 0.035465
2 0.444540 0.878175 0.021605 0.031185
2 0.411316 0.942073 0.016306 0.028128
2 0.373609 0.851270 0.021605 0.029962
2 0.392768 0.827728 0.026497 0.026905
2 0.569280 0.252538 0.037911 0.066039
0 0.040969 0.064001 0.008561 0.012229
0 0.097224 0.057274 0.008561 0.013452
0 0.021401 0.054523 0.007745 0.012841
0 0.003873 0.156944 0.007745 0.012229
0 0.015491 0.224818 0.005707 0.008561
0 0.010803 0.267009 0.007745 0.012229
0 0.087033 0.256308 0.007745 0.012841
0 0.142677 0.238576 0.008153 0.012841
0 0.161836 0.216868 0.008968 0.013452
0 0.137785 0.263340 0.007338 0.012229
0 0.128001 0.265480 0.008153 0.014064
0 0.026293 0.395418 0.006930 0.012229
0 0.061962 0.428132 0.008968 0.014064
0 0.080918 0.450756 0.010191 0.014064
0 0.098447 0.416208 0.006930 0.009784
0 0.098243 0.407036 0.009784 0.014675
0 0.184664 0.408870 0.007338 0.012229
0 0.129836 0.516795 0.007745 0.012841
0 0.135747 0.514349 0.009784 0.012841
0 0.105988 0.518629 0.008968 0.014064
0 0.131466 0.555623 0.007745 0.011006
0 0.182015 0.539725 0.008561 0.012229
0 0.196282 0.585891 0.009376 0.015287
0 0.199340 0.597815 0.009784 0.011006
0 0.142269 0.593535 0.008153 0.012229
0 0.130040 0.616771 0.009784 0.013452
0 0.045453 0.717358 0.007745 0.012841
0 0.057886 0.790428 0.008153 0.013452
0 0.038319 0.837206 0.011414 0.015287
0 0.179773 0.929538 0.006522 0.012841
0 0.094778 0.976316 0.006930 0.011006
0 0.287799 0.895907 0.008153 0.014064
0 0.360157 0.964392 0.010191 0.012841
0 0.342424 0.978150 0.008968 0.014675
0 0.232971 0.812136 0.009376 0.014064
0 0.276996 0.712160 0.010191 0.014675
0 0.322245 0.651624 0.010191 0.015898
0 0.343443 0.730504 0.010191 0.013452
0 0.342424 0.799295 0.008153 0.014064
0 0.378501 0.761078 0.006930 0.008561
0 0.375851 0.751906 0.008153 0.012229
0 0.392972 0.701459 0.008968 0.011618
0 0.430883 0.656822 0.008153 0.014064
0 0.453915 0.591395 0.008561 0.014064
0 0.412335 0.548592 0.010191 0.015287
0 0.374220 0.558681 0.008153 0.013452
0 0.327952 0.491419 0.007745 0.013452
0 0.366679 0.448922 0.009376 0.014064
0 0.394195 0.414679 0.007338 0.010395
0 0.396845 0.388080 0.007745 0.012229
0 0.401533 0.344360 0.008153 0.011618
0 0.379520 0.251417 0.007338 0.010395
0 0.376055 0.226652 0.008561 0.013452
0 0.406425 0.229709 0.008153 0.011006
0 0.405202 0.217480 0.009784 0.015898
0 0.349965 0.181403 0.011006 0.014675
0 0.327545 0.165199 0.008561 0.011618
0 0.255799 0.159084 0.007745 0.011618
0 0.219518 0.141046 0.007745 0.012229
0 0.233582 0.231849 0.009784 0.014064
0 0.380947 0.083873 0.009376 0.014064
0 0.422730 0.110167 0.009784 0.015287
0 0.433533 0.021198 0.008561 0.013452
0 0.446374 0.024255 0.008153 0.012229
0 0.481024 0.081428 0.009784 0.014064
0 0.497126 0.082345 0.007745 0.012229
0 0.493661 0.156944 0.008968 0.013452
0 0.473279 0.222372 0.008153 0.014675
0 0.478782 0.251417 0.008561 0.014064
0 0.524235 0.282602 0.008153 0.012841
0 0.616363 0.347723 0.008153 0.013452
0 0.566630 0.349252 0.008153 0.010395
0 0.572949 0.345277 0.006930 0.011006
0 0.571318 0.353532 0.006930 0.010395
0 0.576617 0.444947 0.009376 0.014675
0 0.497738 0.523216 0.008153 0.012229
0 0.531572 0.569382 0.008968 0.014064
0 0.563165 0.596592 0.008561 0.011006
0 0.516286 0.653765 0.008561 0.012841
0 0.545840 0.657433 0.010599 0.012841
0 0.544821 0.676389 0.007745 0.011618
0 0.545025 0.706963 0.006522 0.011618
0 0.544617 0.734785 0.008153 0.011006
0 0.463088 0.736313 0.009784 0.014064
0 0.534222 0.789205 0.006930 0.011006
0 0.522808 0.771473 0.006115 0.008561
0 0.518120 0.765970 0.006522 0.011006
0 0.549916 0.887652 0.008968 0.012229
0 0.582732 0.873589 0.008561 0.012229
0 0.478170 0.956443 0.007338 0.012841
0 0.437406 0.991602 0.008968 0.012229
0 0.681179 0.936876 0.008153 0.011618
0 0.697485 0.866557 0.008153 0.012841
0 0.705842 0.798989 0.006930 0.011006
0 0.721740 0.774224 0.009376 0.012841
0 0.759447 0.825282 0.005707 0.008561
0 0.785333 0.810607 0.006930 0.011006
0 0.779422 0.743957 0.007338 0.012229
0 0.801231 0.753740 0.007745 0.011006
0 0.838327 0.759855 0.007745 0.014675
0 0.875627 0.934736 0.008153 0.012229
0 0.950430 0.958583 0.007745 0.009784
0 0.954914 0.946965 0.007745 0.011006
0 0.974277 0.932901 0.008153 0.014675
0 0.973870 0.987016 0.010599 0.014064
0 0.969793 0.890710 0.006522 0.011006
0 0.939627 0.789511 0.007338 0.011618
0 0.988953 0.665077 0.008153 0.013452
0 0.832008 0.702377 0.007338 0.012229
0 0.869716 0.751600 0.010191 0.014064
0 0.898251 0.716440 0.008561 0.009784
0 0.815091 0.668746 0.006930 0.011006
0 0.799397 0.605153 0.009784 0.013452
0 0.787983 0.647650 0.006522 0.010395
0 0.773715 0.638478 0.007338 0.011618
0 0.757409 0.617994 0.008153 0.013452
0 0.786760 0.499368 0.007338 0.011006
0 0.775345 0.482858 0.007338 0.012229
0 0.784314 0.444336 0.007338 0.012229
0 0.801639 0.434246 0.009376 0.014064
0 0.813257 0.452285 0.007338 0.009784
0 0.851372 0.464820 0.006930 0.010395
0 0.855448 0.545840 0.009376 0.013452
0 0.930252 0.439444 0.007338 0.009784
0 0.939016 0.548592 0.008561 0.012841
0 0.986099 0.457788 0.007338 0.011006
0 0.974889 0.505483 0.006115 0.009784
0 0.990583 0.532082 0.007338 0.011618
0 0.698912 0.990074 0.007745 0.012841
0 0.730912 0.995190 0.008968 0.009620
0 0.651013 0.677612 0.008153 0.012841
0 0.717867 0.611573 0.008153 0.012841
0 0.652236 0.559598 0.008968 0.015287
0 0.697485 0.569687 0.008153 0.009784
0 0.691370 0.572745 0.008153 0.008561
0 0.653459 0.504871 0.008153 0.011006
0 0.654274 0.436081 0.008968 0.011618
0 0.672007 0.262729 0.007745 0.014675
0 0.707268 0.270066 0.010599 0.013452
0 0.696873 0.244996 0.008561 0.011006
0 0.718886 0.145326 0.007745 0.013452
0 0.624516 0.112001 0.008153 0.012841
0 0.623497 0.137683 0.007745 0.011618
0 0.620847 0.151747 0.007338 0.011618
0 0.754352 0.095491 0.007745 0.012841
0 0.642249 0.024561 0.006930 0.010395
0 0.611675 0.056357 0.007745 0.011618
0 0.617994 0.053911 0.008968 0.014064
0 0.810403 0.070421 0.007338 0.011618
0 0.888875 0.046879 0.008561 0.014675
0 0.915169 0.119950 0.006522 0.010395
0 0.925767 0.152970 0.006522 0.010395
0 0.896009 0.130957 0.006522 0.009172
0 0.810607 0.148078 0.008561 0.007949
0 0.809588 0.156333 0.008968 0.009784
0 0.846276 0.208002 0.005707 0.007949
0 0.809180 0.238270 0.008153 0.013452
0 0.815703 0.260894 0.007338 0.012229
0 0.826098 0.293914 0.006930 0.009784
0 0.885410 0.333048 0.008153 0.012229
1 0.161547 0.350531 0.023591 0.027694
1 0.154367 0.352839 0.023591 0.053849
1 0.117698 0.568619 0.024104 0.036156
1 0.363608 0.761321 0.023591 0.043079
1 0.425150 0.700164 0.029745 0.060772
1 0.423868 0.920560 0.037438 0.046156
1 0.558490 0.927868 0.026668 0.033079
1 0.598749 0.785168 0.030258 0.038464
1 0.754141 0.732089 0.027181 0.044618
1 0.667214 0.620545 0.023591 0.041541
1 0.706959 0.519386 0.016924 0.028463
1 0.627212 0.542848 0.020514 0.021540
2 0.746192 0.407841 0.029745 0.030002
1 0.503616 0.196292 0.020514 0.034617
1 0.514898 0.252064 0.024617 0.053849
1 0.454382 0.302836 0.026668 0.046156
1 0.444382 0.334761 0.013847 0.019232
1 0.432310 0.329379 0.012637 0.023236
2 0.371571 0.027618 0.028128 0.050752
1 0.357303 0.014879 0.027312 0.029758
2 0.092332 0.131874 0.014268 0.039134
0 0.088867 0.279544 0.011414 0.015287
0 0.162040 0.750377 0.007745 0.012841
0 0.150218 0.743957 0.006930 0.012229
0 0.246015 0.617688 0.011006 0.016510
1 0.152868 0.709714 0.031797 0.050141
1 0.028617 0.980127 0.041335 0.039746
1 0.834047 0.189964 0.014675 0.042803
0 0.900901 0.215034 0.007338 0.012229
0 0.990176 0.195161 0.007338 0.011618
0 0.991399 0.103746 0.007338 0.012229
0 0.920672 0.376768 0.009376 0.012841
0 0.897232 0.517101 0.008968 0.013452
0 0.876646 0.528413 0.006930 0.011618
0 0.890710 0.587726 0.005707 0.010395
0 0.911704 0.581611 0.007745 0.011618
0 0.884391 0.587726 0.005299 0.007949
1 0.902124 0.595675 0.027720 0.031185
1 0.907627 0.577636 0.020790 0.022013
1 0.988565 0.512209 0.022869 0.035465
1 0.990583 0.470629 0.014675 0.044026
2 0.903551 0.009682 0.037911 0.019363
2 0.453395 0.788435 0.011776 0.024731
2 0.492257 0.890449 0.012954 0.023847
1 0.261438 0.890891 0.015309 0.030030
1 0.863275 0.179253 0.022258 0.035771
1 0.901431 0.684817 0.034976 0.054849
1 0.924483 0.867250 0.030207 0.047695
2 0.983384 0.965562 0.027181 0.039233
2 0.989769 0.984897 0.020462 0.030206