0 0.287707 0.204545 0.072294 0.045455
0 0.296313 0.343434 0.061967 0.050505
0 0.339346 0.396465 0.079180 0.045455
0 0.198200 0.378788 0.058524 0.045455
0 0.206806 0.330808 0.075737 0.045455
0 0.110414 0.553030 0.068852 0.035354
0 0.082873 0.589646 0.055081 0.042929
0 0.089758 0.823232 0.089507 0.050505
0 0.385821 0.849747 0.089507 0.053030
0 0.525246 0.895202 0.065409 0.042929
0 0.687047 0.758838 0.099835 0.063131
0 0.808143 0.941771 0.072902 0.056447
0 0.553999 0.805110 0.074927 0.041592
0 0.275555 0.530798 0.068852 0.044563
0 0.332256 0.500347 0.060752 0.031194
0 0.367695 0.529313 0.078977 0.035651
0 0.396045 0.435730 0.062777 0.035651
0 0.449709 0.429045 0.052651 0.040107
0 0.654239 0.445385 0.064802 0.051990
1 0.330231 0.066102 0.145804 0.084670
1 0.471985 0.075015 0.113403 0.108437
1 0.152026 0.157457 0.267307 0.160428
1 0.388958 0.239156 0.109353 0.086156
1 0.824344 0.288176 0.097203 0.065359
1 0.969886 0.280749 0.060228 0.062389
1 0.860533 0.165627 0.278934 0.310458
1 0.176327 0.899436 0.226806 0.138146
1 0.165189 0.692216 0.095177 0.059418
1 0.486160 0.866162 0.311858 0.267676