2 0.073526 0.094123 0.080103 0.134680
2 0.103565 0.024487 0.085443 0.048974
2 0.172653 0.018365 0.048729 0.036730
2 0.282461 0.114402 0.072092 0.110958
2 0.274784 0.019896 0.035379 0.039792
2 0.086209 0.191052 0.097458 0.076013
1 0.180664 0.072314 0.148857 0.115549
2 0.229059 0.173324 0.094788 0.077288
2 0.175991 0.224977 0.098126 0.076523
2 0.260766 0.227273 0.072760 0.071931
2 0.212037 0.293337 0.126162 0.078053
2 0.113244 0.317442 0.064750 0.141567
2 0.171318 0.437583 0.131502 0.192072
2 0.200355 0.904372 0.117484 0.101775
1 0.239294 0.733599 0.140180 0.099480
1 0.187228 0.973421 0.148190 0.053158
1 0.831164 0.735894 0.145520 0.163759
2 0.787107 0.458499 0.142850 0.181359
2 0.456016 0.306601 0.118819 0.114784
2 0.552140 0.264896 0.080103 0.136976
2 0.615888 0.314254 0.102131 0.097949
2 0.680304 0.218218 0.076097 0.175237
2 0.618224 0.090297 0.086778 0.180594
1 0.589855 0.186333 0.091450 0.117080
1 0.374134 0.077671 0.124159 0.101775
1 0.436547 0.158020 0.171553 0.130854