1 0.094167 0.230808 0.032797 0.041414
1 0.124870 0.193939 0.048148 0.068687
1 0.122079 0.235354 0.035588 0.064646
1 0.117892 0.300000 0.060709 0.042424
1 0.034854 0.381313 0.018841 0.033333
1 0.099749 0.359596 0.048148 0.040404
1 0.117543 0.399495 0.039077 0.021212
1 0.119637 0.406566 0.029308 0.043434
1 0.128010 0.368687 0.034890 0.038384
1 0.185230 0.346465 0.032099 0.058586
1 0.165692 0.384848 0.025121 0.052525
1 0.151038 0.430808 0.039077 0.039394
1 0.098005 0.469697 0.033494 0.040404
1 0.102541 0.515152 0.035588 0.044444
1 0.215933 0.426263 0.029308 0.036364
1 0.194301 0.381818 0.041868 0.062626
1 0.216631 0.314141 0.025121 0.046465
1 0.145455 0.497475 0.039077 0.059596
1 0.125917 0.468687 0.039077 0.048485
1 0.026324 0.535859 0.052648 0.041414
1 0.068697 0.434343 0.050242 0.064646
1 0.056835 0.434343 0.026516 0.036364
1 0.035203 0.425253 0.027912 0.030303
1 0.010624 0.418687 0.021247 0.079798
1 0.014618 0.470707 0.025819 0.028283
1 0.020742 0.421212 0.041483 0.143434
1 0.324790 0.304040 0.020934 0.050505
1 0.337350 0.291919 0.037681 0.054545
1 0.248381 0.290909 0.031401 0.052525
1 0.264081 0.308081 0.040472 0.074747
1 0.295831 0.351010 0.039775 0.037374
1 0.234425 0.365657 0.041170 0.076768
1 0.292342 0.295960 0.043961 0.084848
1 0.269664 0.130303 0.053033 0.058586
1 0.281526 0.105051 0.034890 0.056566
1 0.251870 0.039394 0.025819 0.058586
1 0.286062 0.012626 0.045357 0.025252
1 0.281177 0.032323 0.041170 0.064646
1 0.316765 0.020202 0.050939 0.040404
1 0.359331 0.031818 0.042566 0.063636
1 0.330023 0.054545 0.031401 0.044444
1 0.334210 0.069192 0.031401 0.051515
1 0.355493 0.083838 0.044659 0.062626
1 0.387243 0.032323 0.035588 0.040404
1 0.416201 0.031313 0.061406 0.062626
1 0.425273 0.077778 0.040472 0.050505
1 0.398756 0.095960 0.040472 0.056566
1 0.521104 0.080303 0.051637 0.061616
1 0.555994 0.061111 0.033494 0.045455
1 0.551458 0.062626 0.043961 0.076768
1 0.588093 0.109091 0.032099 0.044444
1 0.594373 0.070707 0.041868 0.044444
1 0.607282 0.041919 0.042566 0.051515
1 0.629612 0.029798 0.032797 0.037374
1 0.611818 0.016667 0.023725 0.033333
1 0.628216 0.002525 0.039775 0.005050
1 0.656128 0.015657 0.035588 0.031313
1 0.686133 0.026263 0.038379 0.052525
1 0.677760 0.054040 0.027214 0.029293
1 0.657524 0.061616 0.046753 0.054545
1 0.710208 0.065657 0.033494 0.052525
1 0.694507 0.088889 0.035588 0.056566
1 0.674620 0.100000 0.048846 0.080808
1 0.624727 0.110606 0.034192 0.053535
1 0.707416 0.179798 0.061406 0.052525
1 0.901637 0.035354 0.046055 0.070707
1 0.937574 0.013131 0.052335 0.026262
1 0.979791 0.309091 0.039077 0.050505
1 0.989198 0.376768 0.021604 0.066667
1 0.896404 0.325253 0.046753 0.068687
1 0.644498 0.217172 0.056522 0.090909
1 0.656361 0.278114 0.053731 0.044444
1 0.591349 0.295286 0.032099 0.046465
1 0.641242 0.325084 0.080247 0.100000
1 0.657291 0.381650 0.059313 0.073737
1 0.608096 0.376599 0.051637 0.053535
1 0.639497 0.404882 0.041868 0.063636
1 0.623448 0.439226 0.043264 0.065657
1 0.617865 0.506902 0.062802 0.075758
1 0.587162 0.536700 0.057220 0.086869
1 0.586116 0.549327 0.034192 0.045455
1 0.630426 0.595286 0.037681 0.044444
1 0.602863 0.575589 0.053731 0.063636
1 0.601816 0.622559 0.036286 0.054545
1 0.628332 0.637710 0.034890 0.042424
1 0.653104 0.576599 0.036983 0.045455
1 0.664269 0.476599 0.049544 0.071717
1 0.698112 0.512458 0.053033 0.064646
1 0.682412 0.536700 0.063500 0.082828
1 0.712766 0.463973 0.040472 0.068687
1 0.712068 0.463973 0.078154 0.080808
1 0.753936 0.527609 0.050242 0.076768
1 0.750098 0.546801 0.057917 0.080808
1 0.747656 0.585690 0.046055 0.053535
1 0.766497 0.485185 0.051637 0.054545
1 0.783942 0.460438 0.086527 0.104040
1 0.809062 0.436195 0.048846 0.077778
1 0.837672 0.435185 0.025121 0.047475
1 0.857559 0.527104 0.046753 0.059596
1 0.838370 0.519529 0.046055 0.054545
1 0.846395 0.569024 0.070478 0.048485
1 0.886867 0.494781 0.038379 0.059596
1 0.873260 0.482660 0.029308 0.035354
1 0.897334 0.546296 0.043961 0.053535
1 0.885471 0.535690 0.043961 0.042424
1 0.902335 0.437205 0.050242 0.081818
1 0.845115 0.652862 0.058615 0.078788
1 0.889077 0.661448 0.037681 0.065657
1 0.878261 0.740741 0.046753 0.048485
1 0.929549 0.690741 0.041868 0.071717
1 0.918733 0.724579 0.052335 0.076768
1 0.954321 0.691751 0.059313 0.108081
1 0.949785 0.755892 0.041868 0.056566
1 0.890472 0.784680 0.047450 0.063636
1 0.912453 0.851852 0.034192 0.048485
1 0.873027 0.842761 0.036286 0.062626
1 0.944552 0.822054 0.049544 0.055556
1 0.976302 0.801852 0.046055 0.061616
1 0.934085 0.845791 0.045357 0.064646
1 0.959903 0.883165 0.041170 0.052525
1 0.983615 0.887205 0.032770 0.042424
1 0.988151 0.836700 0.023698 0.058586
1 0.798363 0.767508 0.040472 0.077778
1 0.742539 0.752357 0.029308 0.053535
1 0.882099 0.970370 0.061406 0.059259
1 0.786849 0.958923 0.056522 0.052525
1 0.742190 0.969360 0.059313 0.061279
1 0.635310 0.959933 0.039077 0.022222
1 0.641940 0.990572 0.076060 0.018855
1 0.590302 0.986027 0.027214 0.027946
1 0.569717 0.987205 0.029308 0.024242
1 0.548434 0.725084 0.063500 0.069697
1 0.584371 0.724074 0.051637 0.079798
1 0.571113 0.795791 0.030703 0.047475
1 0.538316 0.805892 0.032099 0.057576
1 0.507962 0.812458 0.045357 0.066667
1 0.540759 0.841246 0.027214 0.041414
1 0.571811 0.840741 0.040472 0.052525
1 0.563902 0.825589 0.029308 0.046465
1 0.539479 0.890236 0.030703 0.044444
1 0.492378 0.925084 0.038379 0.039394
1 0.380032 0.835185 0.043961 0.047475
1 0.340607 0.830135 0.029308 0.039394
1 0.352120 0.899832 0.035588 0.059596
1 0.379334 0.870539 0.031401 0.043434
1 0.397128 0.876599 0.039077 0.069697
1 0.418411 0.904882 0.042566 0.045455
1 0.432018 0.926094 0.047450 0.097980
1 0.475631 0.953872 0.038379 0.050505
1 0.414667 0.967051 0.058316 0.038961
1 0.410928 0.982443 0.034890 0.035113
1 0.434354 0.980760 0.038877 0.031746
1 0.217040 0.712001 0.041868 0.044012
1 0.194860 0.944324 0.049344 0.065657
1 0.124831 0.920154 0.037881 0.031746
1 0.121092 0.872896 0.052335 0.054113
1 0.133304 0.732564 0.018940 0.034632
1 0.137790 0.759981 0.047849 0.047619
1 0.113118 0.795334 0.026417 0.053391
1 0.102651 0.751684 0.032398 0.054113
1 0.072246 0.826359 0.041370 0.056277
1 0.033369 0.638648 0.035388 0.031025
1 0.015563 0.588143 0.031126 0.035354
1 0.039599 0.686027 0.048846 0.044012
1 0.082713 0.721381 0.035388 0.055556
1 0.092682 0.749158 0.038379 0.062049
1 0.048820 0.749158 0.032398 0.044733
1 0.061032 0.741222 0.037881 0.054834
1 0.020161 0.818062 0.027912 0.052670
1 0.015924 0.749880 0.021432 0.041847
1 0.043338 0.778379 0.044360 0.039683
1 0.055300 0.784873 0.049344 0.087302
1 0.096171 0.815777 0.043363 0.093795
1 0.447480 0.710438 0.021931 0.040404
1 0.405113 0.703944 0.026915 0.024531
1 0.398883 0.695286 0.032398 0.050505
1 0.382933 0.667148 0.031401 0.049062
1 0.432366 0.692221 0.039199 0.056635
1 0.414334 0.668230 0.027414 0.048341
1 0.412091 0.622896 0.038877 0.030303
1 0.358510 0.538119 0.030404 0.061328
1 0.376454 0.411015 0.024423 0.033189
1 0.412341 0.417869 0.028410 0.041126
1 0.427044 0.420394 0.029906 0.056277
1 0.417076 0.432299 0.041868 0.062771
1 0.433524 0.464045 0.033893 0.052670
1 0.421063 0.482083 0.027912 0.052670
1 0.406858 0.477393 0.030404 0.036075
1 0.401126 0.513107 0.064796 0.051227
1 0.434770 0.511304 0.049344 0.046176
1 0.460688 0.503367 0.029407 0.056277
1 0.394651 0.547570 0.033548 0.022015
1 0.406952 0.579945 0.023260 0.027195
1 0.387047 0.601312 0.039810 0.028490
1 0.397559 0.566455 0.030417 0.026548
1 0.419477 0.572283 0.033995 0.047268
1 0.435580 0.586528 0.038468 0.038203
1 0.452354 0.592355 0.023707 0.021368
1 0.457945 0.575520 0.028628 0.022663
1 0.456156 0.558685 0.030417 0.026548
1 0.400690 0.650630 0.039363 0.038203
0 0.458616 0.450121 0.011183 0.016188