2 0.732046 0.209836 0.091739 0.111475
2 0.817489 0.681148 0.104331 0.100000
2 0.928115 0.763934 0.142105 0.121311
2 0.419953 0.395902 0.143904 0.100000
2 0.263457 0.281967 0.125916 0.095082
2 0.602532 0.504918 0.152898 0.127869
2 0.672685 0.560656 0.145703 0.101639
1 0.095269 0.131967 0.124117 0.175410
1 0.205896 0.166393 0.133111 0.175410
1 0.815690 0.371311 0.147502 0.096721
1 0.814790 0.458197 0.113325 0.093443
1 0.678981 0.350000 0.154697 0.145902
1 0.656496 0.410656 0.170886 0.162295
1 0.391172 0.473770 0.165490 0.114754
1 0.374084 0.733607 0.131313 0.086885
1 0.534177 0.910656 0.152898 0.149180
1 0.614224 0.853279 0.169087 0.129508
1 0.830980 0.547541 0.138508 0.101639
1 0.267954 0.415574 0.167289 0.149180