0 0.414757 0.897004 0.037618 0.027195
1 0.138282 0.143849 0.054778 0.058622
1 0.260341 0.010823 0.041679 0.021645
1 0.269273 0.029311 0.059541 0.035173
1 0.387165 0.005411 0.038106 0.010822
1 0.378829 0.027958 0.026198 0.034271
1 0.353200 0.084499 0.037618 0.026548
1 0.339521 0.066693 0.044458 0.032375
1 0.363460 0.058275 0.047877 0.036260
1 0.388253 0.073491 0.042748 0.039498
1 0.416894 0.095183 0.036763 0.040145
1 0.415612 0.034965 0.032488 0.025900
1 0.444680 0.044030 0.039328 0.040145
1 0.432711 0.016511 0.032488 0.022663
1 0.491702 0.052771 0.041038 0.038203
1 0.472038 0.078024 0.046167 0.035613
1 0.506094 0.071873 0.048732 0.032375
1 0.534307 0.048239 0.047022 0.044678
1 0.550552 0.018454 0.040183 0.031728
1 0.573208 0.037879 0.034198 0.035613
1 0.573208 0.060541 0.020519 0.030433
1 0.586032 0.084823 0.039328 0.031080
1 0.515499 0.155616 0.067541 0.050505
1 0.614246 0.174394 0.041038 0.044030
1 0.547987 0.180545 0.064121 0.038203
1 0.544994 0.223280 0.046167 0.031728
1 0.569361 0.199322 0.052152 0.035613
1 0.592017 0.213891 0.063266 0.034965
1 0.581330 0.233640 0.050442 0.027843
1 0.612536 0.330225 0.044458 0.028490
1 0.652718 0.343175 0.044458 0.051800
1 0.565941 0.469762 0.055572 0.047268
1 0.769277 0.692394 0.068396 0.046620
1 0.707720 0.734482 0.058137 0.040145
1 0.762437 0.728330 0.058137 0.031728
1 0.782956 0.811210 0.064976 0.039498
1 0.752178 0.937797 0.044458 0.022015
1 0.770559 0.957222 0.033343 0.022015
1 0.801765 0.930674 0.047877 0.025900
1 0.897520 0.931969 0.061557 0.038850
1 0.950099 0.907688 0.040183 0.025253
1 0.679079 0.815743 0.055572 0.036908
1 0.629920 0.797937 0.066686 0.037555
1 0.551834 0.823405 0.046167 0.041440
1 0.113528 0.752612 0.049587 0.029785
1 0.093865 0.713762 0.061557 0.040145
1 0.132337 0.697898 0.056427 0.034318
1 0.163116 0.592571 0.049587 0.034318
1 0.166535 0.526634 0.053007 0.046620
1 0.193894 0.510770 0.042748 0.040793
1 0.245619 0.527281 0.040183 0.024605
1 0.209711 0.542066 0.031633 0.030433
1 0.182352 0.567966 0.057282 0.034318
1 0.228520 0.577355 0.040183 0.028490
1 0.242199 0.553073 0.040183 0.029138
1 0.222107 0.613723 0.058137 0.026548
1 0.216123 0.662825 0.046167 0.032375
1 0.160551 0.761029 0.035908 0.047915
1 0.220825 0.701135 0.052152 0.025253
1 0.243481 0.745489 0.039328 0.023310
1 0.255878 0.722179 0.055572 0.031080
1 0.249893 0.777864 0.041893 0.038850
1 0.274544 0.804627 0.032488 0.038850
1 0.289079 0.780346 0.025649 0.030433
1 0.306178 0.822434 0.035908 0.027843
1 0.286514 0.859665 0.042748 0.027195
1 0.313445 0.877148 0.045312 0.028490
1 0.332254 0.851248 0.038473 0.027195
1 0.348498 0.829556 0.031633 0.029138
1 0.348498 0.869378 0.031633 0.029785
1 0.373719 0.886968 0.039328 0.031728
1 0.382268 0.924199 0.047877 0.033670
1 0.450380 0.914487 0.041038 0.032375
1 0.474318 0.883407 0.039328 0.020720
1 0.497402 0.849089 0.058137 0.020720
1 0.403357 0.861715 0.041038 0.030433
1 0.384548 0.838082 0.025649 0.032375
1 0.432426 0.839377 0.032488 0.019425
1 0.446960 0.866572 0.042748 0.027195
1 0.466624 0.839377 0.051297 0.034965
1 0.499397 0.810239 0.041038 0.036260
1 0.455794 0.813153 0.037618 0.021368
1 0.392955 0.813800 0.029923 0.026548
1 0.329689 0.775274 0.029923 0.028490
1 0.288651 0.745813 0.035053 0.025253
1 0.297201 0.721532 0.035053 0.022015
1 0.268987 0.694337 0.026504 0.022015
1 0.299766 0.690128 0.026504 0.029138
1 0.332681 0.713114 0.027358 0.025900
1 0.370727 0.720560 0.048732 0.022663
1 0.416039 0.705344 0.048732 0.028490
1 0.413047 0.751964 0.030778 0.028490
1 0.445107 0.778835 0.029923 0.021368
1 0.326269 0.745813 0.053862 0.026548
1 0.352773 0.795023 0.029923 0.026548
1 0.402360 0.774950 0.026504 0.023958
1 0.440405 0.746137 0.030778 0.027195
1 0.495122 0.757792 0.044458 0.024605
1 0.542145 0.738367 0.029068 0.029785
1 0.555396 0.695308 0.029923 0.031728
1 0.591732 0.677502 0.034198 0.034965
1 0.578480 0.707934 0.045312 0.033670
1 0.514786 0.696927 0.042748 0.028490
1 0.467336 0.703078 0.053862 0.038203
1 0.570785 0.652897 0.052152 0.027195
1 0.586602 0.612104 0.046167 0.036260
1 0.541717 0.617284 0.058992 0.024605
1 0.541290 0.595916 0.030778 0.019425
1 0.524618 0.659372 0.036763 0.037555
1 0.501107 0.632824 0.032488 0.031080
1 0.474603 0.615989 0.044458 0.032375
1 0.456649 0.642860 0.042748 0.023958
1 0.482725 0.672322 0.055572 0.032375
1 0.263003 0.626996 0.045312 0.045325
1 0.301475 0.607571 0.036763 0.042735
1 0.293353 0.560304 0.037618 0.028490
1 0.329689 0.545411 0.041893 0.024605
1 0.328406 0.491669 0.041038 0.036260
1 0.301903 0.491021 0.027358 0.034965
1 0.265140 0.485841 0.025649 0.024605
1 0.274544 0.511418 0.042748 0.027843
1 0.300621 0.533433 0.043603 0.027843
1 0.347215 0.511418 0.059847 0.035613
1 0.371154 0.465445 0.053007 0.039498
1 0.387398 0.502676 0.034198 0.029785
1 0.471611 0.459941 0.017954 0.037555
1 0.439123 0.467064 0.052152 0.049210
1 0.478878 0.499763 0.025649 0.026548
1 0.484863 0.477100 0.041038 0.014893
1 0.532313 0.513360 0.041893 0.029138
1 0.492130 0.526310 0.041893 0.027843
1 0.517778 0.543793 0.048732 0.027843
1 0.525900 0.566455 0.020519 0.026548
1 0.473748 0.551886 0.042748 0.024605
1 0.447672 0.544764 0.035053 0.031080
1 0.430573 0.506885 0.045312 0.022663
1 0.401077 0.551886 0.041038 0.037555
1 0.419459 0.592571 0.041893 0.014893
1 0.365597 0.577679 0.033343 0.027843
1 0.341231 0.564081 0.037618 0.018778
1 0.316010 0.575089 0.036763 0.029138
1 0.342941 0.602931 0.042748 0.025253
1 0.353628 0.631421 0.041893 0.023958
1 0.349353 0.679984 0.043603 0.027843
1 0.386116 0.668005 0.035053 0.027195
1 0.425444 0.664767 0.033343 0.020720
1 0.417322 0.625594 0.049587 0.029138
1 0.299338 0.656350 0.035908 0.032375
1 0.499206 0.724474 0.031541 0.018428
1 0.476677 0.576713 0.036948 0.025935
1 0.514977 0.599918 0.023430 0.025935
1 0.382969 0.611155 0.033343 0.027911
1 0.366167 0.764698 0.028213 0.019425