2 0.143704 0.162879 0.190161 0.234848
2 0.464217 0.224747 0.131886 0.151515
2 0.657445 0.174242 0.205496 0.176768
2 0.593036 0.299242 0.174825 0.164141
2 0.280191 0.368687 0.297510 0.111111
2 0.162107 0.541667 0.208563 0.123737
2 0.269456 0.756313 0.220832 0.154040
2 0.073386 0.786616 0.146771 0.118687
2 0.438147 0.830808 0.147221 0.181818
2 0.586901 0.609848 0.168691 0.138889
2 0.764794 0.636364 0.205496 0.176768
2 0.890545 0.757576 0.156423 0.131313
2 0.524026 0.696970 0.177892 0.131313
2 0.333865 0.928030 0.294442 0.143939
2 0.211181 0.972222 0.269906 0.055556
2 0.134503 0.892677 0.165624 0.159091
2 0.430479 0.483586 0.156423 0.164141
2 0.744857 0.030303 0.147221 0.055556
2 0.790864 0.122475 0.141087 0.143939
2 0.899746 0.063131 0.193228 0.126262
2 0.964442 0.372475 0.071116 0.234848
2 0.892079 0.537879 0.171758 0.207071
2 0.798532 0.310606 0.272973 0.242424
1 0.603770 0.462121 0.282174 0.207071
1 0.393674 0.520202 0.291375 0.151515
2 0.148305 0.675505 0.285241 0.169192
1 0.645176 0.806818 0.279107 0.239899
1 0.784730 0.906566 0.398724 0.176768
2 0.352268 0.315657 0.122684 0.121212
1 0.293992 0.199495 0.202429 0.207071