2 0.195934 0.521465 0.082849 0.108586
2 0.593780 0.434343 0.084575 0.116162
2 0.516972 0.430556 0.058684 0.073232
2 0.329700 0.554293 0.115643 0.063131
2 0.430672 0.636364 0.055232 0.080808
1 0.043597 0.049242 0.087194 0.088384
1 0.143290 0.037879 0.091479 0.075758
1 0.206290 0.358586 0.117369 0.121212
1 0.198523 0.651515 0.105287 0.131313
1 0.090647 0.917929 0.096657 0.118687
1 0.131208 0.883838 0.098383 0.141414
1 0.317618 0.761364 0.143259 0.108586
1 0.497123 0.794192 0.091479 0.103535
1 0.584287 0.797980 0.093205 0.121212
1 0.347823 0.661616 0.082849 0.080808
1 0.261522 0.593434 0.055232 0.080808
1 0.344371 0.377525 0.117369 0.143939
1 0.331426 0.486111 0.060411 0.118687
1 0.424631 0.458333 0.091479 0.118687
1 0.516972 0.575758 0.075945 0.111111
1 0.611040 0.657828 0.074219 0.093434
2 0.682670 0.627525 0.082849 0.083333
2 0.769834 0.722222 0.050054 0.070707
1 0.544589 0.090909 0.096657 0.151515
1 0.392699 0.184343 0.110465 0.151515
1 0.333152 0.285354 0.105287 0.095960
1 0.432398 0.324495 0.086301 0.093434
1 0.510931 0.263889 0.074219 0.093434
1 0.581698 0.266414 0.077671 0.108586
1 0.756888 0.220960 0.113917 0.093434
1 0.723231 0.318182 0.056958 0.080808
1 0.634341 0.338384 0.062137 0.080808
1 0.680081 0.417929 0.056958 0.098485
1 0.611903 0.542929 0.079397 0.075758
1 0.699930 0.540404 0.062137 0.080808
1 0.760843 0.500842 0.074155 0.107557
1 0.790249 0.444257 0.093333 0.115975
1 0.765637 0.637704 0.035160 0.101945
1 0.754770 0.751341 0.095250 0.106622
1 0.960436 0.661554 0.079128 0.130939
1 0.960756 0.518924 0.078488 0.120651
1 0.937813 0.368344 0.068401 0.122522
1 0.880599 0.393596 0.092054 0.115039
1 0.801330 0.341221 0.080547 0.090722
1 0.854069 0.264060 0.068401 0.099140
1 0.981851 0.213244 0.036297 0.168350
1 0.991440 0.371306 0.017119 0.110363
1 0.875165 0.165077 0.101643 0.070146
1 0.896261 0.070146 0.151506 0.140292
1 0.640235 0.104284 0.067762 0.137486
1 0.672838 0.240834 0.067762 0.103816
1 0.654512 0.018238 0.088219 0.036476
0 0.731484 0.823610 0.026783 0.026994
0 0.897241 0.985603 0.023807 0.028794
0 0.942772 0.986909 0.019641 0.026181
0 0.227666 0.093608 0.017855 0.025253
0 0.740588 0.161785 0.018641 0.027273