0 0.014404 0.218278 0.015030 0.022480
0 0.132766 0.258242 0.018788 0.019149
0 0.165644 0.112956 0.011899 0.026643
0 0.024737 0.368143 0.021919 0.019149
0 0.109594 0.469302 0.016283 0.018317
0 0.122745 0.487202 0.021293 0.020815
0 0.092059 0.559221 0.015030 0.021647
0 0.105524 0.662877 0.016909 0.027475
0 0.197583 0.633737 0.020666 0.022480
0 0.307490 0.467636 0.015030 0.028308
0 0.298096 0.424342 0.018788 0.023312
0 0.012525 0.878933 0.018788 0.021647
0 0.035696 0.935965 0.020040 0.032471
0 0.012838 0.979259 0.021919 0.025810
0 0.116170 0.963857 0.024424 0.024978
0 0.177543 0.976762 0.024424 0.020815
0 0.336298 0.860616 0.022545 0.021647
0 0.373560 0.805249 0.016909 0.024145
0 0.388277 0.677864 0.018788 0.022480
0 0.436498 0.883928 0.020040 0.019982
0 0.438690 0.915150 0.016909 0.024145
0 0.497244 0.903910 0.020040 0.021647
0 0.726766 0.841883 0.019414 0.024145
0 0.833542 0.813159 0.020040 0.024978
0 0.852643 0.846046 0.019414 0.017484
0 0.914016 0.790679 0.020666 0.026643
0 0.941258 0.790263 0.012525 0.029140
0 0.945641 0.741140 0.016283 0.022480
0 0.950651 0.634153 0.012525 0.021647
0 0.981025 0.558388 0.016909 0.026643
2 0.980398 0.343165 0.021919 0.034136
0 0.960045 0.313192 0.016283 0.019149
0 0.910571 0.326930 0.016283 0.023312
0 0.918399 0.524668 0.011899 0.019149
0 0.919652 0.542569 0.016909 0.019982
0 0.744301 0.409356 0.011899 0.018317
0 0.721756 0.398116 0.015656 0.022480
0 0.702029 0.399365 0.016283 0.021647
0 0.633454 0.429754 0.018161 0.015819
0 0.628758 0.388957 0.016283 0.019149
0 0.625626 0.332342 0.015030 0.022480
0 0.651303 0.270314 0.013778 0.019982
0 0.777806 0.296540 0.015030 0.017484
0 0.720504 0.305699 0.016909 0.015819
0 0.761836 0.145843 0.016909 0.019149
0 0.759957 0.034276 0.014404 0.019149
0 0.769351 0.018041 0.014404 0.018317
0 0.572708 0.029281 0.014404 0.020815
0 0.592748 0.061752 0.016909 0.022480
0 0.549850 0.102548 0.016283 0.022480
0 0.571455 0.169571 0.013151 0.016652
0 0.548597 0.250748 0.015030 0.020815
0 0.572708 0.267400 0.015656 0.020815
0 0.429609 0.030114 0.013778 0.024145
0 0.469689 0.167074 0.016283 0.019982
0 0.550476 0.367726 0.013778 0.018317
0 0.511648 0.437247 0.016283 0.017484
0 0.458104 0.346079 0.014404 0.019982
0 0.426791 0.345663 0.014404 0.020815
0 0.440569 0.568379 0.014404 0.021647
0 0.347570 0.050928 0.015030 0.019149
0 0.308116 0.043435 0.015030 0.019149
0 0.331288 0.087562 0.015030 0.024145
0 0.358843 0.131272 0.015030 0.023312
0 0.273359 0.325265 0.016909 0.024978
0 0.540366 0.749010 0.018609 0.021885
0 0.590467 0.673840 0.018609 0.021885
0 0.675279 0.721416 0.019324 0.021885
0 0.837389 0.610088 0.015746 0.023788
0 0.817707 0.608661 0.010736 0.019030
0 0.798740 0.547763 0.011451 0.017127