1 0.038572 0.021645 0.032714 0.043290
1 0.022215 0.068543 0.038903 0.060125
1 0.097368 0.048100 0.038903 0.052910
1 0.064212 0.080568 0.032714 0.036075
1 0.106210 0.122655 0.044207 0.038480
1 0.130082 0.163540 0.038903 0.045695
1 0.190646 0.040284 0.043323 0.068543
1 0.220265 0.076359 0.058354 0.058923
1 0.225128 0.116643 0.038018 0.057720
1 0.354361 0.057720 0.037134 0.038480
1 0.338888 0.032468 0.046860 0.064935
1 0.509374 0.016292 0.026353 0.032584
1 0.522551 0.029733 0.032343 0.031769
1 0.657312 0.014663 0.053905 0.029326
1 0.663002 0.010182 0.024557 0.020364
1 0.660607 0.031769 0.037733 0.032584
1 0.693249 0.012219 0.037134 0.024438
1 0.716907 0.010182 0.035337 0.020364
1 0.750448 0.019143 0.043723 0.036657
1 0.763924 0.010182 0.044322 0.020364
1 0.716308 0.058651 0.034140 0.042359
1 0.702233 0.052134 0.043124 0.058651
1 0.716009 0.096937 0.029947 0.050505
2 0.681570 0.124226 0.034140 0.046432
1 0.817529 0.215461 0.032942 0.046432
1 0.806449 0.189801 0.038332 0.057022
1 0.879419 0.037879 0.030546 0.065982
1 0.854863 0.083089 0.030546 0.040730
1 0.866542 0.096937 0.038332 0.043988
1 0.896489 0.092050 0.051509 0.063539
1 0.926436 0.106305 0.037134 0.054578
1 0.879719 0.137667 0.039530 0.043988
1 0.879719 0.150293 0.049113 0.072499
1 0.903077 0.155588 0.043124 0.060280
1 0.945602 0.186136 0.035936 0.052949
1 0.914158 0.170658 0.043723 0.052949
1 0.906372 0.229309 0.032942 0.057836
1 0.930928 0.217905 0.038931 0.044803
1 0.951891 0.252525 0.030546 0.058651
1 0.907270 0.294477 0.041926 0.046432
1 0.861751 0.319730 0.029947 0.052949
1 0.885708 0.384490 0.019166 0.047247
1 0.901281 0.392636 0.025155 0.058651
1 0.898885 0.423183 0.032343 0.028511
1 0.922843 0.406077 0.034739 0.043174
1 0.953089 0.397931 0.035337 0.051320
1 0.981838 0.417074 0.022161 0.035842
1 0.985079 0.366569 0.029841 0.063539
1 0.935121 0.465543 0.036535 0.052949
1 0.945003 0.432959 0.029947 0.044803
1 0.959677 0.458211 0.031744 0.051320
1 0.982684 0.498126 0.034632 0.069241
1 0.956982 0.566010 0.023958 0.043174
1 0.973752 0.586239 0.038332 0.036385
1 0.906971 0.551754 0.032942 0.052134
1 0.923441 0.565602 0.037134 0.065168
1 0.945902 0.607826 0.020963 0.074671
1 0.953688 0.731916 0.040129 0.057836
1 0.960875 0.664712 0.041327 0.042359
1 0.981239 0.643532 0.030546 0.053763
1 0.972255 0.780792 0.025754 0.056207
1 0.967464 0.823965 0.035337 0.052949
1 0.988972 0.869176 0.022055 0.066797
1 0.941110 0.869583 0.043723 0.051320
1 0.940212 0.921717 0.032343 0.049690
1 0.943206 0.970023 0.056300 0.059954
1 0.885109 0.990143 0.035936 0.017107
1 0.904874 0.971815 0.041926 0.037471
1 0.862050 0.679646 0.042525 0.045617
1 0.829108 0.704491 0.028150 0.052949
1 0.791974 0.678831 0.040129 0.042359
1 0.752444 0.716710 0.042525 0.056207
1 0.808146 0.787580 0.036535 0.065982
1 0.837194 0.897279 0.044322 0.039915
1 0.806049 0.907054 0.027551 0.039915
1 0.787782 0.870398 0.037733 0.059466
1 0.743759 0.858179 0.050311 0.048061
1 0.700336 0.913978 0.044920 0.052134
1 0.689555 0.954301 0.046118 0.043174
1 0.715609 0.982812 0.037134 0.033399
1 0.769514 0.983464 0.040728 0.033072
1 0.635950 0.987129 0.045519 0.025741
1 0.653020 0.793825 0.048514 0.059466
1 0.703032 0.739655 0.022760 0.060280
1 0.598716 0.755947 0.043723 0.065168
1 0.630161 0.689557 0.043124 0.048061
1 0.558587 0.916422 0.037733 0.042359
1 0.594224 0.944933 0.027551 0.032584
1 0.484019 0.843516 0.041926 0.048061
1 0.485517 0.712366 0.030546 0.028511
1 0.501089 0.749837 0.036535 0.043174
1 0.504683 0.799120 0.037733 0.034213
1 0.519357 0.959596 0.028749 0.048876
1 0.537025 0.981183 0.034140 0.036657
1 0.451377 0.900538 0.059295 0.052949
1 0.461858 0.950635 0.038332 0.063539
1 0.488212 0.966520 0.033541 0.059466
1 0.455570 0.987944 0.041327 0.024112
1 0.429815 0.945341 0.046118 0.043174
1 0.393879 0.928234 0.036535 0.043174
1 0.379205 0.975073 0.031145 0.037471
1 0.394777 0.963669 0.035936 0.043988
1 0.414243 0.987129 0.025754 0.025741
1 0.378606 0.991202 0.050311 0.017595
1 0.406157 0.777398 0.049113 0.060280
1 0.429815 0.829939 0.040129 0.062724
1 0.425623 0.624253 0.035337 0.053763
1 0.428018 0.673129 0.035337 0.027696
1 0.443591 0.655615 0.029348 0.033399
1 0.433708 0.700825 0.019166 0.024438
1 0.409751 0.667427 0.041926 0.032584
1 0.311524 0.793418 0.041926 0.035842
1 0.306733 0.825187 0.049113 0.037471
1 0.346263 0.847589 0.032343 0.054578
1 0.325899 0.874878 0.043124 0.032584
1 0.363033 0.866325 0.039530 0.057836
1 0.390884 0.860215 0.030546 0.039101
1 0.287267 0.931085 0.067680 0.070055
1 0.313321 0.903796 0.033541 0.038286
1 0.307931 0.971815 0.050311 0.053763
1 0.191137 0.967335 0.040728 0.031769
1 0.542715 0.585696 0.039530 0.047247
1 0.477730 0.571848 0.041327 0.029326
1 0.339478 0.735730 0.034482 0.044493
1 0.273609 0.546336 0.028293 0.064935
1 0.277587 0.577000 0.023872 0.042088
1 0.402364 0.562480 0.026353 0.070870
1 0.295153 0.590176 0.032343 0.044803
1 0.332587 0.608504 0.052108 0.060280
1 0.339175 0.664712 0.046118 0.052134
1 0.355047 0.682633 0.039530 0.055393
1 0.379903 0.689557 0.036535 0.044803
1 0.538523 0.427664 0.028749 0.071685
1 0.495100 0.455767 0.034140 0.056207
1 0.476832 0.494461 0.041926 0.052134
1 0.466949 0.527452 0.046118 0.044803
1 0.494201 0.526230 0.038332 0.045617
1 0.515464 0.521342 0.061691 0.045617
1 0.518159 0.485907 0.031145 0.061095
1 0.632257 0.622353 0.032942 0.052134
1 0.639444 0.637830 0.043723 0.053763
1 0.662803 0.615836 0.029348 0.042359
1 0.644236 0.485093 0.032942 0.039915
1 0.638246 0.551483 0.052108 0.050505
1 0.652022 0.523379 0.042525 0.051320
1 0.673883 0.558407 0.038332 0.044803
1 0.701734 0.553926 0.037733 0.042359
1 0.689156 0.603617 0.034140 0.043988
1 0.706825 0.624389 0.041926 0.035028
1 0.731681 0.601988 0.042525 0.063539
1 0.721798 0.546595 0.035936 0.030955
1 0.735274 0.492832 0.031744 0.037471
1 0.774206 0.460655 0.047316 0.044803
1 0.790976 0.515233 0.025754 0.044803
1 0.759232 0.530303 0.037733 0.037471
1 0.764024 0.557999 0.070076 0.042359
1 0.779596 0.604839 0.043723 0.035028
1 0.813137 0.579586 0.038931 0.036657
1 0.811639 0.597507 0.046717 0.039915
1 0.799661 0.621538 0.043124 0.050505
1 0.874927 0.555556 0.027551 0.039101
1 0.887206 0.535191 0.046118 0.034213
1 0.838093 0.513604 0.032942 0.044803
1 0.799161 0.432551 0.048514 0.034213
1 0.838991 0.392636 0.063488 0.071685
1 0.850071 0.382046 0.034140 0.070055
1 0.882714 0.447078 0.052707 0.036657
1 0.843183 0.429564 0.038332 0.047247
1 0.874029 0.486994 0.042525 0.046432
1 0.748184 0.366826 0.067428 0.058480
1 0.741832 0.293727 0.050815 0.050505
1 0.665609 0.341795 0.050815 0.051834
1 0.618214 0.313220 0.032248 0.039872
1 0.583034 0.347111 0.045929 0.043860
1 0.576682 0.384990 0.037134 0.045189
1 0.616928 0.418693 0.028882 0.041152
1 0.581857 0.487904 0.037134 0.050505
1 0.432518 0.453766 0.026819 0.043958
1 0.406042 0.423370 0.041260 0.043023
1 0.390914 0.464989 0.023381 0.028994
1 0.377504 0.469666 0.061203 0.040217
2 0.262319 0.441607 0.053638 0.047699
1 0.293379 0.398585 0.046074 0.053311
1 0.336473 0.361641 0.031862 0.056117
1 0.259683 0.315345 0.044699 0.047699
1 0.258651 0.232573 0.026132 0.037411
1 0.315041 0.244731 0.033008 0.054246
1 0.378192 0.355094 0.036447 0.043023
1 0.378192 0.294301 0.039197 0.048634
1 0.397790 0.269984 0.027507 0.044893
1 0.414295 0.316748 0.049512 0.033670
1 0.433549 0.287754 0.030258 0.054246
1 0.442489 0.346677 0.061890 0.071081
1 0.435956 0.403729 0.059827 0.076693
1 0.505755 0.321424 0.028882 0.037411
1 0.492345 0.308798 0.043323 0.051440
1 0.515382 0.375203 0.042636 0.064534
1 0.547703 0.360238 0.041260 0.066405
1 0.558706 0.248472 0.033008 0.039282
1 0.532574 0.255019 0.037134 0.044893
1 0.571084 0.143254 0.049512 0.075758
1 0.526969 0.153904 0.031113 0.055283
1 0.510660 0.185981 0.038640 0.052553
1 0.482056 0.131723 0.018567 0.036855
1 0.468758 0.113636 0.021076 0.030713
1 0.503885 0.130699 0.032116 0.047093
1 0.428362 0.120461 0.028603 0.042998
1 0.432628 0.155610 0.037134 0.042315
1 0.450944 0.172673 0.015556 0.034125
1 0.473776 0.189735 0.047171 0.069615
1 0.371406 0.182114 0.034123 0.047093
1 0.390475 0.208049 0.053192 0.070298
1 0.415817 0.238420 0.025593 0.060060
1 0.432377 0.238079 0.018567 0.023888
1 0.309181 0.150378 0.046167 0.069615
1 0.096930 0.220784 0.039455 0.053662
1 0.040455 0.242354 0.034813 0.056818
1 0.059796 0.226571 0.019341 0.042088
1 0.079911 0.261293 0.037908 0.039983
1 0.117045 0.247615 0.031719 0.046296
2 0.157661 0.262872 0.030945 0.051557
2 0.219854 0.302033 0.019056 0.031233
1 0.021723 0.333599 0.025408 0.045189
1 0.043711 0.302033 0.030294 0.064460
1 0.072294 0.292730 0.044463 0.036550
1 0.112849 0.356858 0.038600 0.046518
1 0.166596 0.358187 0.039577 0.062467
1 0.138990 0.439261 0.042998 0.041201
1 0.051284 0.454213 0.044463 0.065789
1 0.023922 0.497076 0.036646 0.045189
1 0.029429 0.471823 0.058858 0.085061
1 0.031740 0.613260 0.029805 0.041866
1 0.032961 0.658116 0.035180 0.067783
1 0.013305 0.689017 0.026609 0.047182
1 0.036137 0.701311 0.031760 0.045189
1 0.045665 0.767544 0.040066 0.057150
1 0.018679 0.785486 0.037358 0.069112
1 0.039802 0.892477 0.032248 0.046518
1 0.018679 0.871877 0.037358 0.065125
1 0.061056 0.828682 0.040555 0.049176
1 0.128973 0.833001 0.034691 0.037879
1 0.114233 0.902999 0.042020 0.049841
1 0.155276 0.859472 0.029317 0.053163
1 0.170423 0.840533 0.026385 0.056486
1 0.120341 0.967127 0.045441 0.063796
1 0.065047 0.984893 0.052770 0.030214
1 0.071154 0.732213 0.060099 0.057815
1 0.110243 0.692008 0.028828 0.039872
1 0.116351 0.729554 0.040066 0.072435
1 0.121237 0.744506 0.051793 0.043860
1 0.129787 0.772417 0.055213 0.038543
1 0.162768 0.764443 0.037134 0.038543
1 0.146156 0.722244 0.041043 0.060473
1 0.170342 0.689682 0.032737 0.072435
1 0.131009 0.629541 0.028339 0.046518
1 0.150553 0.611266 0.026385 0.037879
1 0.162036 0.594653 0.034691 0.040537
1 0.211874 0.610269 0.027851 0.054492
1 0.188420 0.672404 0.029805 0.077751
1 0.176205 0.628212 0.049350 0.049176