2 0.178471 0.072338 0.086003 0.137413
2 0.245081 0.177501 0.077572 0.084130
2 0.267847 0.267240 0.055649 0.106565
2 0.114390 0.487380 0.079258 0.092543
2 0.113547 0.630402 0.070826 0.120587
2 0.122822 0.853347 0.086003 0.112174
2 0.190275 0.877184 0.069140 0.148630
2 0.247611 0.943086 0.075885 0.100956
2 0.349635 0.913640 0.060708 0.120587
2 0.304947 0.839325 0.069140 0.117782
2 0.371557 0.787445 0.084317 0.120587
2 0.332771 0.658445 0.070826 0.137413
2 0.280495 0.734163 0.053963 0.126195
2 0.349635 0.508413 0.077572 0.117782
2 0.155705 0.234990 0.101180 0.103761
2 0.634626 0.209751 0.080944 0.114978
2 0.559584 0.050892 0.075885 0.101783
2 0.901068 0.393435 0.053963 0.112174
2 0.896009 0.532250 0.097808 0.109369
2 0.802417 0.490185 0.052277 0.092543
2 0.715571 0.385022 0.087690 0.129000
2 0.513210 0.511217 0.080944 0.145826
2 0.437324 0.718739 0.074199 0.123391
2 0.487915 0.818293 0.037099 0.081326
2 0.444913 0.797260 0.089376 0.117782
2 0.424677 0.861760 0.075885 0.100956
2 0.403597 0.212555 0.064081 0.086935
1 0.084036 0.162077 0.119730 0.243978
2 0.289769 0.025653 0.075885 0.051305
1 0.885891 0.028457 0.064081 0.056914
1 0.943226 0.031261 0.064081 0.062522
1 0.730748 0.117207 0.114671 0.227152
1 0.818437 0.187316 0.084317 0.187891
1 0.714727 0.271446 0.129848 0.092543
1 0.632097 0.410261 0.112985 0.179478
1 0.702080 0.530848 0.128162 0.168261
1 0.756043 0.592543 0.121417 0.106565
1 0.847105 0.371000 0.080944 0.179478
1 0.764474 0.386424 0.050590 0.058891
2 0.885891 0.629000 0.104553 0.145826
1 0.979202 0.706119 0.041596 0.199108
1 0.964306 0.823901 0.069140 0.143021
1 0.909500 0.804271 0.050590 0.137413
2 0.901911 0.891206 0.062395 0.092543
1 0.977515 0.961314 0.044969 0.075717
1 0.767004 0.844934 0.096121 0.179478
1 0.715571 0.881390 0.077572 0.089739
1 0.663294 0.905227 0.077572 0.086935
2 0.633783 0.755195 0.086003 0.129000
2 0.162451 0.333142 0.074199 0.103761
1 0.108488 0.392033 0.118044 0.103761
1 0.258572 0.477565 0.084317 0.084130
1 0.233277 0.347163 0.091062 0.103761
1 0.311692 0.288272 0.048904 0.075717
1 0.360596 0.382218 0.119730 0.145826
1 0.401911 0.495793 0.074199 0.103761
1 0.395166 0.211153 0.087690 0.117782
1 0.261102 0.071924 0.116358 0.143848
1 0.503092 0.170490 0.077572 0.137413
1 0.467678 0.300892 0.124789 0.162652
1 0.470208 0.393435 0.048904 0.106565
1 0.159921 0.551880 0.092749 0.120587
1 0.064643 0.697706 0.047218 0.092543
1 0.148117 0.765010 0.112985 0.204717
1 0.239179 0.623391 0.038786 0.067304
1 0.507307 0.631804 0.086003 0.106565
1 0.607645 0.631804 0.074199 0.140217
2 0.536818 0.714532 0.057336 0.081326
1 0.580663 0.856151 0.134907 0.117782
1 0.482012 0.931869 0.042159 0.078522
1 0.585722 0.971543 0.124789 0.056914
1 0.714727 0.964119 0.055649 0.058891
1 0.853850 0.718739 0.118044 0.157043
1 0.685216 0.657043 0.094435 0.123391
1 0.735807 0.732760 0.064081 0.106565