0 0.144365 0.133838 0.059938 0.090909
0 0.063876 0.599747 0.042813 0.063131
0 0.196597 0.595960 0.034251 0.045455
0 0.221429 0.575758 0.035963 0.050505
0 0.251398 0.659091 0.047951 0.045455
0 0.273661 0.558081 0.027400 0.025253
0 0.288217 0.592172 0.042813 0.037879
0 0.325037 0.489899 0.041101 0.070707
0 0.337024 0.542929 0.044526 0.055556
0 0.402100 0.647727 0.051376 0.068182
0 0.417513 0.535354 0.041101 0.040404
0 0.465464 0.467172 0.027400 0.035354
0 0.469745 0.513889 0.042813 0.047980
0 0.493721 0.560606 0.042813 0.050505
0 0.550234 0.518939 0.053088 0.058081
0 0.488583 0.392677 0.032538 0.047980
0 0.514271 0.345960 0.046238 0.045455
0 0.521121 0.273990 0.039388 0.037879
0 0.925278 0.103535 0.035963 0.075758
0 0.943259 0.202020 0.034251 0.060606
0 0.949253 0.337121 0.035963 0.063131
0 0.880752 0.560606 0.042813 0.050505
0 0.976653 0.406566 0.042813 0.065657
0 0.856777 0.678030 0.039388 0.063131
0 0.836226 0.743687 0.046238 0.053030
0 0.886746 0.785354 0.047951 0.055556
1 0.206872 0.703283 0.154127 0.275253
1 0.402100 0.603535 0.212353 0.146465
1 0.022091 0.904040 0.044182 0.101010
1 0.794269 0.544192 0.212353 0.164141
1 0.977623 0.330808 0.044753 0.141414