2 0.065185 0.078348 0.021871 0.023310
2 0.201027 0.047268 0.021385 0.031080
2 0.212205 0.193279 0.011664 0.025253
1 0.118890 0.053743 0.017497 0.032375
1 0.169193 0.012626 0.034507 0.020073
1 0.131526 0.042411 0.024301 0.033023
1 0.156070 0.055038 0.022843 0.064750
1 0.182315 0.065721 0.019927 0.022663
1 0.056031 0.137270 0.037910 0.046620
0 0.067696 0.128853 0.006804 0.010360
0 0.069883 0.151839 0.010206 0.009713
0 0.039993 0.139860 0.009720 0.014245
0 0.057732 0.165760 0.010206 0.011655
0 0.155422 0.203315 0.008262 0.012950
1 0.080575 0.157019 0.025759 0.031728
1 0.189930 0.115579 0.017983 0.025253
1 0.310828 0.013889 0.031591 0.027778
1 0.392018 0.014310 0.029696 0.028620
2 0.270391 0.171296 0.016427 0.021044
2 0.222688 0.286616 0.023378 0.017677
2 0.229007 0.302609 0.029696 0.022727
2 0.257755 0.287458 0.027800 0.024411
2 0.320305 0.320707 0.026537 0.030303
2 0.408550 0.296717 0.021482 0.029461
2 0.976035 0.154882 0.019587 0.031987
1 0.875703 0.044030 0.045200 0.034965
1 0.813492 0.093888 0.026731 0.024605
1 0.804744 0.124968 0.029647 0.020720
1 0.830746 0.107809 0.014581 0.033023
1 0.786761 0.164789 0.021871 0.022663
1 0.845327 0.135004 0.026245 0.026548
1 0.949335 0.044678 0.016525 0.032375
1 0.906254 0.259091 0.043975 0.047475
0 0.932729 0.136299 0.010206 0.016188
1 0.903568 0.319757 0.039368 0.030433
1 0.886314 0.385802 0.028189 0.039498
1 0.856667 0.426595 0.025273 0.031728
1 0.959460 0.462208 0.042284 0.064103
2 0.907294 0.350514 0.022843 0.016835
2 0.974608 0.336916 0.016525 0.024605
2 0.982384 0.614154 0.028189 0.033023
2 0.831961 0.876284 0.016039 0.018130
2 0.838583 0.935048 0.009599 0.019108
2 0.658047 0.930674 0.018469 0.018130
2 0.666796 0.887939 0.019441 0.024605
2 0.340272 0.795994 0.013123 0.027195
2 0.183530 0.557174 0.014581 0.023958
2 0.036995 0.264828 0.022843 0.032375
1 0.114273 0.259000 0.018955 0.023310
1 0.261779 0.311448 0.014581 0.020720
0 0.178427 0.380730 0.007290 0.012950
1 0.208560 0.396486 0.036451 0.033670
1 0.233590 0.417206 0.034021 0.054390
1 0.042585 0.463179 0.034021 0.032375
1 0.018619 0.513360 0.037238 0.047268
0 0.009535 0.513360 0.008748 0.011008
0 0.120105 0.498791 0.008262 0.010360
1 0.140761 0.495230 0.030133 0.020073
1 0.159472 0.494259 0.023815 0.029785
1 0.189849 0.510446 0.021385 0.023310
1 0.190092 0.537641 0.030619 0.029785
1 0.166520 0.547354 0.025273 0.028490
1 0.207831 0.554584 0.032077 0.040793
1 0.097019 0.758439 0.022357 0.037555
1 0.021929 0.734482 0.031591 0.064750
1 0.054978 0.623111 0.016039 0.062160
1 0.048417 0.660667 0.021385 0.034965
1 0.028004 0.624730 0.027217 0.035613
1 0.013273 0.657429 0.026546 0.037555
1 0.011572 0.677178 0.023144 0.036908
1 0.038211 0.690128 0.024301 0.020073
1 0.042099 0.719265 0.017497 0.038203
1 0.105038 0.835492 0.027703 0.038850
0 0.122535 0.905098 0.008262 0.011008
1 0.131769 0.852327 0.030619 0.034965
1 0.190902 0.806030 0.015067 0.031728
1 0.168383 0.944596 0.017011 0.027843
0 0.100502 0.881140 0.010206 0.014893
0 0.119214 0.882112 0.011664 0.016835
0 0.083005 0.969524 0.012150 0.015540
0 0.084220 0.983446 0.012637 0.014893
0 0.123102 0.994798 0.010692 0.010403
0 0.004444 0.882435 0.008887 0.018778
0 0.022253 0.878550 0.009234 0.014893
0 0.187013 0.789195 0.008262 0.009713
1 0.192684 0.922581 0.016039 0.027843
1 0.212610 0.946862 0.011178 0.032375
1 0.202404 0.936502 0.019927 0.025900
1 0.210666 0.987028 0.015067 0.025943
1 0.224275 0.942329 0.014095 0.034965
1 0.248090 0.935531 0.025759 0.035613
1 0.265344 0.929056 0.016525 0.042088
1 0.286728 0.944272 0.025273 0.049210
1 0.275064 0.984093 0.014581 0.025253
1 0.240314 0.992208 0.020899 0.015583
2 0.237154 0.977942 0.015553 0.022015
1 0.266316 0.962078 0.014581 0.033023
1 0.303496 0.964021 0.017011 0.039498
1 0.260483 0.981503 0.016525 0.022663
1 0.344646 0.896357 0.029647 0.047915
1 0.327878 0.868190 0.045686 0.043383
0 0.437313 0.853838 0.009234 0.012950
0 0.198921 0.287598 0.011664 0.018778
0 0.156880 0.305404 0.010206 0.012950
0 0.142300 0.369831 0.011178 0.016188
0 0.108359 0.188962 0.007776 0.011008
0 0.103742 0.177307 0.008262 0.011008
0 0.172514 0.169861 0.013609 0.018130
0 0.017717 0.242705 0.008262 0.013598
0 0.301957 0.146875 0.009720 0.012303
0 0.317267 0.158530 0.007290 0.013598
0 0.372916 0.139752 0.006804 0.013598
0 0.338895 0.186049 0.008748 0.010360
1 0.304144 0.070146 0.048116 0.054390
0 0.311677 0.039390 0.012637 0.011008
1 0.353718 0.192200 0.033535 0.048563
0 0.381421 0.200941 0.006318 0.010360
1 0.384337 0.184754 0.021871 0.036260
1 0.417144 0.096693 0.034021 0.046620
1 0.477248 0.063995 0.025273 0.033023
1 0.531520 0.090542 0.021385 0.026548
1 0.491910 0.116766 0.011178 0.025900
1 0.505518 0.114823 0.020899 0.022015
1 0.460318 0.148817 0.013123 0.020073
1 0.459103 0.169214 0.018469 0.011655
1 0.479030 0.152702 0.031105 0.027843
1 0.506247 0.145903 0.029161 0.025900
1 0.522286 0.139105 0.024301 0.030433
1 0.553634 0.115471 0.010206 0.024605
1 0.567729 0.112557 0.021871 0.027843
1 0.579393 0.108025 0.015067 0.017483
1 0.586197 0.086333 0.016039 0.034965
1 0.593002 0.111910 0.012150 0.018778
1 0.584739 0.128421 0.014095 0.019425
1 0.575505 0.140723 0.014095 0.019425
1 0.617951 0.198675 0.034507 0.045973
0 0.608230 0.170185 0.009234 0.016188
0 0.549665 0.231158 0.010692 0.012950
0 0.590491 0.219179 0.005832 0.011008
1 0.554525 0.218208 0.034993 0.040145
1 0.497418 0.192955 0.026731 0.027195
1 0.469472 0.197811 0.022357 0.044678
2 0.425487 0.221769 0.008262 0.014893
2 0.434964 0.233424 0.021385 0.008418
2 0.479678 0.226949 0.014581 0.021368
2 0.476033 0.249611 0.017011 0.025253
1 0.396326 0.228891 0.014095 0.023958
1 0.391952 0.278425 0.027703 0.022015
1 0.409448 0.248640 0.021871 0.050505
1 0.420627 0.202668 0.017011 0.020720
1 0.436179 0.202344 0.023815 0.031728
1 0.452704 0.215941 0.009234 0.022663
1 0.444199 0.247021 0.025273 0.040793
1 0.462910 0.224035 0.010206 0.022015
1 0.468743 0.279720 0.026731 0.042735
1 0.432777 0.281663 0.017011 0.018130
1 0.436908 0.286843 0.035965 0.053095
0 0.405560 0.327096 0.009234 0.013598
0 0.528523 0.338103 0.009234 0.012303
0 0.540917 0.340370 0.003888 0.009065
0 0.574938 0.385047 0.008748 0.009065
0 0.490533 0.585449 0.009720 0.017483
0 0.341892 0.488431 0.007290 0.018130
0 0.406775 0.709337 0.009720 0.011008
0 0.344322 0.765777 0.012150 0.009065
1 0.210099 0.720884 0.040826 0.042735
1 0.224194 0.647069 0.040826 0.046620
0 0.242177 0.649659 0.014581 0.011655
0 0.382150 0.760382 0.008748 0.018130
0 0.214474 0.681387 0.008748 0.009065
0 0.156394 0.681387 0.009234 0.016835
1 0.752659 0.015540 0.035965 0.031080
1 0.754117 0.043706 0.029161 0.039498
1 0.741481 0.063131 0.019441 0.029138
1 0.729330 0.061836 0.019441 0.026548
1 0.733704 0.085794 0.020413 0.023958
1 0.721554 0.099068 0.019441 0.044030
1 0.732246 0.130148 0.025273 0.067340
1 0.715316 0.138889 0.023815 0.035613
1 0.655860 0.112665 0.025759 0.033670
1 0.638363 0.183890 0.029647 0.024605
1 0.690854 0.206229 0.010206 0.022663
1 0.700331 0.207524 0.028189 0.031728
1 0.632288 0.214970 0.019441 0.025900
1 0.606286 0.232776 0.034507 0.033023
1 0.704550 0.326239 0.049824 0.055556
1 0.554175 0.270202 0.036826 0.055556
0 0.563111 0.243146 0.013539 0.015873
0 0.577192 0.230880 0.010290 0.012987
2 0.529895 0.287037 0.023287 0.029582
1 0.623315 0.393098 0.033577 0.042569
1 0.788763 0.468494 0.028703 0.063492
1 0.738668 0.466691 0.049824 0.033911
1 0.711861 0.412578 0.020038 0.026696
1 0.682075 0.464887 0.020038 0.040404
1 0.588384 0.354497 0.033035 0.021645
1 0.564285 0.337181 0.018413 0.023088
1 0.549392 0.310486 0.014622 0.015873
1 0.506608 0.304714 0.021121 0.020202
1 0.529895 0.259620 0.017872 0.031025
1 0.543434 0.358105 0.039534 0.038961
1 0.563743 0.380111 0.016247 0.045455
0 0.585676 0.372896 0.010290 0.018038
1 0.635771 0.363516 0.022746 0.025253
1 0.587121 0.447330 0.016788 0.031746
1 0.605263 0.431097 0.022746 0.022367
1 0.609325 0.462843 0.020038 0.028139
1 0.488014 0.401515 0.022204 0.035354
1 0.481786 0.415224 0.023829 0.035354
1 0.497762 0.433983 0.022204 0.041126
1 0.489097 0.474026 0.017872 0.036075
1 0.544066 0.478716 0.015164 0.018038
1 0.531339 0.517677 0.028703 0.049784
2 0.555981 0.469697 0.014081 0.025974
0 0.391701 0.067921 0.014379 0.010449
0 0.478631 0.006966 0.011765 0.013932
0 0.410438 0.905027 0.013072 0.019157
0 0.837355 0.802276 0.013726 0.015674
0 0.851408 0.793133 0.009151 0.018286
0 0.985072 0.678190 0.012419 0.018286
0 0.940953 0.368919 0.010458 0.019157
1 0.930822 0.542639 0.021569 0.040927
1 0.945855 0.553524 0.024184 0.027865
1 0.948143 0.591838 0.040524 0.036573
1 0.960888 0.621009 0.028105 0.049634
1 0.963502 0.669772 0.029413 0.058342
1 0.881474 0.565715 0.013072 0.022640
1 0.827551 0.534802 0.042485 0.047893
1 0.823303 0.663242 0.019608 0.020899
1 0.835721 0.672820 0.020916 0.019157
1 0.859578 0.587919 0.039870 0.037443
1 0.895527 0.608383 0.020262 0.041797
1 0.892259 0.574858 0.051635 0.049634
1 0.914808 0.620574 0.027452 0.029606
1 0.932456 0.636683 0.036602 0.030477
1 0.899775 0.680077 0.015687 0.029606
1 0.629180 0.548589 0.023530 0.034831
1 0.217731 0.762655 0.045099 0.039185
1 0.295620 0.727389 0.032681 0.036573
1 0.312614 0.703878 0.036602 0.059213
0 0.354609 0.825637 0.016788 0.017316
0 0.370856 0.796417 0.007040 0.013709
0 0.373022 0.820226 0.010290 0.007937
0 0.389811 0.842232 0.007040 0.011544
1 0.414271 0.783790 0.038993 0.044733
1 0.427269 0.744949 0.030328 0.038240
1 0.255051 0.724026 0.022746 0.026696
1 0.183294 0.760101 0.014622 0.018038
0 0.235284 0.693723 0.010290 0.012266
1 0.283213 0.692280 0.024912 0.025253
0 0.333578 0.748918 0.008665 0.011544
0 0.352533 0.742785 0.005416 0.006494
1 0.338723 0.713925 0.022204 0.025253
1 0.336015 0.733766 0.013539 0.014430
1 0.324101 0.738456 0.012456 0.025253
1 0.364718 0.765873 0.018955 0.029582
1 0.445501 0.726311 0.016247 0.021645
1 0.472850 0.662819 0.023287 0.025974
1 0.449022 0.593314 0.020038 0.037518
1 0.508594 0.658610 0.020038 0.018038
1 0.515363 0.669793 0.028161 0.020202
1 0.489097 0.541967 0.021121 0.026696
1 0.477454 0.556758 0.015164 0.021645
1 0.464998 0.551347 0.018413 0.023810
1 0.434129 0.491102 0.019496 0.020202
1 0.376993 0.498677 0.037368 0.031025
1 0.400281 0.462241 0.030869 0.034632
0 0.418694 0.443122 0.012456 0.015152
0 0.357226 0.519962 0.015164 0.011544
0 0.387283 0.523569 0.010290 0.011544
0 0.385929 0.555315 0.010831 0.015873
1 0.240610 0.569384 0.023829 0.044012
1 0.314533 0.456830 0.025454 0.048341
1 0.299640 0.503367 0.016247 0.027417
1 0.290975 0.521405 0.035743 0.027417
1 0.290975 0.570467 0.018413 0.015873
1 0.271749 0.572992 0.033035 0.052670
1 0.290433 0.587422 0.018413 0.022367
1 0.276894 0.460798 0.011914 0.011544
1 0.289892 0.486412 0.016247 0.025253
2 0.275270 0.482443 0.016247 0.018759
1 0.647956 0.563011 0.020038 0.015873
1 0.755186 0.575277 0.023287 0.025974
1 0.768454 0.586821 0.019496 0.038961
1 0.726212 0.597643 0.014081 0.023088
1 0.717006 0.656445 0.015164 0.035354
1 0.725942 0.675926 0.031952 0.042569
1 0.725942 0.707311 0.020038 0.028860
1 0.674222 0.642737 0.034660 0.022367
1 0.639020 0.583574 0.016247 0.018038
1 0.640104 0.608826 0.027078 0.028139
1 0.662849 0.583574 0.041159 0.035354
1 0.635229 0.718975 0.037910 0.052670
1 0.712132 0.792809 0.036826 0.044012
1 0.717547 0.839346 0.037910 0.062049
1 0.706151 0.897254 0.031363 0.048927
1 0.550655 0.738937 0.028703 0.031025
1 0.569339 0.757696 0.019496 0.028139
1 0.588565 0.780423 0.015705 0.030303
1 0.548760 0.786195 0.045491 0.033189
0 0.578546 0.796657 0.009748 0.016595
0 0.430157 0.672078 0.012998 0.007937
0 0.431782 0.695527 0.010831 0.010101
1 0.444779 0.676407 0.025995 0.020924
1 0.457235 0.700577 0.011914 0.054834
1 0.465630 0.804473 0.029786 0.033189
1 0.485126 0.834055 0.037368 0.028860
0 0.497040 0.805556 0.009207 0.015152
0 0.481064 0.888167 0.006499 0.007215
0 0.539824 0.897908 0.007040 0.009380
0 0.471316 0.969216 0.009748 0.011544
1 0.531971 0.910774 0.028161 0.020202
1 0.572047 0.832852 0.045491 0.027417
1 0.587752 0.806878 0.031411 0.017316
1 0.609144 0.830327 0.025454 0.052670
1 0.586128 0.863516 0.028161 0.029582
1 0.575567 0.884440 0.026537 0.038240
1 0.564465 0.917629 0.018413 0.022367
1 0.553634 0.976431 0.023829 0.027417
1 0.514100 0.895262 0.033577 0.052670
1 0.493791 0.965969 0.025454 0.016595
0 0.517890 0.950457 0.011914 0.014430
1 0.532242 0.933862 0.033035 0.037518
1 0.521952 0.862434 0.015705 0.027417
1 0.649491 0.964526 0.023829 0.044012
1 0.536304 0.962362 0.015164 0.015152
1 0.619885 0.736291 0.027078 0.020924
0 0.743156 0.820312 0.009477 0.010259
1 0.680369 0.886206 0.018955 0.023674
1 0.752338 0.820707 0.015993 0.020518
1 0.734567 0.810448 0.023101 0.023674
1 0.744933 0.841619 0.023693 0.032355
1 0.703766 0.985243 0.019547 0.026042
1 0.741379 0.978535 0.033171 0.036301
1 0.756484 0.940657 0.044425 0.055240
1 0.782251 0.925268 0.015401 0.022885
1 0.809498 0.890152 0.035540 0.044192
1 0.838226 0.860164 0.024286 0.022096
1 0.796170 0.932371 0.024286 0.022885
1 0.809202 0.950126 0.027840 0.036301
1 0.821641 0.920139 0.021916 0.022096
1 0.811867 0.979719 0.028432 0.029198
1 0.781954 0.955256 0.033763 0.032355
1 0.828749 0.955650 0.021916 0.031566
1 0.855996 0.922506 0.014808 0.022096
1 0.849185 0.949337 0.005923 0.018939
1 0.849777 0.986427 0.022509 0.026831
1 0.867843 0.853851 0.019547 0.039457
1 0.869324 0.793087 0.011847 0.025253
1 0.914638 0.787563 0.017178 0.017361
1 0.916711 0.814394 0.028432 0.017361
0 0.938923 0.816761 0.008885 0.017361
1 0.899829 0.877131 0.033763 0.060764
1 0.926188 0.836095 0.022509 0.014994
1 0.922338 0.884233 0.017178 0.032355
1 0.929446 0.855035 0.019547 0.018150
1 0.960544 0.913037 0.018955 0.037879
1 0.943958 0.894097 0.023693 0.034722
0 0.896571 0.924479 0.009477 0.011837
1 0.874359 0.944208 0.031394 0.041824
1 0.894794 0.918166 0.036725 0.030777
1 0.954916 0.957229 0.025470 0.031566
1 0.938331 0.939473 0.017178 0.021307
1 0.939516 0.987610 0.030209 0.022885
1 0.985718 0.963542 0.025470 0.023674