1 0.310850 0.087783 0.030004 0.039683
1 0.352284 0.105369 0.037148 0.042388
1 0.398361 0.105820 0.023574 0.046898
1 0.382288 0.101311 0.031433 0.059524
1 0.456225 0.118446 0.037862 0.045094
1 0.460155 0.163089 0.041434 0.044192
1 0.621246 0.281235 0.027861 0.033369
1 0.753763 0.374128 0.054293 0.040584
2 0.861157 0.218555 0.012859 0.016234
2 0.882589 0.315506 0.010001 0.015332
0 0.607496 0.529871 0.026670 0.034965
0 0.729306 0.453466 0.022054 0.029785
1 0.709048 0.448286 0.022567 0.024605
1 0.550652 0.461668 0.034363 0.058275
1 0.571680 0.556203 0.023080 0.029785
1 0.492952 0.501166 0.032825 0.050505
1 0.519878 0.598938 0.042569 0.053095
1 0.546292 0.678797 0.045134 0.050505
1 0.607496 0.575196 0.030773 0.058275
1 0.649809 0.529871 0.037441 0.066045
1 0.640834 0.574873 0.043082 0.070578
1 0.734521 0.600125 0.046160 0.057628
1 0.752130 0.559333 0.034876 0.045973
1 0.774440 0.571959 0.034363 0.064750
0 0.792648 0.623867 0.035902 0.030433
0 0.847014 0.633579 0.021541 0.029138
0 0.897789 0.687322 0.034876 0.040793
1 0.866247 0.676314 0.028209 0.027843
1 0.863939 0.661746 0.063598 0.098420
1 0.815215 0.612536 0.027696 0.028490
1 0.829832 0.589873 0.034363 0.029785
1 0.847527 0.614154 0.094371 0.092593
1 0.742095 0.792599 0.052864 0.076659
0 0.859967 0.911646 0.038576 0.042388
0 0.468846 0.729016 0.025003 0.037879
1 0.258462 0.425685 0.044291 0.075758
1 0.190240 0.344968 0.045006 0.058622
1 0.179167 0.373377 0.047149 0.075758
1 0.170951 0.547739 0.066437 0.043290
1 0.196312 0.522487 0.044291 0.057720
1 0.219886 0.511664 0.032861 0.054113
1 0.245604 0.522938 0.032861 0.038781
2 0.251319 0.499038 0.014288 0.018038
1 0.215957 0.763739 0.020717 0.033369
1 0.235245 0.814695 0.039291 0.059524
1 0.274893 0.828674 0.035719 0.056818
1 0.312755 0.848515 0.048578 0.060426
1 0.285609 0.907588 0.025718 0.048701
1 0.270250 0.894511 0.033576 0.058622
1 0.268107 0.986712 0.042148 0.026575
1 0.297039 0.974086 0.040005 0.051828
1 0.335258 0.950878 0.053578 0.066739
1 0.351569 0.830928 0.021431 0.050505
1 0.378001 0.831379 0.022860 0.051407
1 0.396932 0.829576 0.026432 0.047799
1 0.464441 0.885041 0.034290 0.032468
1 0.483015 0.856632 0.010001 0.035173
1 0.494445 0.875571 0.021431 0.049603
1 0.271559 0.174062 0.032861 0.052309
1 0.305135 0.182630 0.038576 0.060426
1 0.341568 0.178120 0.050006 0.056818
1 0.293705 0.221861 0.038576 0.037879
1 0.373358 0.200216 0.027861 0.050505
1 0.311922 0.327381 0.037862 0.052309
1 0.298706 0.288600 0.044291 0.036075
1 0.311207 0.271465 0.049292 0.041486
1 0.328352 0.238095 0.037862 0.043290
1 0.406219 0.224567 0.039291 0.041486
1 0.484443 0.250271 0.048578 0.056818
2 0.486586 0.234488 0.017145 0.021645
1 0.502303 0.274621 0.028575 0.035173
1 0.501231 0.340909 0.050721 0.072150
1 0.458011 0.317911 0.034290 0.051407
1 0.438723 0.262897 0.052864 0.053211
1 0.368000 0.238546 0.045720 0.047799
1 0.356927 0.285444 0.037862 0.049603
1 0.399790 0.285444 0.036433 0.074856
1 0.411577 0.356241 0.030004 0.043290
1 0.431222 0.337302 0.025003 0.064935
1 0.345854 0.409903 0.038576 0.049603
1 0.371929 0.378337 0.040719 0.058622
1 0.391932 0.334145 0.037862 0.029762
1 0.401219 0.415164 0.032147 0.059524
1 0.423721 0.416967 0.025718 0.034271
1 0.390860 0.453944 0.037148 0.050505
1 0.463726 0.430946 0.031433 0.038781
1 0.439438 0.443573 0.035719 0.044192
1 0.437294 0.472884 0.041434 0.048701
1 0.428008 0.484157 0.045720 0.051407
1 0.431579 0.535564 0.032861 0.058622
1 0.395504 0.498136 0.062151 0.054113
1 0.355498 0.507155 0.033576 0.037879
1 0.313350 0.556758 0.032147 0.039683
1 0.327281 0.573894 0.057150 0.055916
1 0.353713 0.565326 0.034290 0.033369
1 0.379430 0.573443 0.025718 0.045996
1 0.402290 0.560817 0.032861 0.045996
1 0.416578 0.611772 0.034290 0.043290
1 0.399790 0.634319 0.035004 0.043290
1 0.431222 0.587422 0.030718 0.039683
1 0.422650 0.683923 0.047863 0.052309
1 0.396932 0.718645 0.052149 0.053211
1 0.446939 0.765091 0.040719 0.052309
1 0.471227 0.807480 0.027861 0.039683
1 0.481229 0.782227 0.043577 0.043290
1 0.467655 0.836340 0.040719 0.037879
1 0.561239 0.830928 0.042148 0.068543
1 0.637677 0.806578 0.022146 0.043290
1 0.462298 0.986712 0.045720 0.026575
1 0.509446 0.984698 0.031433 0.029762
1 0.541593 0.979497 0.032861 0.041005
1 0.551952 0.957191 0.030718 0.041486
1 0.575169 0.965759 0.025718 0.047799
1 0.618032 0.950878 0.052864 0.054113
1 0.598386 0.905333 0.045006 0.044192
1 0.608030 0.876022 0.040005 0.048701
1 0.658394 0.876022 0.029289 0.043290
1 0.679825 0.871964 0.030718 0.049603
1 0.637320 0.849868 0.065723 0.041486
1 0.655179 0.899020 0.042863 0.051407
1 0.715663 0.984698 0.034290 0.027958
1 0.705662 0.968464 0.048578 0.049603
1 0.682802 0.985360 0.045720 0.029280
1 0.711377 0.930135 0.028575 0.036075
1 0.752453 0.985149 0.022146 0.023449
1 0.754596 0.956740 0.027861 0.026154