2 0.127709 0.013724 0.046487 0.027448
2 0.499028 0.110160 0.043001 0.041722
2 0.497866 0.168350 0.045325 0.043917
2 0.506001 0.286927 0.026730 0.032938
2 0.499028 0.348961 0.045325 0.062582
2 0.290996 0.488581 0.049974 0.059289
2 0.443243 0.524813 0.049974 0.043917
2 0.435108 0.629666 0.063920 0.038428
2 0.185237 0.644488 0.075542 0.052701
2 0.785703 0.625000 0.032234 0.033422
2 0.608812 0.775401 0.036951 0.023767
2 0.557316 0.761289 0.050316 0.040107
2 0.928527 0.862176 0.032234 0.031937
2 0.913983 0.772678 0.039309 0.031194
2 0.684810 0.391290 0.055819 0.031937
2 0.420520 0.378664 0.073901 0.045306
2 0.168548 0.027604 0.047957 0.025995
1 0.152824 0.083309 0.058964 0.036393
1 0.163045 0.120816 0.052674 0.038622
1 0.133170 0.201154 0.060536 0.052733
1 0.155576 0.373094 0.084908 0.075758
2 0.074992 0.444766 0.060536 0.036393
1 0.055730 0.413572 0.072329 0.055704
1 0.369680 0.280625 0.059750 0.072044
1 0.451837 0.473485 0.054247 0.054219
2 0.381080 0.582541 0.058964 0.046049
1 0.043544 0.647901 0.079405 0.056447
1 0.188596 0.725886 0.048743 0.056447
1 0.221222 0.675753 0.054247 0.039364
1 0.200388 0.698034 0.066040 0.042335
2 0.350943 0.944246 0.043240 0.047534
2 0.217291 0.771192 0.033806 0.022282
2 0.543951 0.970242 0.047171 0.049020
2 0.513290 0.949817 0.047171 0.040850
1 0.860129 0.691350 0.041668 0.034908
1 0.920272 0.803129 0.028303 0.029709
1 0.568372 0.277961 0.063920 0.053799
1 0.782795 0.215927 0.065082 0.057093
1 0.914122 0.083443 0.072056 0.030742
2 0.927487 0.050505 0.056947 0.048309
2 0.970488 0.075209 0.045325 0.058191
2 0.664833 0.044466 0.066245 0.038428