0 0.024704 0.043741 0.010562 0.027958
0 0.017249 0.103716 0.018017 0.019841
0 0.004120 0.153770 0.008240 0.020743
0 0.033712 0.173611 0.012425 0.013528
0 0.040857 0.155574 0.014289 0.015332
2 0.057321 0.113185 0.038519 0.055014
0 0.147715 0.009470 0.014289 0.013528
0 0.128145 0.083424 0.016153 0.020743
0 0.080618 0.119499 0.013047 0.022547
0 0.066950 0.224116 0.016774 0.022547
0 0.114477 0.192551 0.013668 0.022547
0 0.176604 0.110029 0.011183 0.023449
0 0.166974 0.159632 0.013047 0.016234
1 0.154238 0.076209 0.033548 0.047799
0 0.189651 0.055465 0.009940 0.013528
0 0.219472 0.052309 0.011183 0.014430
0 0.227859 0.137987 0.011804 0.016234
0 0.261718 0.110480 0.012425 0.017136
0 0.333371 0.081620 0.011183 0.011724
0 0.338030 0.106421 0.013047 0.014430
0 0.380587 0.097854 0.014910 0.020743
0 0.471396 0.016234 0.009319 0.018038
0 0.439711 0.070346 0.018017 0.025253
0 0.613252 0.033369 0.010562 0.016234
0 0.600827 0.055014 0.010562 0.016234
0 0.671341 0.049152 0.014910 0.011724
0 0.685008 0.017587 0.012425 0.015332
0 0.754590 0.036075 0.012425 0.014430
0 0.781616 0.066739 0.015532 0.018038
0 0.111682 0.294763 0.011804 0.017136
0 0.006605 0.332642 0.013210 0.027958
0 0.071920 0.340308 0.009319 0.014430
0 0.063844 0.392166 0.008076 0.011724
0 0.021908 0.378187 0.011183 0.014430
0 0.039925 0.881884 0.013668 0.009921
0 0.040236 0.850770 0.015532 0.014430
0 0.048312 0.817851 0.013047 0.018939
0 0.033712 0.795755 0.013668 0.027056
0 0.005673 0.780874 0.011346 0.018939
0 0.116030 0.804774 0.018017 0.023449
0 0.114788 0.708273 0.016774 0.028860
0 0.163868 0.969366 0.015532 0.022547
0 0.187166 0.992364 0.012425 0.014430
0 0.155170 0.893158 0.013047 0.012626
0 0.160451 0.869709 0.018638 0.030664
0 0.214191 0.884139 0.010562 0.016234
0 0.240595 0.900373 0.007455 0.012626
0 0.235003 0.925174 0.016153 0.015332
0 0.253641 0.879179 0.011183 0.018939
0 0.180332 0.802519 0.014910 0.015332
0 0.286569 0.850770 0.012425 0.014430
0 0.287500 0.867905 0.016774 0.021645
0 0.322602 0.953133 0.011183 0.013528
0 0.343725 0.920665 0.009940 0.015332
0 0.353976 0.929684 0.008076 0.015332
0 0.378827 0.902628 0.019259 0.020743
0 0.404299 0.903980 0.011804 0.019841
0 0.440643 0.871964 0.012425 0.022547
0 0.472328 0.947270 0.018638 0.027056
0 0.277249 0.904882 0.008698 0.014430
0 0.188098 0.822361 0.013047 0.020743
0 0.189651 0.847162 0.012425 0.014430
0 0.132805 0.664081 0.015532 0.016234
0 0.147404 0.688883 0.008698 0.013528
0 0.146473 0.656415 0.015532 0.020743
0 0.167596 0.632065 0.008076 0.009921
0 0.177536 0.646495 0.006834 0.013528
0 0.139017 0.701509 0.010562 0.011724
0 0.147404 0.708724 0.012425 0.017136
0 0.150200 0.724507 0.009319 0.014430
0 0.053593 0.734879 0.013668 0.020743
0 0.059184 0.888648 0.014910 0.014430
0 0.391873 0.829125 0.014289 0.025253
0 0.403367 0.819204 0.017396 0.023449
0 0.344346 0.779972 0.018638 0.022547
0 0.308934 0.748858 0.009940 0.012626
0 0.299305 0.773659 0.013047 0.018939
0 0.230033 0.674453 0.021123 0.018939
0 0.277249 0.715488 0.014910 0.021645
0 0.292160 0.710077 0.013668 0.023449
0 0.221646 0.856181 0.008076 0.012626
0 0.220714 0.844006 0.014910 0.017136
0 0.287811 0.643789 0.017396 0.020743
0 0.353044 0.687981 0.012425 0.013528
0 0.375410 0.646044 0.008698 0.012626
0 0.383797 0.644691 0.005591 0.009921
0 0.375099 0.712783 0.009319 0.012626
0 0.503080 0.876022 0.015532 0.028860
0 0.451515 0.645142 0.014289 0.018038
0 0.490966 0.664983 0.026093 0.030664
0 0.546880 0.783580 0.011183 0.017136
0 0.518923 0.828223 0.009940 0.016234
0 0.506187 0.852573 0.015532 0.016234
0 0.529484 0.853926 0.012425 0.013528
0 0.503391 0.913450 0.011183 0.015332
0 0.508672 0.929233 0.009319 0.016234
0 0.413928 0.969366 0.016153 0.015332
0 0.549365 0.699705 0.011183 0.022547
0 0.531659 0.717292 0.018017 0.021645
0 0.523272 0.732624 0.016153 0.023449
0 0.555888 0.739388 0.011804 0.018939
0 0.565207 0.733075 0.011804 0.018939
0 0.598445 0.657768 0.019881 0.028860
2 0.633547 0.745701 0.065233 0.065837
0 0.627645 0.721801 0.006213 0.018038
0 0.614598 0.726762 0.016153 0.027958
0 0.608696 0.752465 0.014289 0.019841
0 0.598756 0.770503 0.019259 0.023449
0 0.615219 0.784031 0.014910 0.014430
0 0.632925 0.802519 0.019259 0.022547
0 0.646283 0.810636 0.018638 0.026154
0 0.571420 0.873767 0.013047 0.017136
0 0.601241 0.891805 0.013047 0.017136
0 0.611181 0.951780 0.010562 0.014430
0 0.569867 0.907137 0.009940 0.013528
0 0.673619 0.867003 0.011183 0.016234
0 0.697227 0.922018 0.008698 0.012626
0 0.696295 0.859788 0.010562 0.010823
0 0.728601 0.856181 0.014289 0.021645
0 0.706235 0.986051 0.015532 0.012626
0 0.688218 0.785384 0.016774 0.018939
0 0.702197 0.787638 0.014910 0.021645
0 0.718971 0.807029 0.012425 0.017136
0 0.783583 0.653259 0.009940 0.012626
0 0.797561 0.644691 0.010562 0.018939
0 0.871492 0.734879 0.016774 0.020743
0 0.819617 0.738937 0.014910 0.018038
0 0.773643 0.747956 0.014910 0.021645
0 0.767741 0.682119 0.015532 0.019841
0 0.757490 0.727664 0.009940 0.017136
0 0.742579 0.783129 0.014910 0.019841
0 0.732018 0.795304 0.013668 0.018939
0 0.770226 0.774110 0.014289 0.014430
0 0.822930 0.793951 0.019881 0.027056
0 0.826658 0.832281 0.014910 0.020743
0 0.758939 0.873317 0.011183 0.016234
0 0.753969 0.938703 0.016153 0.018939
0 0.777267 0.920214 0.014289 0.019841
0 0.799632 0.855730 0.016774 0.018939
0 0.822930 0.954936 0.014910 0.020743
0 0.857824 0.981542 0.018017 0.027056
0 0.871492 0.984247 0.010562 0.014430
0 0.959712 0.941408 0.016774 0.022547
0 0.972448 0.898569 0.012425 0.023449
2 0.990573 0.890452 0.018854 0.068543
0 0.954121 0.793501 0.019259 0.018939
0 0.976176 0.770954 0.012425 0.020743
0 0.975865 0.815596 0.013047 0.018038
0 0.975555 0.844006 0.008698 0.011724
0 0.888577 0.708273 0.009940 0.012626
0 0.918709 0.669944 0.010562 0.013528
0 0.932066 0.638829 0.011183 0.012626
0 0.968721 0.615831 0.012425 0.020743
0 0.981146 0.640182 0.009940 0.018939
0 0.970895 0.572090 0.013047 0.019841
0 0.929581 0.612223 0.011183 0.017136
0 0.947287 0.591480 0.013047 0.020743
0 0.972448 0.483706 0.014910 0.032468
0 0.863105 0.792448 0.009940 0.014430
0 0.942006 0.713985 0.013668 0.027056
0 0.856271 0.559464 0.018638 0.023449
0 0.801910 0.612223 0.013047 0.017136
0 0.850059 0.656866 0.013668 0.012626
0 0.971206 0.410654 0.011183 0.010823
0 0.975865 0.398479 0.014289 0.018939
0 0.942006 0.414262 0.016153 0.023449
0 0.915602 0.546386 0.016774 0.018939
0 0.904109 0.538270 0.013668 0.018939
0 0.895101 0.442671 0.015532 0.024351
0 0.875841 0.484157 0.011804 0.017136
0 0.915913 0.387205 0.013668 0.021645
0 0.930202 0.441769 0.012425 0.020743
0 0.932687 0.458003 0.011183 0.024351
0 0.989223 0.340759 0.008698 0.018939
0 0.973070 0.334446 0.008698 0.018939
0 0.953810 0.333093 0.009940 0.018038
0 0.945423 0.348876 0.014289 0.018939
0 0.912496 0.320467 0.013047 0.021645
0 0.919019 0.303782 0.014910 0.022547
0 0.927407 0.297469 0.016774 0.022547
0 0.895101 0.311448 0.010562 0.014430
0 0.886092 0.311448 0.013668 0.018038
0 0.951947 0.227874 0.013668 0.023449
0 0.992950 0.090639 0.011183 0.027958
2 0.824276 0.081620 0.035412 0.060426
2 0.797872 0.054113 0.033548 0.054113
2 0.725184 0.122204 0.049701 0.058622
0 0.711827 0.106421 0.008076 0.018038
0 0.696605 0.109578 0.017396 0.022547
0 0.698780 0.122655 0.010562 0.014430
0 0.714622 0.135281 0.016153 0.014430
0 0.736988 0.153319 0.013668 0.025253
0 0.759043 0.165945 0.013047 0.025253
0 0.717418 0.179924 0.014289 0.022547
0 0.914360 0.191649 0.015532 0.026154
0 0.865590 0.259740 0.009940 0.014430
0 0.960023 0.215548 0.012425 0.018038
0 0.847884 0.292659 0.019259 0.024351
0 0.801289 0.332341 0.010562 0.011724
0 0.805949 0.325126 0.012425 0.020743
0 0.816510 0.307540 0.012425 0.016234
0 0.876773 0.404040 0.009940 0.010823
0 0.882365 0.395022 0.018638 0.025253
0 0.845710 0.389159 0.021123 0.026154
0 0.774575 0.508207 0.013047 0.020743
0 0.772400 0.481602 0.014910 0.019841
0 0.830799 0.531656 0.008698 0.011724
0 0.740301 0.600198 0.013668 0.018939
0 0.775403 0.551948 0.016774 0.021645
0 0.900588 0.643939 0.006213 0.014430
0 0.899967 0.659722 0.009940 0.017136
0 0.881743 0.765542 0.007455 0.011724
0 0.623606 0.597793 0.011804 0.011724
0 0.602794 0.486412 0.016153 0.014430
0 0.591922 0.475589 0.014289 0.016234
0 0.644108 0.490019 0.013047 0.019841
0 0.700540 0.526545 0.014910 0.020743
0 0.718557 0.417418 0.018638 0.015332
0 0.669787 0.425084 0.019259 0.027056
0 0.878637 0.157377 0.016153 0.031566
0 0.672272 0.206079 0.021744 0.024351
0 0.648354 0.222763 0.011183 0.019841
0 0.705510 0.255231 0.011183 0.016234
0 0.692464 0.228626 0.007455 0.017136
0 0.714519 0.270563 0.006834 0.018038
0 0.669787 0.349928 0.020502 0.032468
0 0.632304 0.358496 0.011804 0.017136
0 0.627645 0.269661 0.008698 0.019841
0 0.604037 0.271916 0.009940 0.018939
0 0.615841 0.362103 0.009940 0.020743
0 0.616151 0.402237 0.011804 0.023449
0 0.575458 0.386003 0.013668 0.016234
0 0.585398 0.398629 0.011183 0.019841
0 0.553714 0.342262 0.013668 0.018939
0 0.587262 0.186688 0.009940 0.016234
0 0.560548 0.297168 0.009940 0.011724
0 0.505255 0.370220 0.017396 0.022547
0 0.545327 0.483405 0.020502 0.021645
0 0.495004 0.477543 0.016774 0.022547
0 0.504012 0.459506 0.014910 0.022547
0 0.479162 0.574495 0.007455 0.019841
0 0.583845 0.067490 0.020502 0.017136
0 0.564897 0.131524 0.018638 0.029762
0 0.535386 0.129269 0.011804 0.025253
0 0.526999 0.156325 0.012425 0.016234
0 0.454207 0.283490 0.018017 0.027056
0 0.473467 0.271314 0.011804 0.026154
2 0.590679 0.020893 0.040382 0.041786
0 0.417345 0.656866 0.022987 0.027056
0 0.409890 0.613125 0.019259 0.027958
0 0.391252 0.558111 0.009319 0.013528
0 0.425111 0.512867 0.011183 0.018038
1 0.426354 0.497084 0.031063 0.065837
0 0.421384 0.477694 0.011183 0.019841
0 0.430081 0.470028 0.012425 0.020743
0 0.452136 0.452892 0.025472 0.029762
1 0.528449 0.559013 0.054672 0.083874
0 0.275386 0.501293 0.024851 0.026154
0 0.178468 0.546837 0.017396 0.027056
0 0.207978 0.568482 0.015532 0.019841
0 0.187166 0.614027 0.012425 0.022547
0 0.368887 0.506253 0.015532 0.021645
0 0.315147 0.440416 0.019881 0.027056
0 0.415378 0.275824 0.009940 0.018939
0 0.427803 0.297920 0.012425 0.016234
0 0.428425 0.272667 0.016153 0.016234
0 0.432152 0.166246 0.022366 0.016234
0 0.356668 0.186989 0.022987 0.032468
0 0.314111 0.043140 0.017396 0.024351
0 0.344554 0.019691 0.017396 0.020743
0 0.496557 0.161285 0.012425 0.017136
0 0.303860 0.134229 0.009319 0.020743
0 0.292678 0.151816 0.019259 0.025253
0 0.292367 0.193302 0.012425 0.018038
0 0.309141 0.177068 0.016153 0.016234
0 0.255712 0.215849 0.018638 0.028860
0 0.234589 0.243356 0.011183 0.024351
0 0.247014 0.262747 0.016153 0.021645
0 0.335545 0.315657 0.013047 0.021645
0 0.303239 0.402237 0.013047 0.014430
0 0.133633 0.395924 0.024229 0.019841
0 0.111578 0.451389 0.013668 0.020743
0 0.184888 0.495581 0.016153 0.018939
0 0.140778 0.543831 0.014910 0.023449
0 0.256023 0.437410 0.018017 0.027056
0 0.144816 0.578403 0.009319 0.010823
1 0.141710 0.600499 0.049080 0.078463
0 0.156723 0.334596 0.014910 0.019841
0 0.105158 0.336400 0.012425 0.012626
0 0.021287 0.454095 0.013668 0.013528
0 0.019734 0.432900 0.010562 0.010823
0 0.019113 0.438763 0.009319 0.008117
0 0.034023 0.452291 0.016774 0.022547
0 0.027500 0.500090 0.013668 0.013528
0 0.007930 0.930135 0.011804 0.018038
0 0.230879 0.947702 0.006051 0.014273
0 0.233904 0.958681 0.003025 0.014273
0 0.241846 0.949349 0.014370 0.017567
0 0.469350 0.155616 0.009813 0.014245
0 0.385941 0.232021 0.012489 0.014245
0 0.394416 0.236554 0.004460 0.005180
0 0.400214 0.244000 0.008921 0.011008
0 0.376797 0.255655 0.009367 0.012303
0 0.388394 0.262777 0.010259 0.012303
0 0.063937 0.356481 0.012757 0.015993
0 0.057558 0.432239 0.009278 0.012626
0 0.957582 0.695006 0.016816 0.018519
0 0.968310 0.736672 0.015076 0.022727
0 0.773770 0.211560 0.012177 0.016835
0 0.781308 0.206089 0.005219 0.014310
0 0.788846 0.211139 0.011017 0.022727
0 0.798123 0.211981 0.014496 0.024411
0 0.355021 0.066077 0.011597 0.014310
0 0.273842 0.036195 0.012757 0.018519
1 0.844840 0.776569 0.046834 0.040145
1 0.792208 0.786929 0.020072 0.036260
1 0.872197 0.949452 0.028993 0.044030
0 0.254534 0.514826 0.011223 0.009775
0 0.259304 0.522157 0.014029 0.013034
0 0.264915 0.533561 0.012906 0.011404
0 0.368540 0.349055 0.007295 0.012219
0 0.089931 0.016292 0.007856 0.013034
0 0.091054 0.010997 0.004489 0.010590
0 0.097226 0.010182 0.010101 0.008961
0 0.105363 0.002851 0.011784 0.005702
1 0.095543 0.052949 0.016834 0.034213
0 0.877031 0.188444 0.010101 0.013034
0 0.884887 0.188851 0.010101 0.015477
0 0.752457 0.220620 0.012345 0.015477
0 0.754701 0.228766 0.014590 0.015477
0 0.851218 0.722955 0.005611 0.008961
0 0.858233 0.714402 0.009539 0.014663
0 0.916311 0.972630 0.007856 0.013034
0 0.926973 0.963262 0.007856 0.013848
0 0.939554 0.507487 0.006867 0.009304
0 0.933603 0.518120 0.005036 0.011962
0 0.945048 0.508484 0.005036 0.012626
0 0.949397 0.515129 0.014649 0.019272
0 0.261561 0.931698 0.008946 0.011544
0 0.256094 0.957672 0.013916 0.014430
0 0.558196 0.914743 0.007455 0.015152
0 0.547013 0.984368 0.007952 0.012987
0 0.544279 0.994829 0.018390 0.009380
1 0.630842 0.194685 0.021869 0.033911
0 0.627115 0.192520 0.006461 0.013709
0 0.837406 0.326664 0.007583 0.009713
0 0.822687 0.348032 0.012043 0.009713
2 0.826925 0.329254 0.028546 0.038203
1 0.979693 0.240439 0.023640 0.031080
2 0.379399 0.264072 0.019626 0.033023
0 0.134478 0.171230 0.007782 0.007974
0 0.138980 0.176214 0.009156 0.009968
0 0.109224 0.411793 0.011902 0.007974
0 0.107851 0.422094 0.006409 0.012626
0 0.180408 0.471602 0.005951 0.010633
0 0.192997 0.448786 0.005493 0.006645
0 0.190251 0.439815 0.004578 0.009968
0 0.200322 0.444799 0.010987 0.014620
0 0.398081 0.358741 0.006409 0.012626
0 0.349862 0.431508 0.009156 0.014620
0 0.382822 0.474039 0.005493 0.007974
0 0.381220 0.452109 0.011444 0.018607
0 0.558379 0.404926 0.008698 0.013291
0 0.496122 0.426524 0.009613 0.009968
0 0.491544 0.388313 0.006867 0.010633
0 0.482159 0.391303 0.009156 0.013955
0 0.489942 0.399942 0.006409 0.009968
0 0.570052 0.405923 0.008240 0.012626
0 0.564330 0.416224 0.009613 0.011962
0 0.440731 0.325514 0.008698 0.008639
0 0.442104 0.332159 0.009613 0.009968
0 0.437526 0.340466 0.010529 0.006645
0 0.555404 0.837542 0.010987 0.014620
0 0.510542 0.971779 0.008240 0.007974
0 0.508024 0.979089 0.006867 0.010633
0 0.498868 0.987064 0.008698 0.014620
0 0.450573 0.981083 0.004578 0.005316
0 0.452633 0.988060 0.009613 0.009968
0 0.461102 0.986067 0.010071 0.013955
0 0.426082 0.934233 0.006867 0.008639
0 0.425853 0.948520 0.009156 0.009304
0 0.430431 0.943536 0.009156 0.013955
0 0.490171 0.775297 0.005036 0.005316
0 0.488111 0.780281 0.009156 0.009968
0 0.483304 0.786926 0.007782 0.011297
0 0.487424 0.792243 0.009613 0.009968
0 0.494748 0.784933 0.005036 0.012626
0 0.356271 0.813176 0.006409 0.010633
0 0.350778 0.819156 0.010071 0.010633
0 0.353982 0.829125 0.005493 0.006645
0 0.389002 0.863348 0.007782 0.009968
0 0.395640 0.860026 0.004578 0.008639
0 0.394495 0.869329 0.005951 0.008639
0 0.399989 0.869662 0.008698 0.015949
0 0.317436 0.227494 0.005951 0.010633
0 0.689816 0.666716 0.013302 0.011884
0 0.695955 0.677486 0.013302 0.014112
0 0.691606 0.688626 0.007674 0.012626
0 0.379852 0.696549 0.011768 0.014112
0 0.331332 0.862547 0.012279 0.020796
0 0.106299 0.926050 0.007674 0.012626
0 0.661652 0.652681 0.010705 0.021368
0 0.655296 0.682304 0.004683 0.016511
0 0.648605 0.659882 0.008961 0.010713
0 0.649396 0.682456 0.008434 0.008418
0 0.041431 0.705923 0.014760 0.013009
0 0.977256 0.287726 0.014233 0.029844
0 0.995744 0.308387 0.008511 0.013774