2 0.102076 0.274722 0.083045 0.138543
2 0.204585 0.349535 0.057958 0.133002
2 0.227941 0.600761 0.075260 0.133002
2 0.307190 0.870821 0.032680 0.082579
2 0.247277 0.940606 0.043573 0.075600
2 0.321623 0.965613 0.041939 0.058154
2 0.284858 0.676587 0.052288 0.082579
2 0.330610 0.473629 0.027233 0.095373
2 0.355664 0.505614 0.031590 0.131428
2 0.303649 0.465488 0.033224 0.113982
2 0.395425 0.441063 0.041394 0.102351
2 0.434913 0.538762 0.035403 0.095373
2 0.474129 0.453275 0.040850 0.122124
2 0.588508 0.852212 0.053922 0.068622
2 0.697712 0.790569 0.033769 0.084905
2 0.730664 0.733578 0.035403 0.154690
2 0.699346 0.709153 0.034858 0.108167
2 0.785675 0.423617 0.043028 0.060480
2 0.761438 0.415475 0.035948 0.104677
2 0.612745 0.389306 0.070806 0.133754
2 0.646242 0.471303 0.053922 0.125613
2 0.700163 0.471303 0.045207 0.093046
2 0.723039 0.413731 0.057190 0.124450
2 0.409314 0.949329 0.036492 0.086068
2 0.361383 0.606802 0.049564 0.105840
1 0.452614 0.371278 0.038126 0.151201
1 0.376634 0.348598 0.057190 0.094210
1 0.563453 0.601568 0.041939 0.069785
1 0.404139 0.883034 0.069717 0.132591
1 0.355937 0.870240 0.057190 0.111656
1 0.275327 0.910366 0.068083 0.115145
1 0.706532 0.574196 0.059033 0.108088
1 0.820534 0.541670 0.033224 0.101188
1 0.960784 0.922579 0.064270 0.116308
2 0.575980 0.958382 0.057190 0.083236
2 0.469457 0.570265 0.024887 0.072469
1 0.379902 0.722450 0.027526 0.091794
1 0.488971 0.711561 0.028595 0.077636
1 0.436275 0.692806 0.050654 0.066296
1 0.544730 0.717231 0.046160 0.080253
2 0.484477 0.882534 0.036765 0.095082
2 0.501838 0.945776 0.000408 0.000000
2 0.447917 0.929202 0.033088 0.101188
1 0.526772 0.562616 0.028658 0.078105
2 0.447210 0.847660 0.027149 0.057170
2 0.663084 0.701515 0.035068 0.086963
2 0.677602 0.649981 0.031674 0.051533
2 0.504148 0.945091 0.024133 0.045897
2 0.536953 0.966026 0.039216 0.047507
2 0.480769 0.600461 0.024133 0.053949
2 0.404412 0.538460 0.037330 0.089378
1 0.402526 0.656020 0.037330 0.053949
1 0.444759 0.767542 0.039593 0.095015
1 0.557504 0.805387 0.028281 0.109509
1 0.581259 0.709164 0.035822 0.084547
1 0.593326 0.769555 0.033560 0.063612
1 0.665347 0.797737 0.029789 0.082937
1 0.690045 0.865664 0.080317 0.073677
0 0.684955 0.901899 0.018100 0.035027
0 0.521493 0.122254 0.015837 0.041066
1 0.532523 0.289537 0.078620 0.131652
1 0.308484 0.749110 0.049321 0.062806
1 0.177206 0.935521 0.033824 0.045011