1 0.528356 0.227065 0.105324 0.141386
1 0.602720 0.508163 0.159144 0.227827
1 0.541088 0.390229 0.209491 0.154118
1 0.669271 0.913560 0.132523 0.113913
1 0.896412 0.274306 0.104167 0.144737
0 0.027778 0.037768 0.028935 0.034844
0 0.095486 0.028722 0.028935 0.028813
0 0.087963 0.083333 0.030093 0.029483
0 0.135706 0.076298 0.026042 0.034174
0 0.260995 0.076633 0.025463 0.028143
0 0.291667 0.112482 0.028935 0.024793
0 0.311921 0.155032 0.026620 0.030824
0 0.350984 0.115497 0.027199 0.024123
0 0.392650 0.082998 0.026042 0.032834
0 0.210069 0.187865 0.031250 0.037524
0 0.158565 0.349689 0.026620 0.034174
0 0.048611 0.467623 0.035880 0.031494
0 0.223090 0.421723 0.027199 0.032164
0 0.240741 0.325567 0.026620 0.034174
0 0.389178 0.232426 0.030671 0.030154
0 0.413484 0.247837 0.026042 0.028813
0 0.303530 0.505817 0.028356 0.030154
0 0.284144 0.445510 0.026620 0.028813
0 0.304109 0.427753 0.028356 0.040205
0 0.343171 0.429429 0.018519 0.035514
0 0.361979 0.426413 0.021412 0.036184
0 0.399595 0.490406 0.031829 0.026133
0 0.429398 0.609010 0.031250 0.024793
0 0.326678 0.663621 0.029514 0.032164
0 0.188947 0.739005 0.024884 0.031494
0 0.201968 0.757767 0.027778 0.030154
0 0.386574 0.858614 0.026620 0.032164
0 0.350116 0.982578 0.020833 0.024123
0 0.604167 0.910880 0.021991 0.024123
0 0.624132 0.943378 0.026042 0.022113
0 0.635706 0.964821 0.019097 0.024793
0 0.597222 0.535301 0.024306 0.032834
0 0.628762 0.527930 0.026042 0.030154
0 0.518229 0.472649 0.022569 0.026803
0 0.500289 0.384868 0.027199 0.022783
0 0.502604 0.411337 0.027199 0.026133
0 0.591725 0.294743 0.029514 0.028813
0 0.612847 0.298763 0.025463 0.031494
0 0.741898 0.473989 0.026620 0.033504
0 0.677373 0.376157 0.026042 0.034844
0 0.657118 0.367111 0.023727 0.034174
0 0.768519 0.532956 0.026620 0.029483
0 0.751736 0.561434 0.026620 0.031494
0 0.709491 0.620066 0.033565 0.028143
0 0.704861 0.647204 0.028935 0.028813
0 0.646412 0.667306 0.026620 0.032834
0 0.650463 0.729959 0.031250 0.038865
0 0.525174 0.658930 0.026042 0.033504
0 0.831597 0.774519 0.028935 0.032834
0 0.882234 0.885082 0.026042 0.035514
0 0.901910 0.941368 0.023727 0.031494
0 0.923322 0.952424 0.017940 0.034844
0 0.986690 0.908534 0.026620 0.034174
0 0.925058 0.725938 0.024884 0.032164
0 0.960069 0.721248 0.021991 0.034844
0 0.810185 0.437470 0.028935 0.032834
0 0.902199 0.458912 0.025463 0.027473
0 0.741898 0.264254 0.031250 0.032164
0 0.901042 0.275311 0.020833 0.028813
0 0.876447 0.306804 0.026042 0.030154
0 0.863426 0.224050 0.026620 0.029483
0 0.744792 0.100085 0.023148 0.028143
0 0.834491 0.388889 0.034722 0.026803
0 0.928530 0.431104 0.022569 0.036184