2 0.272906 0.169188 0.069140 0.082019
2 0.658235 0.166454 0.053963 0.087487
2 0.724845 0.528707 0.055649 0.117561
2 0.878302 0.699581 0.035413 0.082019
2 0.926363 0.784334 0.053963 0.076551
2 0.959247 0.741957 0.042159 0.095689
2 0.115233 0.628497 0.067454 0.114827
2 0.022203 0.372870 0.044406 0.101157
1 0.151490 0.042218 0.045531 0.084435
1 0.356380 0.234804 0.104553 0.103891
1 0.811692 0.408412 0.050590 0.101157
1 0.830242 0.505468 0.087690 0.098423
1 0.984261 0.266245 0.031478 0.090221
1 0.627038 0.818509 0.021922 0.133965
1 0.542721 0.713250 0.028668 0.098423
1 0.566329 0.761095 0.045531 0.117561
1 0.407813 0.897794 0.102867 0.117561
1 0.577291 0.889592 0.057336 0.128497