2 0.181759 0.862374 0.133400 0.103535
2 0.388693 0.640783 0.117706 0.073653
2 0.445366 0.683923 0.122065 0.096801
1 0.544544 0.780724 0.137323 0.113636
1 0.373435 0.796507 0.139503 0.140993
1 0.552173 0.906987 0.204895 0.096801
1 0.648082 0.686027 0.135143 0.117845
2 0.507489 0.599747 0.085010 0.067340
2 0.596858 0.547138 0.102447 0.096801
2 0.718923 0.428241 0.159120 0.132576
2 0.626284 0.240951 0.104627 0.073653
2 0.801753 0.329335 0.128604 0.082071
2 0.682957 0.304082 0.108987 0.103114
1 0.794124 0.240951 0.165660 0.107323
1 0.726552 0.077862 0.143862 0.113636
2 0.644812 0.144150 0.132964 0.098906
2 0.732001 0.189394 0.119885 0.101010