2 0.473438 0.462077 0.053125 0.088488
2 0.781250 0.338826 0.050000 0.052671
1 0.035937 0.354627 0.071874 0.113770
1 0.019531 0.469451 0.039062 0.128518
1 0.048438 0.684350 0.096875 0.191724
1 0.314844 0.727540 0.085938 0.096915
1 0.324219 0.564259 0.076562 0.065312
1 0.410156 0.308276 0.073438 0.151694
1 0.181250 0.153422 0.118750 0.128518
1 0.547656 0.064597 0.192187 0.129194
1 0.661719 0.059667 0.067187 0.058992
1 0.750781 0.076522 0.057812 0.117984
1 0.858594 0.141835 0.076562 0.105343
1 0.884375 0.036154 0.106250 0.072308
1 0.500000 0.307223 0.093750 0.103236
1 0.225000 0.403085 0.137500 0.231754
1 0.203125 0.823402 0.143750 0.187510
1 0.178125 0.974380 0.150000 0.051240
1 0.682812 0.959632 0.118750 0.080736
1 0.742969 0.748609 0.079687 0.105343
1 0.740625 0.636946 0.084375 0.105343
1 0.606250 0.649587 0.087500 0.117984
1 0.603906 0.500000 0.167187 0.168548
0 0.435156 0.906623 0.023438 0.029496
0 0.749219 0.866593 0.023438 0.042137
0 0.870312 0.557939 0.021875 0.035817
0 0.397656 0.108125 0.023438 0.037923
0 0.165625 0.078629 0.021875 0.025282
0 0.135937 0.704365 0.018750 0.025282
0 0.141927 0.940904 0.015625 0.016679
0 0.539714 0.595029 0.013021 0.016679
0 0.625326 0.677109 0.013672 0.019313
0 0.795573 0.384782 0.014323 0.022824
0 0.856120 0.090701 0.011719 0.019313
0 0.201823 0.316749 0.010417 0.014924
0 0.201172 0.328161 0.011719 0.016679
0 0.133464 0.814054 0.014323 0.017557
0 0.696615 0.647261 0.014323 0.012290