1 0.412162 0.191481 0.102703 0.114123
1 0.579054 0.127650 0.071622 0.090911
1 0.584459 0.062851 0.093243 0.088977
1 0.205405 0.144091 0.086486 0.127663
1 0.120270 0.146025 0.089189 0.108320
1 0.043919 0.074457 0.079730 0.116057
1 0.178378 0.024656 0.078378 0.049311
1 0.322297 0.209857 0.077027 0.135400
1 0.327027 0.387811 0.064865 0.139269
1 0.368243 0.400384 0.060811 0.160546
1 0.329730 0.331717 0.070270 0.092846
1 0.134459 0.445840 0.104054 0.119926
1 0.141892 0.355896 0.072973 0.110254
1 0.137838 0.233068 0.083784 0.081240
1 0.072973 0.359764 0.083784 0.125729
1 0.038514 0.501934 0.077027 0.139269
1 0.039865 0.614123 0.079730 0.127663
1 0.044595 0.722443 0.081081 0.100583
1 0.031081 0.834632 0.062162 0.139269
1 0.370270 0.542554 0.100000 0.119926
1 0.448649 0.609287 0.094595 0.114123
1 0.425000 0.720509 0.082432 0.139269
1 0.492568 0.788209 0.090541 0.150874
1 0.439189 0.873317 0.102703 0.147006
1 0.594595 0.879120 0.051351 0.100583
1 0.615541 0.951166 0.090541 0.097668
1 0.839865 0.961804 0.095946 0.076391
1 0.741892 0.276590 0.067568 0.125729
1 0.793919 0.271754 0.079730 0.112189
1 0.831757 0.251444 0.090541 0.129597
1 0.839865 0.196317 0.098649 0.127663
1 0.793243 0.122814 0.097297 0.131532
1 0.794595 0.066720 0.043243 0.127663
1 0.977703 0.174073 0.044594 0.121860
1 0.787838 0.457446 0.070270 0.150874
1 0.834459 0.474854 0.068919 0.127663
1 0.877027 0.484526 0.062162 0.123794
1 0.960811 0.526113 0.056757 0.083174
1 0.979054 0.696330 0.041892 0.129597
1 0.983784 0.908135 0.032432 0.127663