1 0.025480 0.467873 0.041671 0.037879
1 0.152578 0.447250 0.026789 0.070707
1 0.179367 0.399691 0.050601 0.044613
1 0.204369 0.367284 0.041076 0.058923
1 0.241278 0.377806 0.031551 0.059764
1 0.216573 0.435045 0.040481 0.073232
1 0.067747 0.429994 0.040481 0.046296
1 0.066556 0.467452 0.030956 0.035354
1 0.028159 0.624018 0.032742 0.057239
1 0.043041 0.611392 0.058935 0.069024
1 0.137894 0.543490 0.042267 0.038721
1 0.171528 0.504770 0.045243 0.052189
1 0.199210 0.534652 0.030361 0.042929
1 0.168254 0.570006 0.044648 0.068182
1 0.214986 0.669893 0.040481 0.054714
1 0.078462 0.818042 0.035718 0.037879
1 0.163293 0.765011 0.037504 0.058081
1 0.132040 0.778058 0.035718 0.048822
2 0.171032 0.802469 0.008930 0.020202
2 0.229968 0.890853 0.012501 0.020202
2 0.046315 0.693883 0.009525 0.018519
1 0.072211 0.873597 0.037504 0.056397
1 0.053162 0.925786 0.052982 0.051347
1 0.016609 0.956510 0.033218 0.045455
0 0.104656 0.879910 0.023812 0.052189
0 0.112097 0.831510 0.026789 0.041246
0 0.180021 0.854693 0.045958 0.050435
0 0.165377 0.907688 0.039290 0.048822
0 0.187998 0.986251 0.030956 0.027497
1 0.154364 0.964085 0.036314 0.047138
1 0.143350 0.824355 0.036909 0.053872
1 0.239195 0.985410 0.040481 0.029180
1 0.564530 0.785213 0.038695 0.051347
0 0.589235 0.855499 0.029765 0.038721
0 0.644003 0.754489 0.030956 0.031987
0 0.601737 0.779742 0.023812 0.025253
0 0.594990 0.700477 0.028972 0.050224
0 0.743420 0.522166 0.030956 0.035354
1 0.604019 0.774271 0.044648 0.059764
1 0.577528 0.853395 0.039290 0.088384
1 0.634379 0.976992 0.035123 0.046016
1 0.706114 0.843294 0.032147 0.046296
1 0.729331 0.840769 0.028575 0.056397
1 0.715043 0.933782 0.030956 0.045455
1 0.721592 0.889170 0.053578 0.052189
1 0.739749 0.939675 0.037504 0.038721
1 0.756417 0.981341 0.035123 0.034512
1 0.751357 0.970398 0.051196 0.053030
1 0.795112 0.911055 0.038695 0.031987
1 0.808804 0.920735 0.036314 0.064815
1 0.833509 0.917789 0.032147 0.040404
1 0.773979 0.829405 0.041671 0.060606
1 0.832319 0.822250 0.036909 0.026094
0 0.958127 0.703984 0.039290 0.050505
1 0.889468 0.803591 0.023415 0.024691
1 0.929552 0.737233 0.034528 0.053030
1 0.900382 0.745230 0.028575 0.053872
1 0.905442 0.624860 0.047029 0.043771
1 0.899192 0.578984 0.048815 0.054714
0 0.950983 0.515853 0.032147 0.041246
0 0.716928 0.602132 0.033932 0.037037
1 0.355280 0.500281 0.042862 0.055556
1 0.346052 0.495230 0.044648 0.070707
1 0.378794 0.408109 0.036314 0.041246
1 0.355280 0.387486 0.048815 0.063973
0 0.483171 0.209456 0.042267 0.053030
1 0.473448 0.114759 0.042267 0.055556
1 0.485652 0.067621 0.030956 0.052189
1 0.520676 0.442621 0.047029 0.058081
0 0.562645 0.423260 0.033337 0.041246
0 0.584374 0.394220 0.029170 0.045455
0 0.588838 0.459035 0.030956 0.031987
1 0.604019 0.406846 0.029170 0.038721
1 0.624557 0.406846 0.038100 0.053872
1 0.648369 0.448513 0.036909 0.044613
1 0.582588 0.498597 0.017264 0.040404
1 0.607293 0.512486 0.039290 0.053030
1 0.641523 0.482604 0.038695 0.033670
1 0.647774 0.513328 0.029765 0.021044
0 0.687461 0.201599 0.032147 0.041246
1 0.721989 0.229798 0.047625 0.042088
1 0.660374 0.241582 0.035123 0.055556
1 0.622572 0.282828 0.042862 0.040404
1 0.639836 0.333754 0.051196 0.029461
1 0.655017 0.298822 0.048220 0.035354
1 0.689247 0.289141 0.040481 0.047980
1 0.731216 0.276936 0.044648 0.055556
1 0.727644 0.336700 0.027979 0.043771
1 0.691033 0.343855 0.041671 0.047980
1 0.680317 0.393939 0.032147 0.047138
1 0.709487 0.390152 0.040481 0.037879
1 0.745801 0.360269 0.034528 0.062290
1 0.768423 0.409933 0.038100 0.042088
0 0.679424 0.443603 0.032742 0.038721
0 0.708594 0.431818 0.038695 0.052189
1 0.748182 0.448653 0.032147 0.057239
1 0.776459 0.438552 0.035123 0.048822
1 0.791937 0.471801 0.029170 0.036195
1 0.816940 0.451599 0.030361 0.047980
0 0.823786 0.411195 0.040481 0.053030
1 0.883217 0.441779 0.048220 0.059764
1 0.852262 0.458193 0.022026 0.058923
0 0.821306 0.513328 0.043457 0.044613
0 0.707602 0.738777 0.026789 0.031425
0 0.751952 0.777638 0.035718 0.054714
0 0.736177 0.680415 0.023217 0.035354
0 0.785885 0.584596 0.028575 0.053030
0 0.834105 0.607323 0.033337 0.036195
1 0.781122 0.509540 0.032147 0.043771
1 0.872502 0.496072 0.039886 0.033670
1 0.894231 0.502385 0.025003 0.037879
1 0.898695 0.536055 0.038695 0.039562
2 0.938283 0.570707 0.010716 0.013468
1 0.819817 0.571549 0.030956 0.050505
1 0.719508 0.486111 0.038695 0.053030
1 0.681111 0.500421 0.027384 0.031145
1 0.695101 0.518939 0.036314 0.036195
1 0.668014 0.547980 0.033337 0.038721
1 0.637653 0.561448 0.035718 0.048822
1 0.582885 0.563552 0.028575 0.056397
1 0.551334 0.654040 0.044053 0.040404
1 0.580802 0.622475 0.033932 0.039562
1 0.607293 0.600589 0.027384 0.037879
1 0.613841 0.590488 0.030956 0.046296
1 0.648964 0.605640 0.032147 0.034512
1 0.665633 0.588384 0.033337 0.062290
1 0.713555 0.553872 0.039886 0.043771
0 0.637356 0.679293 0.039886 0.038721
1 0.643607 0.712542 0.040481 0.031145
1 0.673967 0.690236 0.027384 0.043771
1 0.659085 0.644360 0.051196 0.032828
1 0.696886 0.640152 0.038695 0.064815
1 0.748678 0.585438 0.029170 0.058081
1 0.757310 0.641414 0.036909 0.037037
1 0.759394 0.672980 0.020836 0.026094
1 0.706114 0.697391 0.036909 0.027778
1 0.720699 0.634680 0.023217 0.037037
1 0.735978 0.731902 0.035123 0.068182
1 0.732704 0.771886 0.034528 0.030303
1 0.764255 0.704966 0.035718 0.032828
1 0.785984 0.694444 0.033932 0.047138
1 0.815154 0.672980 0.041076 0.068182
1 0.849384 0.629630 0.035718 0.042088
1 0.836287 0.685606 0.027384 0.032828
1 0.809201 0.722222 0.031551 0.043771
1 0.782115 0.759259 0.033337 0.050505
1 0.804736 0.782407 0.021431 0.066498
1 0.821702 0.771886 0.029170 0.057239
1 0.841348 0.744529 0.048220 0.037879
1 0.856230 0.704545 0.033932 0.037037
1 0.856528 0.781987 0.029765 0.031987
1 0.875578 0.757155 0.017859 0.044613
1 0.882721 0.718013 0.034528 0.038721
2 0.500158 0.357393 0.014883 0.014731
2 0.510203 0.332141 0.014139 0.018939
2 0.657418 0.931012 0.013394 0.019992
2 0.329988 0.540825 0.011279 0.015284
2 0.419519 0.478690 0.009870 0.017278