2 0.321711 0.469276 0.104290 0.131674
2 0.279371 0.318663 0.144401 0.144300
2 0.423104 0.466570 0.102953 0.151515
2 0.544775 0.379990 0.110975 0.126263
2 0.618981 0.184885 0.133705 0.164141
2 0.665778 0.356241 0.114986 0.167749
2 0.276697 0.649952 0.123008 0.183983
2 0.255304 0.726611 0.128356 0.131674
2 0.130959 0.540825 0.157772 0.207431
2 0.053410 0.343915 0.088245 0.153920
2 0.106892 0.248918 0.120334 0.122655
1 0.159037 0.364358 0.101616 0.115440
1 0.159706 0.097403 0.118997 0.144300
1 0.503104 0.072150 0.096267 0.119048
1 0.621432 0.064033 0.084234 0.128066
1 0.766502 0.035173 0.066852 0.070346
1 0.721042 0.057720 0.131031 0.115440
1 0.761822 0.123557 0.113649 0.178571
1 0.936084 0.314454 0.116323 0.187590
1 0.775639 0.443122 0.135042 0.155123
1 0.693410 0.553151 0.093593 0.126263
1 0.847171 0.603656 0.058830 0.205628
1 0.744886 0.731121 0.092256 0.133478
1 0.811070 0.790645 0.082897 0.155123
1 0.882602 0.777116 0.065515 0.120851
1 0.747561 0.921477 0.137716 0.157046
1 0.547672 0.559764 0.085571 0.111833
1 0.561042 0.546236 0.112312 0.138889
1 0.530959 0.616582 0.110975 0.124459
1 0.139650 0.785233 0.070863 0.108225
1 0.169065 0.843855 0.084234 0.110029
1 0.177087 0.851070 0.105627 0.135281
1 0.133633 0.779822 0.093593 0.137085
1 0.276697 0.833033 0.125682 0.113636
2 0.229901 0.940356 0.098941 0.108225
2 0.387862 0.685899 0.048215 0.085706
1 0.381055 0.684369 0.079980 0.157637
1 0.458860 0.806040 0.079412 0.153046
1 0.501970 0.859224 0.027227 0.112489
1 0.528630 0.866876 0.060127 0.065044
1 0.558410 0.832823 0.091324 0.105601
1 0.535153 0.706433 0.103803 0.120141