0 0.209857 0.095960 0.054910 0.075758
0 0.446785 0.025253 0.048809 0.050505
0 0.094953 0.236111 0.052876 0.053030
0 0.075632 0.420455 0.063045 0.053030
0 0.200706 0.328283 0.052876 0.040404
0 0.321711 0.258838 0.038640 0.042929
0 0.488476 0.176768 0.046775 0.040404
0 0.940976 0.039141 0.036607 0.042929
0 0.757942 0.167929 0.056944 0.042929
0 0.739639 0.246212 0.048809 0.037879
0 0.669476 0.338384 0.054910 0.045455
0 0.877931 0.220960 0.052876 0.053030
0 0.977606 0.334596 0.044788 0.063131
0 0.381706 0.381313 0.040674 0.045455
0 0.426447 0.454545 0.036607 0.050505
0 0.490509 0.500000 0.046775 0.040404
0 0.255616 0.566919 0.040674 0.053030
0 0.144779 0.613636 0.046775 0.055556
0 0.244430 0.667929 0.046775 0.053030
0 0.326796 0.660354 0.040674 0.047980
0 0.293239 0.784091 0.042708 0.058081
0 0.452886 0.935606 0.052876 0.053030
0 0.475256 0.972222 0.061011 0.045455
0 0.581009 0.931818 0.040674 0.045455
0 0.601347 0.883838 0.048809 0.050505
0 0.631852 0.863636 0.061011 0.060606
0 0.824038 0.833333 0.038640 0.050505
0 0.829122 0.631313 0.056944 0.050505
0 0.908437 0.566919 0.052876 0.042929
0 0.016655 0.952020 0.030506 0.050505
0 0.969448 0.917929 0.036607 0.068182
0 0.981673 0.772727 0.036653 0.065657