2 0.348028 0.159167 0.033396 0.018365
2 0.355450 0.174089 0.022264 0.016070
2 0.370757 0.154193 0.056588 0.054331
2 0.450073 0.140802 0.059371 0.033670
2 0.456543 0.193210 0.029639 0.029864
2 0.506198 0.221916 0.021337 0.024487
2 0.458886 0.223064 0.038035 0.016070
2 0.438013 0.244782 0.033396 0.038080
2 0.459914 0.259181 0.032669 0.017298
2 0.489036 0.286578 0.033396 0.025253
2 0.505734 0.384527 0.033396 0.031374
2 0.558148 0.383762 0.028758 0.022192
2 0.546088 0.397153 0.034324 0.022957
2 0.576701 0.424319 0.030613 0.020661
2 0.574846 0.446893 0.043601 0.021426
2 0.578093 0.479798 0.033396 0.026018
2 0.638392 0.462198 0.027830 0.016835
2 0.656018 0.449954 0.029686 0.022957
2 0.638856 0.497781 0.028758 0.022192
2 0.611489 0.514998 0.029686 0.033670
2 0.588297 0.538721 0.027830 0.027548
2 0.553973 0.506581 0.037107 0.024487
2 0.634527 0.540506 0.038035 0.019896
2 0.629888 0.568820 0.039890 0.019896
2 0.665140 0.551984 0.036179 0.021426
2 0.686013 0.505051 0.016698 0.027548
2 0.644267 0.515764 0.029686 0.012244
2 0.724512 0.525986 0.025904 0.022015
2 0.731577 0.495554 0.029043 0.018130
2 0.792411 0.550268 0.023549 0.035613
2 0.776712 0.602391 0.032968 0.022015
2 0.773572 0.584261 0.026689 0.016835
2 0.696646 0.543469 0.023549 0.023310
2 0.721765 0.544764 0.023549 0.015540
2 0.673882 0.605629 0.028259 0.018130
2 0.691151 0.643832 0.025119 0.019425
2 0.179882 0.762540 0.069076 0.050505
2 0.268974 0.788440 0.046313 0.034965
2 0.293962 0.877471 0.072216 0.043383
2 0.345377 0.830528 0.036893 0.036260
2 0.375598 0.835708 0.031398 0.034965
2 0.397577 0.834089 0.021979 0.030433
2 0.430545 0.818225 0.037678 0.027195
2 0.499752 0.822434 0.035323 0.036908
2 0.418509 0.847363 0.025119 0.020720
2 0.442058 0.853838 0.025119 0.028490
2 0.467177 0.851895 0.037678 0.024605
2 0.477381 0.876824 0.026689 0.017483
2 0.422826 0.867435 0.027474 0.019425
2 0.405950 0.878119 0.042388 0.026548
2 0.336873 0.901429 0.034538 0.027843
2 0.363169 0.869378 0.022764 0.019425
2 0.382793 0.898515 0.027474 0.022015
2 0.411837 0.906285 0.032183 0.022015
2 0.356497 0.969524 0.029828 0.036260
2 0.304298 0.986705 0.044743 0.026590
2 0.328239 0.976647 0.051807 0.033670
2 0.371804 0.994777 0.044743 0.007770
2 0.404772 0.991216 0.029043 0.017483
2 0.432246 0.963373 0.058872 0.023958
2 0.443628 0.987007 0.036108 0.022015
2 0.449122 0.940711 0.045528 0.030433
2 0.475026 0.960783 0.025119 0.023958
2 0.478166 0.990892 0.031398 0.018130
2 0.506424 0.968229 0.028259 0.036260
2 0.454617 0.919667 0.032968 0.024605
1 0.414977 0.791462 0.044743 0.027195
1 0.481698 0.796965 0.032183 0.048563
1 0.553915 0.774303 0.069861 0.040793
1 0.442843 0.887292 0.029828 0.022015
2 0.364347 0.923876 0.036108 0.018778
2 0.588845 0.959812 0.054947 0.023310
2 0.585141 0.993532 0.052365 0.012936
2 0.684231 0.899012 0.039475 0.023259
2 0.654826 0.818603 0.030613 0.023259
2 0.630255 0.800660 0.053976 0.027246
2 0.642742 0.847178 0.029002 0.021930
2 0.583932 0.913964 0.030613 0.034556
2 0.696718 0.937555 0.027391 0.024588
2 0.705580 0.913300 0.029002 0.025253
2 0.723706 0.920610 0.028197 0.039872
2 0.694704 0.827906 0.044309 0.023259
2 0.716859 0.811293 0.041892 0.033892
2 0.745458 0.811293 0.028197 0.029904
2 0.773655 0.818603 0.031419 0.020601
2 0.805745 0.627547 0.046726 0.038543
1 0.927393 0.982412 0.070894 0.030569
1 0.802120 0.854156 0.036253 0.029240
1 0.667313 0.941543 0.024974 0.023259
1 0.685440 0.963472 0.066060 0.021930
1 0.585275 0.875089 0.034373 0.021930
2 0.547948 0.881069 0.027391 0.013955
1 0.496351 0.900889 0.029043 0.027195
1 0.515975 0.852974 0.030613 0.031080
1 0.470840 0.927761 0.040818 0.029138
1 0.554830 0.914811 0.029828 0.022663
1 0.610693 0.929056 0.030613 0.021368
2 0.244902 0.469546 0.040033 0.042088
1 0.383055 0.593542 0.033753 0.031080
1 0.033356 0.146011 0.054947 0.044678
1 0.347863 0.285116 0.050237 0.034965
1 0.349040 0.320405 0.055732 0.040793
1 0.539000 0.267310 0.040033 0.060218
1 0.584920 0.258569 0.040818 0.037555
2 0.625738 0.275727 0.031398 0.040793
2 0.573146 0.314254 0.042388 0.038850
2 0.562942 0.349866 0.037678 0.022015
2 0.599835 0.345010 0.026689 0.025253
2 0.637382 0.306160 0.038463 0.018778
2 0.662108 0.315225 0.023549 0.029138
2 0.609123 0.357744 0.040033 0.022663
2 0.649549 0.371342 0.036108 0.023958
2 0.589892 0.404364 0.032968 0.027843
2 0.616973 0.415048 0.033753 0.034965
2 0.651904 0.412134 0.026689 0.020073
2 0.667603 0.394004 0.036108 0.022663
2 0.704103 0.351593 0.027474 0.019425
2 0.745314 0.343175 0.039248 0.033670
2 0.754864 0.358715 0.018054 0.012950
2 0.777235 0.365514 0.034538 0.038203
2 0.809811 0.366809 0.043173 0.029138
2 0.816876 0.387853 0.036893 0.020720
2 0.786262 0.393033 0.032183 0.022015
2 0.765330 0.414940 0.029043 0.025253
2 0.780637 0.411055 0.034538 0.030433
2 0.812035 0.424329 0.034538 0.033670
2 0.755518 0.430480 0.015699 0.026548
2 0.737072 0.435984 0.022764 0.025900
2 0.702926 0.442459 0.026689 0.023310
2 0.699001 0.472244 0.018839 0.015540
2 0.712738 0.464798 0.027474 0.023958
2 0.748061 0.466416 0.027474 0.023310
2 0.761405 0.449581 0.025904 0.032375
2 0.737464 0.480014 0.036108 0.025900
2 0.617055 0.191562 0.029686 0.029079
2 0.629579 0.151005 0.038035 0.030609
2 0.601749 0.103943 0.036179 0.017600
2 0.696372 0.188119 0.026903 0.022192
2 0.639783 0.222171 0.036179 0.035200
2 0.663439 0.235945 0.029686 0.032140
2 0.950353 0.206229 0.039475 0.043860
1 0.933435 0.185628 0.034641 0.026582
1 0.834747 0.175660 0.040281 0.023923
1 0.674295 0.134459 0.042698 0.025253
1 0.679532 0.179980 0.030613 0.039208
1 0.691616 0.224836 0.022557 0.022594
1 0.687991 0.211545 0.050754 0.019936
1 0.549559 0.154727 0.078950 0.039208
1 0.537341 0.090599 0.065255 0.027911
1 0.551842 0.117845 0.047531 0.018607
1 0.515321 0.202574 0.037864 0.043195
2 0.485916 0.247873 0.041892 0.029240
1 0.476858 0.180545 0.032968 0.026548
1 0.489417 0.199646 0.032968 0.015540
1 0.980674 0.434368 0.036016 0.045306
1 0.754975 0.649757 0.061227 0.039364
1 0.677091 0.576599 0.042319 0.028223
1 0.714007 0.594425 0.042319 0.029709
1 0.761128 0.566077 0.064528 0.038374
1 0.519693 0.414141 0.040235 0.025974
1 0.525816 0.444084 0.027989 0.039683
1 0.693315 0.317460 0.044608 0.046176
2 0.723491 0.392136 0.026240 0.025253
2 0.723054 0.367244 0.046357 0.018759
2 0.696377 0.387085 0.026240 0.028139
1 0.687630 0.431457 0.029739 0.020202
1 0.752355 0.505411 0.031488 0.041126
1 0.663139 0.468975 0.033237 0.031746
1 0.632526 0.439755 0.027989 0.028139
1 0.603224 0.476551 0.027115 0.025253