0 0.056081 0.249276 0.047297 0.072860
0 0.120946 0.199989 0.047297 0.081432
0 0.156757 0.281420 0.045946 0.064288
0 0.118919 0.399282 0.045946 0.051431
0 0.125000 0.452855 0.039189 0.060002
0 0.150676 0.477499 0.036486 0.057859
0 0.273649 0.451784 0.050000 0.075003
0 0.388514 0.451784 0.044595 0.057859
0 0.359459 0.199989 0.043243 0.064288
0 0.210135 0.054269 0.036486 0.055716
0 0.197297 0.022125 0.040541 0.042859
0 0.291216 0.051055 0.039189 0.045002
0 0.295270 0.094985 0.044595 0.047145
0 0.296622 0.137843 0.039189 0.055716
0 0.274324 0.174273 0.043243 0.060002
0 0.314865 0.177488 0.045946 0.057859
0 0.402027 0.017491 0.036486 0.034982
0 0.486486 0.077841 0.040541 0.060002
0 0.525676 0.077841 0.037838 0.055716
0 0.543919 0.034982 0.041892 0.064288
0 0.575000 0.019634 0.055405 0.039268
0 0.497973 0.152844 0.036486 0.060002
0 0.527027 0.182845 0.045946 0.064288
0 0.538514 0.235347 0.039189 0.053573
0 0.653378 0.276063 0.036486 0.049288
0 0.660811 0.235347 0.035135 0.045002
0 0.702703 0.269634 0.035135 0.066431
0 0.730405 0.259991 0.039189 0.060002
0 0.760811 0.242847 0.035135 0.068574
0 0.852027 0.347851 0.039189 0.051431
0 0.836486 0.413211 0.040541 0.066431
0 0.886486 0.421783 0.037838 0.079289
0 0.622973 0.371424 0.032432 0.047145
0 0.606757 0.326422 0.035135 0.055716
0 0.681081 0.430355 0.029730 0.057859
0 0.706081 0.429283 0.033784 0.060002
0 0.724324 0.467856 0.040541 0.051431
0 0.747297 0.502143 0.029730 0.055716
0 0.714865 0.509643 0.040541 0.053573
0 0.704054 0.565360 0.040541 0.062145
0 0.685811 0.615719 0.033784 0.060002
0 0.871622 0.774296 0.040541 0.064288
0 0.829054 0.762510 0.036486 0.066431
0 0.797297 0.753938 0.037838 0.049288
0 0.806081 0.794654 0.033784 0.062145
0 0.786486 0.813940 0.037838 0.066431
0 0.746622 0.884657 0.044595 0.062145
0 0.752973 0.761450 0.034595 0.037716
0 0.748919 0.799165 0.038378 0.042859
0 0.725676 0.833452 0.038378 0.056574
0 0.688378 0.812880 0.034054 0.044573
0 0.694054 0.773450 0.031351 0.051431
0 0.708649 0.727163 0.033514 0.051431
0 0.728919 0.765307 0.031892 0.057431
0 0.642703 0.948314 0.035676 0.060002
0 0.573243 0.869882 0.038378 0.062574
0 0.496216 0.861739 0.035676 0.058288
0 0.505405 0.922599 0.033514 0.051431
0 0.487027 0.962886 0.038919 0.060002
0 0.432432 0.883597 0.028108 0.047145
0 0.412162 0.842024 0.031892 0.046287
0 0.438108 0.828309 0.037297 0.049716
0 0.462703 0.791451 0.028108 0.068574
0 0.483514 0.779879 0.027568 0.055716
0 0.579189 0.777736 0.035135 0.053145
0 0.566216 0.747306 0.047027 0.062574
0 0.585135 0.668221 0.037838 0.070717
0 0.610811 0.658577 0.045946 0.064288
0 0.633784 0.698222 0.037838 0.053573
0 0.613514 0.561074 0.037838 0.066431
0 0.533108 0.558931 0.041892 0.057859
0 0.537162 0.511786 0.031081 0.040716
0 0.530405 0.476428 0.036486 0.051431
0 0.545270 0.441069 0.036486 0.057859
0 0.573649 0.430355 0.033784 0.062145
0 0.466892 0.591075 0.033784 0.049288
0 0.472973 0.643577 0.035135 0.051431
0 0.438514 0.640362 0.033784 0.053573
0 0.439189 0.683221 0.035135 0.045002
0 0.471622 0.692864 0.035135 0.051431
2 0.472297 0.287849 0.047297 0.192864
2 0.545270 0.291064 0.104054 0.096432
2 0.432432 0.942864 0.081081 0.114271
0 0.029730 0.680007 0.043243 0.077146
0 0.064189 0.744295 0.050000 0.064288
0 0.139865 0.736795 0.039189 0.066431
0 0.173649 0.630719 0.039189 0.068574
0 0.195946 0.688579 0.048649 0.047145
0 0.202027 0.726080 0.044595 0.049288
0 0.176351 0.836441 0.039189 0.064288
0 0.222297 0.865371 0.044595 0.057859
0 0.236486 0.819298 0.037838 0.064288
0 0.287838 0.819298 0.029730 0.047145
0 0.184459 0.969651 0.033784 0.060698
0 0.148649 0.926445 0.035135 0.042859
0 0.158108 0.962875 0.035135 0.060002
0 0.093919 0.956446 0.036486 0.064288
0 0.054054 0.942517 0.037838 0.066431
0 0.022297 0.940374 0.039189 0.066431
0 0.025000 0.854656 0.036486 0.057859
0 0.294595 0.748581 0.040541 0.042859
0 0.293243 0.704651 0.037838 0.070717
0 0.266216 0.700365 0.043243 0.075003
0 0.287162 0.647863 0.047297 0.068574
0 0.304054 0.569645 0.037838 0.057859
0 0.280405 0.536430 0.039189 0.060002
0 0.262162 0.527858 0.037838 0.068574
0 0.233108 0.553573 0.039189 0.051431
0 0.228378 0.611433 0.043243 0.060002
1 0.574324 0.554645 0.132432 0.357871