0 0.270262 0.766835 0.019638 0.020202
0 0.279614 0.788300 0.019638 0.017677
0 0.308136 0.784512 0.014963 0.020202
0 0.298317 0.823022 0.014027 0.016414
0 0.286627 0.894360 0.018703 0.020202
0 0.185274 0.870133 0.013588 0.016188
0 0.271757 0.850060 0.013908 0.011008
0 0.428018 0.924523 0.015346 0.020073
0 0.465185 0.724985 0.017744 0.016835
0 0.531925 0.734374 0.011510 0.018778
0 0.800645 0.685272 0.014387 0.016835
0 0.833736 0.722179 0.015346 0.023310
0 0.757244 0.632716 0.013908 0.013598
0 0.641427 0.621061 0.016305 0.023958
0 0.923895 0.579729 0.022060 0.022015
0 0.915001 0.858849 0.019872 0.017361
0 0.690217 0.431287 0.019688 0.025253
0 0.962564 0.169458 0.023625 0.025253
0 0.982251 0.159490 0.027563 0.021265
0 0.978314 0.231260 0.019688 0.021265
0 0.254052 0.444257 0.016625 0.028058
1 0.047256 0.132323 0.077806 0.086869
1 0.101122 0.104040 0.053866 0.062626
1 0.036782 0.547811 0.053866 0.030303
1 0.032232 0.532660 0.064463 0.088889
1 0.009414 0.744276 0.018827 0.087879
1 0.120947 0.580640 0.071073 0.061616
1 0.108977 0.589226 0.069576 0.101010
1 0.177057 0.661953 0.050125 0.153535
0 0.169950 0.602862 0.017955 0.017172
0 0.205112 0.439226 0.007481 0.013131
1 0.215586 0.478620 0.133168 0.077778
1 0.198005 0.479630 0.129427 0.102020
1 0.444016 0.679125 0.088280 0.082828
1 0.215212 0.878115 0.071073 0.080808
1 0.287033 0.794276 0.071073 0.115152
1 0.048378 0.960269 0.084539 0.079461
1 0.019949 0.932660 0.033666 0.050505
1 0.436285 0.982492 0.082295 0.035016
1 0.567583 0.972896 0.045636 0.054208
1 0.545139 0.794276 0.081546 0.105051
2 0.605363 0.671549 0.047880 0.071717
1 0.624067 0.728620 0.046384 0.028283
1 0.626685 0.734680 0.059102 0.080808
1 0.625189 0.676599 0.095013 0.120202
2 0.739902 0.970034 0.063591 0.038384
1 0.737658 0.962458 0.106983 0.071717
2 0.675189 0.547811 0.056858 0.062626
1 0.627127 0.488215 0.068862 0.082645
2 0.829463 0.439432 0.099468 0.120523
1 0.721494 0.613330 0.097767 0.094123
1 0.743173 0.698271 0.039107 0.052801
1 0.716818 0.689662 0.051009 0.033287
1 0.695564 0.696549 0.047608 0.099862
1 0.749974 0.714914 0.066312 0.109045
1 0.747565 0.165863 0.102868 0.138889
1 0.640871 0.053375 0.091816 0.104454
1 0.700807 0.032140 0.067162 0.064279
1 0.933323 0.039027 0.040807 0.078053
1 0.971580 0.072314 0.049309 0.064279
1 0.950326 0.198003 0.091816 0.161846