0 0.035156 0.223546 0.018973 0.025096
0 0.137835 0.146045 0.021205 0.026572
0 0.209821 0.098806 0.013393 0.017715
0 0.289062 0.041234 0.017857 0.017715
0 0.306920 0.125378 0.015625 0.020667
0 0.474888 0.039020 0.014509 0.022143
0 0.631138 0.170402 0.014509 0.019191
0 0.653460 0.058210 0.014509 0.019191
0 0.685268 0.078139 0.015625 0.029524
0 0.667339 0.057289 0.010081 0.017334
0 0.671371 0.081289 0.010081 0.017334
2 0.590726 0.135957 0.022177 0.025334
0 0.634577 0.358626 0.014113 0.020000
0 0.737651 0.322292 0.013609 0.016667
0 0.679183 0.423627 0.014617 0.018000
0 0.631552 0.432627 0.012097 0.018667
0 0.629788 0.459294 0.010585 0.014667
0 0.847782 0.300292 0.015121 0.018000
0 0.970766 0.158624 0.013105 0.018667
0 0.240423 0.398293 0.012097 0.016667
0 0.306956 0.413960 0.011089 0.014667
0 0.399194 0.590296 0.011089 0.016667
0 0.420867 0.663297 0.013105 0.017334
0 0.913558 0.850633 0.014617 0.018667
0 0.982863 0.903300 0.013105 0.018667
0 0.659778 0.845632 0.013105 0.018000
0 0.038306 0.884966 0.013105 0.018000
0 0.278982 0.850966 0.014617 0.016667