1 0.220103 0.158394 0.043212 0.048500
1 0.351321 0.246790 0.033727 0.046936
1 0.484120 0.199072 0.027403 0.051629
1 0.287029 0.317194 0.029511 0.071968
1 0.246452 0.365694 0.032673 0.021903
1 0.668915 0.084079 0.025295 0.053194
2 0.616744 0.236620 0.032673 0.051629
2 0.529265 0.206112 0.036889 0.050065
2 0.360104 0.326581 0.016863 0.031291
2 0.360104 0.436098 0.027403 0.046936
2 0.747962 0.381339 0.029511 0.050065
2 0.799607 0.262435 0.050590 0.053194
2 0.848967 0.722406 0.030565 0.053194
2 0.499578 0.646527 0.056914 0.067275
2 0.754110 0.878859 0.030565 0.043807
2 0.512226 0.952392 0.031619 0.040678
2 0.348862 0.675470 0.033727 0.046936
1 0.860034 0.563607 0.044266 0.045371
1 0.936973 0.375081 0.033727 0.075097
1 0.975443 0.281209 0.020025 0.050065
1 0.511172 0.881206 0.029511 0.061017
1 0.549642 0.911714 0.020025 0.034420
1 0.786256 0.885899 0.027403 0.064146
2 0.425274 0.953956 0.034781 0.068839
1 0.219049 0.672341 0.032673 0.056323
2 0.062535 0.852262 0.037943 0.065710
2 0.038821 0.958650 0.030565 0.028161
0 0.542841 0.568660 0.013250 0.030397
1 0.421786 0.784118 0.014454 0.032185
0 0.688589 0.941106 0.019458 0.019256