2 0.597737 0.194444 0.188816 0.217172
2 0.723009 0.103535 0.148874 0.151515
2 0.353546 0.511364 0.143428 0.154040
1 0.971345 0.055556 0.057310 0.111111
2 0.493343 0.554293 0.168845 0.128788
2 0.213750 0.622475 0.179739 0.194444
2 0.635863 0.723485 0.116195 0.108586
2 0.433430 0.835859 0.147059 0.101010
2 0.290910 0.962121 0.119826 0.075758
2 0.829218 0.704545 0.147059 0.247475
2 0.966291 0.808081 0.061728 0.141414
2 0.945927 0.926768 0.108146 0.141414
1 0.627693 0.515152 0.110748 0.131313
1 0.568688 0.861111 0.145243 0.176768
1 0.438877 0.719697 0.103486 0.116162
1 0.337206 0.715909 0.128903 0.159091
1 0.299080 0.877525 0.143428 0.133838