2 0.144011 0.317888 0.039646 0.065682
2 0.639906 0.099747 0.047090 0.068182
1 0.947018 0.542929 0.067565 0.080808
2 0.546173 0.246786 0.064214 0.075758
2 0.966047 0.375344 0.048393 0.071166
2 0.382069 0.210820 0.066076 0.071166
2 0.134053 0.645661 0.055839 0.063131
2 0.317235 0.945822 0.062353 0.078053
2 0.184308 0.744949 0.065145 0.075758
2 0.192684 0.414754 0.046532 0.073462
2 0.151736 0.098140 0.053977 0.065427
2 0.225722 0.105601 0.043740 0.068871
2 0.394943 0.410162 0.046532 0.041322
2 0.432169 0.380318 0.042810 0.045914
1 0.895319 0.108471 0.081896 0.106749
1 0.958602 0.245638 0.080035 0.082645
1 0.752465 0.129706 0.049324 0.080349
1 0.590844 0.218664 0.064214 0.083792
1 0.559667 0.030418 0.070729 0.060836
1 0.513135 0.068297 0.044671 0.074610
1 0.452643 0.061410 0.083758 0.067723
1 0.466603 0.250612 0.063284 0.073462
1 0.492195 0.280456 0.058630 0.094123
1 0.477305 0.349901 0.051185 0.081497
1 0.457296 0.386058 0.052116 0.057392
2 0.254416 0.403275 0.044671 0.096419
1 0.206178 0.318335 0.060492 0.064279
1 0.062394 0.356214 0.070729 0.075758
1 0.033079 0.407293 0.066076 0.067723
1 0.089739 0.058321 0.062397 0.063733
1 0.195035 0.048100 0.072147 0.067340
1 0.128250 0.581810 0.080922 0.070948
1 0.203322 0.612474 0.080922 0.076960
1 0.028295 0.892657 0.056590 0.074555
1 0.377352 0.684624 0.068247 0.081770
1 0.628328 0.858586 0.086714 0.124777
1 0.702396 0.853387 0.083101 0.084670
1 0.819821 0.943256 0.062627 0.086156