0 0.059245 0.099999 0.014323 0.020800
0 0.073893 0.072699 0.013672 0.018200
0 0.148763 0.046265 0.013672 0.017333
0 0.196615 0.025032 0.015625 0.021667
0 0.228190 0.145500 0.016276 0.018200
0 0.261719 0.102166 0.013021 0.019933
0 0.103190 0.150700 0.014974 0.018200
0 0.059896 0.267267 0.015625 0.019067
0 0.126302 0.267700 0.011719 0.016467
0 0.181641 0.245600 0.011719 0.013867
0 0.203451 0.289367 0.012370 0.018200
0 0.118490 0.320568 0.013021 0.016467
0 0.141602 0.350901 0.012370 0.014733
0 0.298177 0.269867 0.011719 0.015600
0 0.314779 0.247767 0.011068 0.016467
2 0.326522 0.232473 0.022436 0.041067
0 0.330929 0.194872 0.012019 0.016000
0 0.383413 0.176472 0.012821 0.017600
0 0.344752 0.218606 0.009215 0.012267
0 0.335337 0.217272 0.008814 0.011733
0 0.338542 0.095138 0.012821 0.019200
0 0.400441 0.029271 0.010817 0.014400
0 0.458734 0.049271 0.012821 0.016000
0 0.560697 0.023138 0.011619 0.014933
0 0.613982 0.030871 0.014824 0.016533
0 0.727965 0.047138 0.013622 0.014933
0 0.741186 0.090338 0.014423 0.018133
0 0.697917 0.119138 0.012019 0.017067
0 0.746595 0.137805 0.013221 0.019200
0 0.801482 0.086605 0.011619 0.018133
0 0.981771 0.017804 0.012420 0.016000
0 0.899639 0.153539 0.011619 0.015467
0 0.820913 0.177006 0.010417 0.015467
0 0.836138 0.178606 0.013622 0.016533
0 0.802484 0.238873 0.011218 0.015467
0 0.821915 0.281273 0.012420 0.013867
0 0.818309 0.337540 0.013221 0.018667
0 0.891226 0.293540 0.010016 0.014933
0 0.972756 0.171405 0.010417 0.018133
0 0.918269 0.326340 0.013622 0.018667
0 0.871595 0.347407 0.013221 0.018133
2 0.811298 0.304740 0.043269 0.044800
0 0.901442 0.413007 0.012019 0.020267
0 0.935697 0.496208 0.016426 0.020267
0 0.876002 0.517541 0.013221 0.018133
0 0.759014 0.435407 0.014022 0.016000
0 0.906450 0.575942 0.011619 0.018667
0 0.978566 0.619676 0.012420 0.017600
0 0.876402 0.629542 0.011619 0.013867
0 0.907051 0.649276 0.012019 0.016000
0 0.863582 0.654342 0.011619 0.015467
0 0.855369 0.688476 0.014423 0.016533
0 0.880409 0.734610 0.011619 0.016000
0 0.906050 0.787410 0.010817 0.017067
0 0.942107 0.708743 0.010817 0.014400
0 0.950521 0.695943 0.010817 0.014400
0 0.952925 0.738610 0.011619 0.016533
0 0.982772 0.651942 0.008013 0.011733
0 0.984776 0.639142 0.008814 0.013867
0 0.988982 0.660209 0.008413 0.012267
0 0.966146 0.799144 0.012420 0.014933
0 0.965946 0.812477 0.013622 0.011733
0 0.985577 0.874878 0.010417 0.017067
0 0.949119 0.885011 0.012019 0.014933
0 0.843550 0.903411 0.012420 0.016533
0 0.853566 0.876478 0.010817 0.013867
0 0.855369 0.863677 0.012821 0.013867
0 0.793269 0.885011 0.014423 0.017067
0 0.768630 0.772743 0.011619 0.014400
0 0.789463 0.952211 0.008413 0.011733
0 0.787861 0.967412 0.007612 0.013333
0 0.760817 0.960478 0.008013 0.009067
0 0.770433 0.955145 0.009615 0.010133
0 0.768029 0.989812 0.008814 0.012267
0 0.783854 0.980212 0.010817 0.012267
0 0.762620 0.977278 0.008413 0.008533
0 0.769832 0.978078 0.006811 0.010133
0 0.781250 0.954078 0.008814 0.013333
1 0.631410 0.886611 0.021635 0.068267
2 0.696915 0.894344 0.019631 0.032534
2 0.670873 0.841277 0.024439 0.039467
2 0.675280 0.878078 0.023638 0.034134
2 0.695913 0.862077 0.017628 0.033067
2 0.693510 0.811410 0.020833 0.024534
2 0.693109 0.838877 0.015224 0.018667
2 0.716927 0.841632 0.028646 0.040907
1 0.319531 0.960724 0.048438 0.076961
1 0.060937 0.385599 0.062500 0.128961
1 0.021875 0.124557 0.043750 0.068641
1 0.346875 0.699682 0.034375 0.054080
1 0.144531 0.161997 0.039063 0.035360
1 0.684375 0.425119 0.046875 0.033280
0 0.606562 0.183776 0.014375 0.019136
0 0.561875 0.143424 0.015000 0.021632
0 0.460000 0.154240 0.011250 0.014976
0 0.466562 0.162144 0.013125 0.015808
0 0.490937 0.181280 0.011875 0.014144
0 0.516562 0.163392 0.014375 0.018304
0 0.543125 0.162144 0.011250 0.019136
0 0.532500 0.204992 0.015000 0.019968
0 0.469375 0.249504 0.016250 0.020800
0 0.367187 0.227040 0.013125 0.015808
0 0.444375 0.293185 0.015000 0.021632
0 0.320312 0.311489 0.014375 0.018304
0 0.348125 0.310241 0.015000 0.020800
0 0.367500 0.378049 0.016250 0.019968
0 0.295000 0.419650 0.013750 0.018304
0 0.403437 0.388449 0.013125 0.019136
0 0.331875 0.485794 0.013750 0.019136
0 0.325000 0.528643 0.013750 0.018304
0 0.374375 0.568995 0.015000 0.019136
0 0.334375 0.603939 0.015000 0.019136
0 0.439375 0.630563 0.015000 0.020800
0 0.477812 0.514082 0.013125 0.019136
0 0.298125 0.673412 0.013750 0.019968
0 0.305937 0.759524 0.013125 0.015808
0 0.330000 0.748292 0.012500 0.013312
0 0.365937 0.765348 0.016875 0.014144
0 0.368025 0.779076 0.013951 0.014976
0 0.291674 0.845263 0.014152 0.014059
0 0.291607 0.894725 0.011786 0.018304
0 0.302187 0.918021 0.011875 0.018304
0 0.290391 0.971686 0.010469 0.022464
0 0.420625 0.801125 0.012500 0.015808
0 0.464687 0.690052 0.015625 0.018304
0 0.457187 0.807781 0.013125 0.019136
0 0.475625 0.584387 0.015000 0.019968
0 0.481562 0.880997 0.013125 0.019136
0 0.485312 0.857285 0.011875 0.014976
0 0.503750 0.828581 0.015000 0.017472
0 0.518750 0.856453 0.011250 0.018304
0 0.522500 0.932166 0.013750 0.021632
0 0.605625 0.827333 0.015000 0.019968
0 0.696250 0.730820 0.012500 0.019968
0 0.666562 0.671748 0.015625 0.021632
0 0.634687 0.600611 0.013125 0.017472
0 0.587500 0.425474 0.011250 0.016640
0 0.518750 0.354753 0.015000 0.019968
0 0.485000 0.398018 0.012500 0.016640
0 0.476562 0.437122 0.011875 0.016640
0 0.425312 0.464578 0.011875 0.016640
0 0.435937 0.470402 0.010625 0.014976
0 0.434687 0.485794 0.013125 0.015808
0 0.705625 0.206656 0.012500 0.016640
0 0.720625 0.242848 0.012500 0.015808
0 0.702812 0.273633 0.011875 0.015808
0 0.732187 0.274049 0.011875 0.018304
0 0.625312 0.463330 0.013125 0.019136
0 0.580000 0.484546 0.011250 0.019968
0 0.590937 0.479554 0.013125 0.019968
0 0.608750 0.510338 0.012500 0.014976
0 0.627187 0.510338 0.013125 0.014976
0 0.635625 0.539043 0.012500 0.012480
0 0.632355 0.525520 0.010960 0.017893
0 0.621652 0.520660 0.011161 0.017086
0 0.067243 0.334201 0.011719 0.012629
0 0.043527 0.435973 0.010045 0.015600
0 0.282087 0.466059 0.013951 0.020800
0 0.128348 0.510631 0.013393 0.016343
0 0.168248 0.537746 0.012835 0.015600
0 0.269252 0.563003 0.011719 0.017086
0 0.254743 0.631346 0.013951 0.018572
0 0.171875 0.604232 0.012277 0.016343
0 0.135045 0.606832 0.014509 0.020057
0 0.171317 0.636546 0.015625 0.017086
0 0.145368 0.703033 0.011719 0.017829
0 0.139509 0.726061 0.011161 0.014857
0 0.158761 0.729776 0.013951 0.016343
0 0.232143 0.747233 0.012277 0.018572
0 0.212612 0.779547 0.014509 0.017829
0 0.073103 0.804433 0.012277 0.020057
0 0.164621 0.866462 0.011161 0.016343
0 0.179129 0.902120 0.010045 0.014857
0 0.159598 0.901377 0.012277 0.016343
0 0.139788 0.922920 0.010603 0.017829
0 0.087333 0.923663 0.010603 0.014857
0 0.099330 0.940749 0.011161 0.013372
0 0.094308 0.957463 0.011161 0.015600
0 0.070033 0.971949 0.011719 0.013372
0 0.124163 0.978635 0.013951 0.014857
0 0.128348 0.992378 0.014509 0.012629
0 0.089844 0.995632 0.013393 0.008736
0 0.045480 0.993775 0.012835 0.012450
0 0.347656 0.839348 0.000000 0.000743
0 0.032058 0.771315 0.013470 0.015779
0 0.034483 0.793191 0.012931 0.019366
0 0.005119 0.900061 0.010237 0.025104