0 0.092746 0.018939 0.027529 0.018939
0 0.126099 0.007365 0.024353 0.014730
1 0.129275 0.028409 0.047647 0.056818
0 0.071040 0.100484 0.015882 0.011574
0 0.093805 0.071549 0.012706 0.012626
0 0.046323 0.136623 0.012380 0.009065
0 0.043065 0.147306 0.017593 0.011008
0 0.038179 0.161228 0.018244 0.011655
0 0.056423 0.124968 0.016941 0.014245
0 0.063916 0.112341 0.018896 0.012303
0 0.076296 0.127234 0.014986 0.018778
0 0.067825 0.138241 0.014986 0.013598
0 0.063264 0.154753 0.022805 0.014245
0 0.145906 0.080290 0.013032 0.015540
0 0.122124 0.137270 0.020199 0.018130
0 0.100947 0.191552 0.019547 0.017483
0 0.092151 0.218424 0.021502 0.015540
0 0.077165 0.231374 0.017593 0.014245
0 0.091825 0.258892 0.014335 0.008418
0 0.010402 0.275080 0.020803 0.020073
0 0.026342 0.230402 0.009774 0.012303
0 0.060549 0.295152 0.011728 0.017483
0 0.128531 0.236554 0.011294 0.019425
0 0.096061 0.290944 0.017593 0.018130
0 0.086287 0.304541 0.011077 0.016835
0 0.082703 0.314577 0.019547 0.017483
0 0.011355 0.334650 0.014986 0.017483
0 0.012984 0.482928 0.020851 0.016188
0 0.072278 0.560951 0.020851 0.019425
0 0.020152 0.698006 0.020851 0.018130
0 0.050124 0.784987 0.016941 0.018130
0 0.053056 0.966934 0.025412 0.018130
0 0.137110 0.779159 0.020199 0.025900
0 0.204331 0.881464 0.016941 0.012950
0 0.123861 0.795347 0.022805 0.016835
0 0.127771 0.810563 0.022805 0.021368
0 0.216386 0.905746 0.022805 0.018778
0 0.241797 0.872075 0.017593 0.020073
0 0.288385 0.847470 0.019547 0.021368
0 0.331064 0.764267 0.020199 0.024605
0 0.296856 0.767504 0.018244 0.020720
0 0.377326 0.772360 0.014986 0.017483
0 0.361362 0.862687 0.028669 0.029785
0 0.272096 0.805707 0.019547 0.019425
0 0.246032 0.932617 0.011728 0.014245
0 0.263951 0.959164 0.012380 0.011655
0 0.256783 0.950099 0.013683 0.015540
0 0.236910 0.962726 0.014335 0.014893
0 0.282086 0.966934 0.019547 0.018130
0 0.302937 0.974057 0.018244 0.016835
0 0.339425 0.956251 0.014335 0.014893
0 0.345615 0.967906 0.017593 0.018778
0 0.388620 0.967582 0.014986 0.014245
0 0.410773 0.930674 0.014986 0.015540
0 0.385362 0.888910 0.022805 0.021368
0 0.405235 0.975676 0.018244 0.021368
0 0.527080 0.972762 0.029973 0.022015
0 0.407190 0.850384 0.014335 0.015540
0 0.421850 0.774627 0.014986 0.015540
0 0.418267 0.823189 0.015638 0.015540
0 0.453778 0.814124 0.022805 0.024605
0 0.465832 0.837758 0.019547 0.020073
0 0.514483 0.818657 0.016941 0.016835
0 0.524800 0.797613 0.018896 0.017483
0 0.484728 0.806678 0.018244 0.021368
0 0.545650 0.852974 0.016289 0.018130
0 0.557379 0.853945 0.013683 0.021368
0 0.568130 0.853298 0.015638 0.018778
0 0.594519 0.825455 0.012380 0.013598
0 0.606247 0.843262 0.009774 0.014245
0 0.577904 0.834520 0.016941 0.011008
0 0.586048 0.848118 0.013683 0.017483
0 0.597451 0.845528 0.014335 0.026548
0 0.559008 0.891824 0.013032 0.015540
0 0.581813 0.869485 0.013032 0.017483
0 0.603315 0.864953 0.013032 0.021368
0 0.576926 0.916753 0.013683 0.018778
0 0.590609 0.919667 0.018896 0.020720
0 0.575949 0.944919 0.020851 0.015540
0 0.624926 0.987331 0.011077 0.016188
0 0.634700 0.977294 0.014986 0.015540
0 0.631767 0.952042 0.016941 0.016835
0 0.657179 0.972438 0.013032 0.013598
0 0.665975 0.969201 0.014986 0.017483
0 0.725160 0.975676 0.022154 0.021368
0 0.895874 0.916429 0.022154 0.023310
0 0.791296 0.976971 0.014986 0.017483
0 0.775332 0.986683 0.020851 0.018778
0 0.809866 0.980208 0.016941 0.013598
0 0.812472 0.996417 0.029973 0.007166
0 0.841467 0.989921 0.012380 0.013598
0 0.855802 0.989921 0.014986 0.016188
0 0.896200 0.993180 0.018896 0.013640
0 0.933231 0.887615 0.018244 0.018778
0 0.914661 0.841643 0.018896 0.020073
0 0.961575 0.829664 0.014986 0.016835
0 0.968091 0.836139 0.017593 0.018130
0 0.972326 0.841967 0.011728 0.015540
0 0.909123 0.784015 0.020851 0.021368
0 0.809106 0.799555 0.017593 0.022663
0 0.790861 0.851355 0.021502 0.017483
0 0.757305 0.871104 0.024760 0.015540
0 0.967439 0.691747 0.014986 0.019425
0 0.982752 0.662609 0.020851 0.020720
0 0.943983 0.715057 0.022805 0.016835
0 0.989593 0.609082 0.013683 0.019425
0 0.719405 0.821247 0.016289 0.011655
0 0.709305 0.828477 0.011728 0.016619
0 0.772834 0.791462 0.018896 0.019425
0 0.734391 0.783368 0.014986 0.011008
0 0.719079 0.767828 0.014335 0.013598
0 0.752635 0.750669 0.017593 0.015540
0 0.651966 0.784339 0.010425 0.012950
0 0.676401 0.759410 0.020199 0.013598
0 0.635351 0.732431 0.024108 0.012303
0 0.646428 0.743762 0.021502 0.015540
0 0.685849 0.810455 0.020851 0.014245
0 0.887187 0.726280 0.016941 0.016835
0 0.891748 0.712682 0.018244 0.015540
0 0.891748 0.746352 0.013032 0.012950
0 0.899241 0.739877 0.014986 0.010360
0 0.895983 0.732107 0.016289 0.011655
0 0.919114 0.735992 0.013032 0.012950
0 0.920743 0.755741 0.011077 0.011008
0 0.910643 0.757684 0.011728 0.013598
0 0.912598 0.744086 0.014335 0.013598
0 0.846137 0.723690 0.015638 0.009065
0 0.840273 0.735021 0.016941 0.013598
0 0.112784 0.102629 0.020199 0.017483
1 0.353217 0.079211 0.065810 0.050505
0 0.328783 0.110938 0.015638 0.018130
0 0.335625 0.127450 0.020199 0.012303
0 0.352566 0.113528 0.014986 0.012950
0 0.349634 0.208387 0.013032 0.020073
0 0.324222 0.239791 0.020851 0.016835
0 0.434990 0.221337 0.019547 0.020073
0 0.391226 0.134572 0.021502 0.020073
0 0.409144 0.163710 0.015638 0.011008
0 0.357344 0.180869 0.013683 0.012950
0 0.362557 0.165328 0.017593 0.010360
0 0.353760 0.154321 0.020851 0.009065
0 0.377869 0.187667 0.018244 0.014893
0 0.428040 0.109967 0.014335 0.013598
0 0.422828 0.126478 0.011728 0.012950
0 0.447262 0.147198 0.008471 0.012950
0 0.461597 0.114823 0.009774 0.010360
0 0.469741 0.104140 0.010425 0.009713
0 0.478863 0.115795 0.013032 0.013598
0 0.475606 0.075973 0.016941 0.018130
0 0.502320 0.091513 0.016941 0.016835
0 0.517307 0.047483 0.013032 0.015540
1 0.405887 0.141695 0.100343 0.078348
0 0.469741 0.160472 0.019547 0.013598
0 0.483099 0.146227 0.014986 0.014893
0 0.485705 0.157558 0.014986 0.016835
0 0.512420 0.123888 0.012380 0.018130
0 0.522519 0.143313 0.018244 0.012950
0 0.558791 0.018346 0.006516 0.014245
0 0.551297 0.015216 0.011077 0.014893
0 0.452583 0.009065 0.020851 0.015540
0 0.529035 0.024281 0.011728 0.012303
0 0.541089 0.029138 0.012380 0.011655
0 0.530338 0.048886 0.018244 0.011008
0 0.554772 0.029138 0.013683 0.016835
0 0.539135 0.041440 0.020199 0.012950
0 0.554447 0.047915 0.016941 0.016835
0 0.553795 0.068311 0.018244 0.011008
0 0.564546 0.068635 0.017593 0.018130
0 0.566501 0.096478 0.014986 0.014245
0 0.582465 0.096801 0.015638 0.014893
0 0.569759 0.105543 0.017593 0.011655
0 0.573342 0.119140 0.015638 0.010360
0 0.548908 0.129176 0.011077 0.012303
0 0.530338 0.099391 0.018244 0.012303
0 0.544021 0.145688 0.016941 0.018130
0 0.539786 0.160256 0.016289 0.016188
0 0.562917 0.162523 0.018244 0.019425
0 0.562917 0.183890 0.019547 0.018130
0 0.498085 0.210654 0.017593 0.018130
0 0.512746 0.212920 0.014335 0.021368
0 0.477560 0.209035 0.013032 0.016188
0 0.475280 0.289325 0.020199 0.016188
0 0.520565 0.265044 0.019547 0.015540
0 0.557379 0.246266 0.014986 0.016835
0 0.563895 0.232992 0.021502 0.014893
0 0.573994 0.258892 0.016941 0.012303
0 0.585288 0.023958 0.014335 0.014245
0 0.604184 0.020720 0.013032 0.014245
0 0.553035 0.006475 0.018896 0.010360
0 0.612003 0.053743 0.010425 0.011655
0 0.627967 0.057304 0.012380 0.012303
0 0.627967 0.040145 0.011077 0.011655
0 0.635785 0.042411 0.007167 0.014893
0 0.640347 0.035289 0.017593 0.013598
0 0.700292 0.011655 0.020199 0.018130
0 0.681396 0.045973 0.013683 0.011655
0 0.674229 0.056009 0.013683 0.013598
0 0.647840 0.075110 0.011728 0.010360
0 0.635785 0.081585 0.013683 0.012950
0 0.634808 0.092916 0.016941 0.013598
0 0.649794 0.096801 0.015638 0.017483
0 0.609722 0.120759 0.013683 0.012303
0 0.591478 0.129500 0.014986 0.010360
0 0.600274 0.142126 0.015638 0.016188
0 0.633505 0.122378 0.011728 0.011655
0 0.640998 0.115579 0.021502 0.017483
0 0.612654 0.157019 0.014335 0.014893
0 0.602229 0.165113 0.014335 0.018130
0 0.614935 0.175473 0.016289 0.014245
0 0.620473 0.191984 0.014335 0.014893
0 0.612980 0.204610 0.017593 0.010360
0 0.634157 0.202991 0.015638 0.013598
0 0.634808 0.181948 0.016941 0.014245
0 0.644582 0.177415 0.015638 0.015540
0 0.648165 0.151839 0.018896 0.018778
0 0.676509 0.147306 0.016941 0.013598
0 0.696057 0.105219 0.014335 0.018778
0 0.689867 0.169969 0.012380 0.013598
0 0.673251 0.176120 0.015638 0.015540
0 0.674880 0.208819 0.013683 0.016188
0 0.657288 0.220150 0.016289 0.012950
0 0.634157 0.232776 0.020851 0.017483
0 0.655984 0.238280 0.017593 0.014245
0 0.642301 0.244755 0.017593 0.018130
0 0.657939 0.262885 0.020199 0.018130
0 0.724509 0.204934 0.016941 0.017483
0 0.754156 0.170940 0.020199 0.020720
0 0.733957 0.146659 0.014986 0.013598
0 0.724183 0.178386 0.016289 0.014893
0 0.697143 0.226949 0.015638 0.013598
0 0.698771 0.239251 0.021502 0.014893
0 0.682482 0.268713 0.016289 0.011655
0 0.701052 0.291699 0.016941 0.011008
0 0.757088 0.223064 0.015638 0.007123
0 0.752201 0.197164 0.009774 0.008418
0 0.760672 0.189394 0.016289 0.012303
0 0.783151 0.148601 0.018244 0.014893
0 0.826155 0.171911 0.013032 0.020073
0 0.826807 0.194898 0.011728 0.009065
0 0.771097 0.237633 0.012380 0.009065
0 0.759694 0.234719 0.015638 0.016188
0 0.755459 0.245726 0.013683 0.016188
0 0.767187 0.246698 0.014986 0.014245
0 0.778590 0.258677 0.013032 0.013598
0 0.706265 0.265691 0.014335 0.011655
0 0.712129 0.254036 0.016941 0.011655
0 0.718645 0.264720 0.014335 0.014893
0 0.713432 0.273461 0.013032 0.009065
0 0.648600 0.334002 0.024108 0.017483
0 0.662935 0.333787 0.017593 0.014893
0 0.672057 0.328283 0.013683 0.020720
0 0.682156 0.330549 0.019547 0.016188
0 0.675315 0.347060 0.013683 0.018130
0 0.692907 0.356125 0.022805 0.014245
0 0.757088 0.353535 0.019547 0.015540
0 0.721251 0.379759 0.014335 0.008418
0 0.719948 0.370370 0.014335 0.015540
0 0.705613 0.379112 0.014335 0.013598
0 0.696491 0.389148 0.013032 0.009065
0 0.677921 0.383968 0.018896 0.014245
0 0.778590 0.389148 0.019547 0.014245
0 0.730264 0.040469 0.017593 0.012303
0 0.739061 0.048886 0.015638 0.012303
0 0.770662 0.013274 0.009774 0.005828
0 0.761215 0.015216 0.014335 0.014893
0 0.788907 0.057304 0.020199 0.014893
0 0.758282 0.066045 0.020199 0.011655
0 0.712346 0.084823 0.014335 0.012950
0 0.720817 0.102953 0.014335 0.011655
0 0.729287 0.095183 0.016941 0.011655
0 0.743622 0.104895 0.018244 0.012950
0 0.761540 0.112665 0.016289 0.012950
0 0.769033 0.098420 0.019547 0.012950
0 0.790210 0.071549 0.013683 0.012303
0 0.790536 0.093240 0.020851 0.015540
0 0.782717 0.109428 0.013032 0.014245
0 0.802264 0.123673 0.015638 0.016835
0 0.782717 0.132090 0.010425 0.010360
0 0.827676 0.083851 0.016941 0.007123
0 0.832888 0.037879 0.011728 0.009713
0 0.810735 0.045973 0.014335 0.007770
0 0.820182 0.051476 0.016289 0.018778
0 0.841033 0.050829 0.013683 0.016188
0 0.828653 0.065074 0.020199 0.014893
0 0.837124 0.075758 0.012380 0.009065
0 0.849829 0.064426 0.016941 0.013598
0 0.845920 0.090003 0.011728 0.018130
0 0.853413 0.081585 0.013683 0.014245
0 0.863187 0.077053 0.020199 0.019425
0 0.840164 0.125291 0.018896 0.016188
1 0.911404 0.074463 0.038443 0.071225
0 0.933883 0.060865 0.026063 0.015540
0 0.955059 0.080938 0.013683 0.014245
0 0.969068 0.081261 0.010425 0.013598
0 0.961575 0.093240 0.017593 0.012950
0 0.854390 0.201373 0.014335 0.011655
0 0.875567 0.141803 0.011077 0.009065
0 0.875567 0.130795 0.021502 0.010360
0 0.886969 0.122701 0.014335 0.016188
0 0.903585 0.129176 0.008471 0.011008
0 0.914336 0.128853 0.013032 0.016835
0 0.907168 0.152486 0.011728 0.011008
1 0.866770 0.035289 0.050823 0.065398
0 0.874589 0.020073 0.013032 0.015540
0 0.781413 0.044354 0.018244 0.016188
0 0.784671 0.011008 0.016941 0.016835
0 0.801287 0.016188 0.013683 0.014245
0 0.866770 0.191660 0.014335 0.012950
1 0.935186 0.160580 0.045611 0.088060
1 0.891530 0.157019 0.048217 0.095183
1 0.929322 0.110399 0.037792 0.056333
1 0.977367 0.126586 0.045266 0.042088
0 0.978190 0.175796 0.015638 0.013598
0 0.960924 0.186804 0.012380 0.013598
0 0.965485 0.202344 0.008471 0.008418
0 0.933557 0.200401 0.016289 0.014893
0 0.948869 0.211085 0.016941 0.015540
0 0.981123 0.210438 0.011077 0.014245
0 0.966136 0.216265 0.011077 0.012950
0 0.958969 0.235690 0.017593 0.015540
0 0.962553 0.269037 0.014335 0.018778
0 0.939096 0.257058 0.018244 0.011655
0 0.941050 0.231481 0.014335 0.011008
0 0.940725 0.266770 0.014986 0.012950
0 0.945286 0.278425 0.018896 0.015540
0 0.943331 0.287814 0.024108 0.020073
0 0.977539 0.274540 0.016941 0.015540
0 0.990570 0.278425 0.014335 0.019425
1 0.982254 0.177415 0.035492 0.050505
1 0.978516 0.228568 0.042353 0.060865
0 0.831151 0.245942 0.018244 0.018778
0 0.813558 0.257597 0.010425 0.009713
0 0.799875 0.269576 0.016941 0.011655
0 0.823983 0.276051 0.019547 0.014245
0 0.808997 0.293857 0.018244 0.013598
0 0.788798 0.326232 0.015638 0.014893
0 0.773160 0.294829 0.015638 0.009065
0 0.792056 0.312635 0.024760 0.012303
0 0.799549 0.329146 0.018896 0.014245
0 0.805088 0.340801 0.024760 0.019425
0 0.817468 0.335945 0.018244 0.017483
0 0.824309 0.367349 0.016289 0.010360
0 0.822680 0.350190 0.020851 0.012303
0 0.844182 0.350190 0.019547 0.013598
0 0.848418 0.338535 0.017593 0.016188
0 0.841902 0.256626 0.009774 0.014245
0 0.853304 0.254360 0.019547 0.014893
0 0.890770 0.270547 0.016289 0.017483
0 0.864055 0.272814 0.016289 0.010360
0 0.860798 0.257921 0.012380 0.009065
0 0.879368 0.242381 0.014335 0.014245
0 0.898589 0.324614 0.018896 0.023310
0 0.864055 0.370262 0.018896 0.017483
0 0.853304 0.385479 0.020851 0.012950
0 0.898263 0.364111 0.020851 0.019425
0 0.912598 0.284145 0.015638 0.014893
0 0.956580 0.329146 0.016289 0.016835
0 0.975150 0.373500 0.018244 0.018778
0 0.938444 0.382349 0.014335 0.008418
0 0.939096 0.369723 0.018244 0.016835
0 0.851784 0.424113 0.013032 0.010360
0 0.853739 0.412134 0.014335 0.011008
0 0.864164 0.422818 0.019547 0.015540
0 0.900327 0.413753 0.017593 0.011655
0 0.901630 0.424760 0.018896 0.015540
0 0.910752 0.431235 0.014986 0.010360
0 0.883060 0.451955 0.013032 0.007770
0 0.879476 0.434473 0.017593 0.010360
0 0.833540 0.429940 0.014335 0.016835
0 0.835169 0.455840 0.013683 0.010360
0 0.860906 0.467495 0.018244 0.015540
0 0.943331 0.476560 0.016289 0.015540
0 0.964833 0.493395 0.025412 0.023310
0 0.948869 0.511526 0.016941 0.012950
0 0.787821 0.418825 0.018896 0.016188
0 0.791730 0.432099 0.013683 0.015540
0 0.700183 0.434689 0.015638 0.018130
0 0.763386 0.464474 0.018244 0.014245
0 0.771205 0.475805 0.014335 0.014893
0 0.794336 0.449581 0.014986 0.006475
0 0.809323 0.463179 0.017593 0.015540
0 0.809649 0.479043 0.010425 0.012303
0 0.825287 0.490374 0.018244 0.018130
0 0.825612 0.504295 0.018896 0.016188
0 0.851350 0.500410 0.019547 0.020073
0 0.897286 0.551886 0.017593 0.014245
0 0.832780 0.543145 0.016289 0.021368
0 0.829522 0.584261 0.020199 0.011655
0 0.861775 0.561923 0.020851 0.017483
0 0.865359 0.580053 0.017593 0.013598
0 0.906408 0.591384 0.017593 0.012950
0 0.948761 0.566455 0.013683 0.013598
0 0.936381 0.595269 0.016289 0.012950
0 0.950390 0.587499 0.023457 0.015540
1 0.928236 0.584261 0.078190 0.034965
0 0.915856 0.489403 0.011728 0.011008
0 0.927259 0.485194 0.020199 0.015540
0 0.716581 0.398537 0.016289 0.011008
0 0.722446 0.390767 0.022805 0.014893
0 0.741341 0.394975 0.013683 0.007770
0 0.752092 0.589657 0.019547 0.018130
0 0.733197 0.509151 0.018244 0.014245
0 0.737432 0.520159 0.018896 0.015540
0 0.744925 0.536670 0.015638 0.013598
0 0.708762 0.504943 0.018896 0.017483
0 0.664781 0.481956 0.016941 0.015540
0 0.675206 0.498791 0.018244 0.014245
0 0.687912 0.491021 0.016289 0.012950
0 0.679441 0.519835 0.018896 0.016188
0 0.694102 0.537641 0.018244 0.014245
0 0.716256 0.556743 0.013032 0.017483
0 0.718536 0.595593 0.017593 0.011008
0 0.682373 0.605629 0.023457 0.018130
0 0.780436 0.687106 0.026715 0.021368
0 0.710391 0.711387 0.016941 0.012950
0 0.736780 0.715920 0.013683 0.011655
0 0.733197 0.737935 0.015638 0.010360
0 0.743948 0.733079 0.017593 0.018778
0 0.775549 0.733510 0.016941 0.012303
0 0.781413 0.734482 0.013032 0.011655
0 0.795748 0.732539 0.013032 0.014245
0 0.682699 0.653220 0.011077 0.014893
0 0.692147 0.667789 0.022154 0.012950
0 0.682699 0.696279 0.018896 0.018130
0 0.660871 0.699193 0.019547 0.013598
0 0.663478 0.650954 0.016941 0.012950
0 0.651098 0.649335 0.018244 0.013598
0 0.633831 0.660667 0.016289 0.014245
0 0.611025 0.679768 0.026715 0.011008
0 0.599297 0.712790 0.017593 0.020073
0 0.584636 0.643076 0.020851 0.012303
0 0.642627 0.554692 0.016941 0.010360
0 0.643930 0.566347 0.016941 0.018130
0 0.656636 0.567642 0.014986 0.015540
0 0.640021 0.524799 0.022154 0.018778
0 0.619496 0.514439 0.021502 0.018778
0 0.610048 0.435336 0.019547 0.023310
0 0.482339 0.337672 0.018244 0.018778
0 0.457253 0.319218 0.017593 0.016835
0 0.448456 0.352240 0.019547 0.023310
0 0.482664 0.437710 0.026715 0.020720
0 0.555967 0.446775 0.018244 0.012950
0 0.536094 0.418285 0.018896 0.018130
0 0.544890 0.399832 0.019547 0.014893
0 0.569976 0.437279 0.018896 0.018130
0 0.582682 0.437279 0.014335 0.015540
0 0.585940 0.447315 0.018244 0.007123
0 0.578121 0.461560 0.018244 0.014893
0 0.598971 0.469654 0.018244 0.012950
0 0.594736 0.478395 0.016289 0.016188
0 0.608419 0.484870 0.012380 0.012303
0 0.588220 0.484546 0.024108 0.015540
0 0.562157 0.483899 0.014986 0.018130
0 0.534791 0.486813 0.028018 0.021368
0 0.530555 0.512065 0.024760 0.012303
0 0.508076 0.527929 0.030624 0.018130
0 0.592781 0.301088 0.033231 0.019425
0 0.563460 0.571635 0.011077 0.011008
0 0.559225 0.582643 0.015638 0.013598
0 0.552709 0.603686 0.023457 0.016835
0 0.460511 0.551886 0.021502 0.022015
0 0.517198 0.625054 0.017593 0.012950
0 0.525343 0.628939 0.019547 0.018130
0 0.521759 0.645127 0.021502 0.014245
0 0.557270 0.660343 0.020851 0.017483
0 0.548800 0.717323 0.013032 0.012303
1 0.564438 0.713438 0.045611 0.049858
0 0.561180 0.771389 0.015638 0.018130
0 0.573560 0.763619 0.019547 0.015540
0 0.469850 0.624622 0.020199 0.014245
0 0.468873 0.678689 0.016941 0.025253
0 0.411534 0.600341 0.020851 0.020073
0 0.426846 0.609730 0.017593 0.019425
0 0.439877 0.615557 0.013683 0.015540
0 0.427171 0.531382 0.022154 0.023310
0 0.431081 0.716352 0.015638 0.019425
0 0.424239 0.724769 0.017593 0.012950
0 0.430104 0.742252 0.016289 0.012950
0 0.438574 0.739338 0.017593 0.014893
0 0.448999 0.736100 0.018896 0.014893
0 0.377000 0.729949 0.015638 0.015540
0 0.382213 0.719265 0.023457 0.011008
0 0.380909 0.709877 0.023457 0.016835
0 0.463986 0.597859 0.016289 0.012950
0 0.473759 0.592679 0.014986 0.007770
0 0.477669 0.581024 0.016289 0.012950
0 0.233435 0.723798 0.019547 0.016188
0 0.182286 0.725417 0.020199 0.015540
0 0.122667 0.689049 0.019547 0.014893
0 0.126902 0.676746 0.029321 0.017483
0 0.172838 0.678365 0.020851 0.014245
0 0.181635 0.653112 0.022805 0.011655
0 0.196295 0.668329 0.023457 0.018778
0 0.329435 0.557282 0.018244 0.012950
0 0.336602 0.534620 0.020851 0.016835
0 0.317055 0.518108 0.016941 0.021368
0 0.294575 0.521022 0.021502 0.018130
0 0.267209 0.543361 0.018896 0.021368
0 0.261670 0.605197 0.019547 0.020720
0 0.404149 0.508072 0.016941 0.018130
0 0.406104 0.493935 0.018244 0.012303
0 0.401217 0.483575 0.018896 0.013598
0 0.406104 0.470949 0.010425 0.011655
0 0.389814 0.463826 0.022154 0.020720
0 0.396656 0.430696 0.013683 0.012303
0 0.394375 0.415156 0.018244 0.013598
0 0.419135 0.430696 0.018244 0.016188
0 0.387208 0.345981 0.018244 0.024605
0 0.406430 0.383212 0.025412 0.016188
0 0.421742 0.071549 0.022154 0.017483
0 0.362448 0.387529 0.019547 0.017483
0 0.353652 0.397565 0.012380 0.011655
0 0.344529 0.402745 0.013683 0.012950
0 0.342901 0.420552 0.016941 0.012303
0 0.310322 0.395947 0.023457 0.016188
0 0.327263 0.393357 0.022154 0.023958
0 0.195752 0.599586 0.022805 0.018130
0 0.289905 0.337348 0.022154 0.020720
0 0.088242 0.447639 0.020199 0.018130
0 0.111373 0.465769 0.016941 0.014245
0 0.225399 0.477100 0.022154 0.025253
0 0.241363 0.456704 0.014986 0.024605
0 0.166757 0.592031 0.018244 0.014245
0 0.162522 0.604334 0.026715 0.018130
0 0.170992 0.553829 0.029321 0.022015
0 0.173598 0.503971 0.020199 0.016835
0 0.191517 0.499115 0.018244 0.021368
0 0.123101 0.496849 0.019547 0.015540
0 0.136133 0.503648 0.009122 0.011008