1 0.035979 0.030852 0.050794 0.043508
1 0.183069 0.142285 0.067019 0.049723
2 0.236060 0.220981 0.037987 0.034151
2 0.362812 0.329395 0.040312 0.065008
2 0.420761 0.738471 0.032754 0.036468
2 0.697279 0.968730 0.051650 0.062540
2 0.640590 0.304026 0.036533 0.049152
2 0.580121 0.232676 0.056689 0.049152
2 0.073696 0.733714 0.041572 0.077693
2 0.276518 0.529177 0.046611 0.055495
2 0.394936 0.070949 0.051650 0.061837
2 0.591459 0.043201 0.049131 0.066594
2 0.823885 0.408674 0.065508 0.071350
1 0.050391 0.349215 0.042832 0.060251
1 0.029604 0.461790 0.056689 0.063423
1 0.021416 0.432457 0.035273 0.077693
0 0.013857 0.416602 0.017637 0.020612
1 0.138574 0.460205 0.040312 0.060251
1 0.085664 0.546618 0.047871 0.074522
1 0.200932 0.487159 0.071807 0.069765
1 0.176367 0.557717 0.065508 0.049152
1 0.143613 0.607662 0.035273 0.069765
1 0.172588 0.615590 0.030234 0.076107
2 0.192744 0.696454 0.032754 0.066594
1 0.275258 0.649679 0.051650 0.065008
1 0.400605 0.628274 0.047871 0.063423
1 0.328798 0.777317 0.032754 0.063423
1 0.284706 0.741642 0.050391 0.045981
1 0.218569 0.746399 0.041572 0.061837
1 0.016377 0.690111 0.032754 0.038054
1 0.078105 0.959657 0.050391 0.053909
1 0.018267 0.968730 0.026455 0.062540
1 0.352104 0.866902 0.051650 0.080864
1 0.469262 0.802686 0.049131 0.088792
1 0.501386 0.737678 0.065508 0.050738
1 0.469262 0.713102 0.036533 0.065008
1 0.490678 0.698832 0.044092 0.061837
1 0.629882 0.765426 0.037793 0.080864
1 0.682162 0.632238 0.076846 0.074522
1 0.667674 0.549789 0.073066 0.074522
1 0.656337 0.445934 0.042832 0.072936
1 0.538549 0.445142 0.046611 0.087206
1 0.563744 0.395196 0.056689 0.066594
1 0.573192 0.315918 0.057949 0.069765
1 0.359662 0.231883 0.064248 0.079278
1 0.307382 0.386476 0.047871 0.058666
1 0.468632 0.140713 0.060469 0.052324
1 0.650038 0.047958 0.055430 0.079278
1 0.735702 0.109795 0.055430 0.079278
1 0.682162 0.281036 0.066767 0.072936
1 0.207861 0.908919 0.080625 0.082449
1 0.277665 0.808941 0.051553 0.079685
1 0.262741 0.870127 0.022611 0.035858
1 0.339619 0.910539 0.046127 0.035858
1 0.403383 0.903709 0.019898 0.041550
1 0.247818 0.946681 0.017184 0.031874
2 0.157373 0.987286 0.012662 0.025428
2 0.169584 0.988516 0.018089 0.022198
0 0.480487 0.098039 0.018541 0.028459
0 0.498575 0.097185 0.021254 0.031305
0 0.329743 0.682384 0.015747 0.026162
0 0.453200 0.434640 0.014487 0.019027
0 0.619174 0.645124 0.020156 0.027747
1 0.361552 0.681988 0.016377 0.028540
1 0.397140 0.683970 0.023306 0.029333
1 0.759007 0.234463 0.035273 0.030918
1 0.829239 0.155184 0.044722 0.070558
1 0.840577 0.084627 0.061099 0.068972
2 0.976190 0.116338 0.047619 0.068972
1 0.976002 0.198787 0.047241 0.076900
1 0.827664 0.281237 0.054170 0.053116
1 0.817901 0.342677 0.051020 0.055495
0 0.791446 0.373199 0.013228 0.015063
1 0.953641 0.277273 0.060469 0.080071
1 0.881834 0.175004 0.035273 0.034090
1 0.908919 0.175797 0.050391 0.038846
1 0.901675 0.237237 0.090073 0.110989
1 0.988788 0.389451 0.022424 0.057080
1 0.906085 0.586061 0.048501 0.055495
1 0.776959 0.961840 0.052280 0.060251
1 0.778219 0.821121 0.054800 0.070558
1 0.824200 0.766419 0.040942 0.062630
1 0.852545 0.697051 0.062358 0.096719
2 0.951436 0.637989 0.048501 0.067386
1 0.980726 0.822707 0.035273 0.070558
1 0.928131 0.851643 0.052280 0.065008
0 0.894432 0.865913 0.013857 0.022198
2 0.441547 0.345452 0.031494 0.040432
1 0.923406 0.032700 0.054170 0.052324
1 0.768456 0.033096 0.025195 0.042017
1 0.445011 0.771969 0.052280 0.059459
1 0.469658 0.554328 0.018290 0.026309