2 0.559106 0.529040 0.202649 0.315657
2 0.412360 0.734848 0.192168 0.277778
1 0.085675 0.729798 0.146746 0.227273
1 0.063838 0.916667 0.124035 0.146465
1 0.225433 0.426768 0.122288 0.176768
1 0.649949 0.367424 0.104819 0.164141
1 0.737298 0.506313 0.153734 0.244949
1 0.868321 0.506313 0.115301 0.194444
1 0.907628 0.295455 0.148493 0.237374
1 0.773984 0.779040 0.188674 0.239899
0 0.319770 0.417929 0.041927 0.068182
1 0.539016 0.049242 0.099578 0.098484
1 0.279590 0.047980 0.174698 0.095960
1 0.291818 0.132576 0.171204 0.133838
1 0.430703 0.170455 0.113554 0.164141
1 0.388776 0.311869 0.211384 0.224747
1 0.200102 0.237374 0.172951 0.232323
1 0.088295 0.282828 0.103072 0.131313
1 0.026278 0.343434 0.045421 0.141414
0 0.479024 0.446829 0.020381 0.042088
0 0.714866 0.522587 0.026205 0.037879
0 0.238815 0.618336 0.034940 0.035774
1 0.223529 0.654111 0.120833 0.132576