1 0.094154 0.321653 0.072513 0.211374
1 0.099213 0.448808 0.102867 0.135412
1 0.199550 0.658531 0.104553 0.191558
1 0.569702 0.265507 0.106239 0.231191
1 0.654862 0.268809 0.087690 0.217980
1 0.643901 0.599082 0.143339 0.198163
1 0.729061 0.722934 0.111298 0.128806
1 0.800731 0.402570 0.065767 0.089174
1 0.840360 0.529725 0.067454 0.099082
1 0.383361 0.714677 0.084317 0.145320
1 0.624508 0.926696 0.141653 0.146608
1 0.920461 0.043580 0.079258 0.087160
1 0.982856 0.108627 0.032040 0.082568
1 0.771220 0.058442 0.053963 0.116884