0 0.161608 0.236586 0.045531 0.126706
0 0.581506 0.036601 0.059022 0.073202
0 0.949972 0.076537 0.047218 0.073356
0 0.827712 0.520006 0.042159 0.073356
0 0.756043 0.636709 0.037099 0.073356
0 0.707982 0.603365 0.038786 0.073356
0 0.580663 0.454986 0.043845 0.076690
0 0.448286 0.811762 0.055649 0.103365
0 0.906127 0.651713 0.050590 0.076690
0 0.780495 0.740074 0.055649 0.080025
0 0.670882 0.973402 0.035413 0.053196
0 0.315065 0.434980 0.028668 0.076690
0 0.371557 0.374962 0.053963 0.070021
0 0.347948 0.536678 0.050590 0.060018
0 0.385048 0.560018 0.047218 0.086693
0 0.058741 0.656715 0.035413 0.073356
1 0.148960 0.650046 0.209106 0.233405
1 0.442383 0.253258 0.165261 0.453472
1 0.431422 0.508336 0.183811 0.270083
1 0.637999 0.916794 0.067454 0.126706