2 0.548412 0.058569 0.013702 0.044626
2 0.933372 0.719280 0.010013 0.031238
2 0.085547 0.467640 0.011594 0.029751
1 0.070528 0.156746 0.026876 0.071401
1 0.167756 0.222197 0.030565 0.068426
1 0.141934 0.263848 0.023187 0.062476
1 0.144832 0.323349 0.030038 0.074376
1 0.145623 0.388800 0.023187 0.062476
1 0.030741 0.425989 0.029511 0.068426
1 0.008080 0.380619 0.015809 0.075864
1 0.038909 0.680356 0.030038 0.086277
1 0.003250 0.971168 0.006499 0.055039
1 0.017039 0.965962 0.021079 0.053551
1 0.075797 0.872248 0.024768 0.047601
1 0.159851 0.812003 0.028457 0.081814
1 0.143251 0.812746 0.027930 0.065451
1 0.223616 0.952574 0.026349 0.077352
1 0.203854 0.849935 0.027930 0.098177
1 0.194632 0.910923 0.020025 0.056526
1 0.167492 0.967362 0.034254 0.065276
1 0.168546 0.906461 0.025822 0.068426
1 0.115848 0.873735 0.019498 0.074376
1 0.112950 0.945880 0.018971 0.037188
1 0.078169 0.974143 0.033727 0.049088
1 0.095823 0.907205 0.030038 0.069914
1 0.132448 0.967449 0.021079 0.053551
1 0.216941 0.680108 0.021079 0.096689
1 0.233277 0.672671 0.041105 0.099664
1 0.268585 0.688290 0.029511 0.086277
1 0.262525 0.594823 0.044793 0.058014
1 0.270429 0.509290 0.046901 0.113052
1 0.547182 0.748783 0.040051 0.098177
1 0.781162 0.209801 0.025295 0.101152
1 0.706331 0.116087 0.050590 0.098177
1 0.715026 0.187488 0.045847 0.074376
1 0.721877 0.244758 0.034254 0.066939
1 0.746821 0.328556 0.028984 0.087764
1 0.747084 0.431939 0.025295 0.077352
1 0.775541 0.460202 0.025295 0.121977
1 0.673307 0.397726 0.034781 0.104127
1 0.688589 0.449045 0.032673 0.102640
1 0.718891 0.451277 0.030038 0.068426
1 0.717046 0.365744 0.038997 0.093714
