2 0.452696 0.433987 0.038839 0.033333
2 0.533971 0.395752 0.025893 0.027451
2 0.622439 0.399183 0.038839 0.028431
2 0.605177 0.436928 0.050347 0.027451
1 0.720976 0.403105 0.037401 0.036275
1 0.667033 0.419281 0.038839 0.029412
1 0.532533 0.601144 0.051786 0.042157
1 0.559145 0.572712 0.058978 0.018627
1 0.746869 0.489379 0.048909 0.030392
2 0.723134 0.567810 0.047470 0.034314
2 0.822390 0.584477 0.035962 0.022549
2 0.745431 0.596242 0.046032 0.018627
2 0.595827 0.852614 0.025893 0.025490
2 0.355598 0.803105 0.025893 0.016667
2 0.391560 0.816340 0.020139 0.019608
2 0.614527 0.870425 0.037401 0.010784
2 0.742554 0.880229 0.020139 0.028431
2 0.785709 0.926797 0.060417 0.021569
2 0.217502 0.941013 0.048909 0.036275
2 0.220379 0.780229 0.048909 0.032353
2 0.420330 0.691667 0.043155 0.037582
2 0.113930 0.279739 0.057540 0.039216
2 0.532533 0.341993 0.028770 0.020588
2 0.421769 0.039216 0.060417 0.041176
2 0.554110 0.020098 0.048909 0.032353
2 0.664875 0.014706 0.025893 0.021569
2 0.940347 0.320098 0.021577 0.028431
2 0.510955 0.269118 0.025893 0.014706
1 0.406664 0.328758 0.035962 0.023529
1 0.836056 0.669444 0.031647 0.069608
1 0.746150 0.683660 0.035962 0.035294
1 0.577126 0.743464 0.057540 0.049020
1 0.765570 0.734150 0.040278 0.026471
1 0.870580 0.781699 0.037401 0.029412
1 0.916612 0.851307 0.048909 0.056863
1 0.914454 0.910131 0.041716 0.037255
1 0.612370 0.808170 0.033085 0.039216
1 0.656963 0.831209 0.024454 0.022549
1 0.661998 0.914052 0.025893 0.021569
1 0.980625 0.931699 0.024454 0.033333
1 0.703714 0.987909 0.048909 0.024182
1 0.581442 0.918954 0.017262 0.021569
1 0.615966 0.937092 0.057540 0.022549
1 0.485782 0.988889 0.041716 0.022222
1 0.507359 0.852288 0.033085 0.027451
1 0.464924 0.939543 0.023016 0.029412
1 0.401630 0.927288 0.031647 0.038235
1 0.462766 0.785458 0.035962 0.018627
1 0.403068 0.738889 0.028770 0.021569
1 0.361352 0.764869 0.028770 0.022549
1 0.093791 0.892974 0.043155 0.034314
1 0.093072 0.933170 0.076240 0.034314
1 0.206953 0.265523 0.048909 0.048039
1 0.469958 0.037745 0.021577 0.022549
1 0.692926 0.106863 0.038839 0.025490
1 0.863388 0.116176 0.046032 0.046078
1 0.137978 0.028186 0.104291 0.056372