0 0.775761 0.120098 0.018204 0.029412
0 0.836442 0.183824 0.018204 0.034314
0 0.807112 0.237745 0.016182 0.034314
0 0.825317 0.269608 0.028318 0.039216
0 0.929486 0.270833 0.018204 0.036765
0 0.951735 0.317402 0.014159 0.022059
0 0.726205 0.758578 0.024272 0.036765
0 0.656422 0.743873 0.026295 0.026961
0 0.600798 0.791667 0.024272 0.044118
0 0.643274 0.805147 0.028318 0.031863
0 0.724182 0.854167 0.020227 0.031863
0 0.786886 0.868873 0.024272 0.031863
0 0.809135 0.946078 0.020227 0.029412
0 0.885998 0.928922 0.020227 0.014706
0 0.058715 0.075980 0.024272 0.034314
0 0.076920 0.132353 0.028318 0.019608
0 0.088044 0.257353 0.026295 0.044118
0 0.200304 0.323529 0.024272 0.029412
0 0.141646 0.355392 0.020227 0.034314
0 0.276155 0.308824 0.018204 0.029412
0 0.226599 0.394608 0.036409 0.029412
0 0.273121 0.414216 0.024272 0.024510
0 0.426846 0.287990 0.016182 0.041667
0 0.484493 0.303922 0.026295 0.029412
0 0.616979 0.306373 0.016182 0.024510
0 0.552253 0.147059 0.016182 0.019608
0 0.569446 0.107843 0.026295 0.029412
0 0.743398 0.325980 0.022250 0.034314
0 0.944656 0.519608 0.024272 0.034314
0 0.427857 0.473039 0.018204 0.034314
0 0.449095 0.513480 0.016182 0.036765
0 0.378301 0.525735 0.024272 0.036765
0 0.588661 0.599265 0.024272 0.031863
0 0.668558 0.536765 0.014159 0.024510
0 0.474379 0.689951 0.026295 0.036765
0 0.378301 0.821078 0.016182 0.034314
0 0.338859 0.647059 0.022250 0.019608
0 0.499663 0.765931 0.016182 0.022059
0 0.524947 0.794118 0.022250 0.029412
2 0.175020 0.026961 0.042477 0.053922
2 0.318632 0.052696 0.050567 0.105392
2 0.493595 0.019608 0.109226 0.039216
2 0.773738 0.482843 0.074840 0.073529
2 0.796999 0.550245 0.076862 0.071078
2 0.236713 0.700980 0.072817 0.093137
2 0.238735 0.863971 0.125407 0.071078
2 0.559332 0.340686 0.070794 0.063725
2 0.604843 0.533088 0.072817 0.075980
2 0.558321 0.664216 0.080908 0.053922
2 0.277166 0.231618 0.064726 0.071078
2 0.550230 0.178922 0.084953 0.034314
2 0.484493 0.133578 0.074840 0.066176
2 0.626081 0.859069 0.054613 0.061275
2 0.528992 0.919118 0.050567 0.024510
1 0.665524 0.034314 0.064726 0.068627
1 0.312564 0.535539 0.070794 0.075980
1 0.045568 0.306373 0.042477 0.063725
1 0.868805 0.758578 0.038431 0.056373
1 0.637206 0.622549 0.064726 0.044118
1 0.412687 0.839461 0.064726 0.056373
1 0.535060 0.873775 0.103157 0.075980
1 0.695864 0.977941 0.044499 0.044118