1 0.193076 0.210784 0.166418 0.176471
1 0.140523 0.421569 0.078830 0.068627
1 0.204024 0.479167 0.144521 0.100490
1 0.148187 0.781863 0.190505 0.171569
1 0.379201 0.389706 0.144521 0.151961
1 0.422995 0.194853 0.083209 0.115196
1 0.453651 0.077206 0.096347 0.075980
1 0.429564 0.272059 0.109485 0.161765
1 0.540145 0.303922 0.137952 0.166667
1 0.684665 0.279412 0.146710 0.137255
1 0.648535 0.455882 0.122624 0.147059
1 0.794151 0.819853 0.072260 0.071078
1 0.837945 0.805147 0.199263 0.134804
1 0.939766 0.893382 0.109485 0.120098
1 0.804004 0.473039 0.109485 0.117647
1 0.809479 0.409314 0.168608 0.073529
1 0.650725 0.164216 0.118244 0.127451
1 0.562042 0.023284 0.120434 0.046568
1 0.553283 0.071078 0.124813 0.088235
1 0.706562 0.090686 0.094157 0.122549
1 0.625543 0.018382 0.089778 0.036764
1 0.887213 0.100490 0.144521 0.151961
1 0.964948 0.034314 0.067881 0.068627
1 0.787582 0.147059 0.129193 0.112745
1 0.830281 0.226716 0.100727 0.139706
1 0.927723 0.316176 0.085399 0.132353
1 0.881739 0.312500 0.142331 0.183824
1 0.972612 0.525735 0.048174 0.134804
1 0.987401 0.513480 0.025198 0.208333