2 0.495972 0.274590 0.203395 0.178689
2 0.655064 0.224590 0.183257 0.127869
2 0.519131 0.059836 0.173188 0.119672
2 0.353999 0.453279 0.233602 0.224590
2 0.802072 0.542623 0.142981 0.101639
2 0.900749 0.451639 0.179229 0.250820
2 0.752734 0.414754 0.193326 0.203279
2 0.809120 0.647541 0.185271 0.140984
2 0.795024 0.842623 0.370542 0.278689
1 0.162686 0.381148 0.237630 0.214754
1 0.759782 0.270492 0.179229 0.101639
1 0.811134 0.200820 0.185271 0.126230
1 0.808114 0.091803 0.138953 0.111475
1 0.899742 0.077049 0.136939 0.104918
1 0.938795 0.154098 0.122410 0.150820
1 0.667147 0.089344 0.223533 0.178688
0 0.676209 0.606557 0.068470 0.059016
0 0.490938 0.433607 0.080553 0.057377