0 0.485044 0.175258 0.043207 0.037801
0 0.478397 0.109966 0.036560 0.034364
0 0.832361 0.323883 0.043207 0.053265
0 0.944533 0.669244 0.041545 0.049828
0 0.309723 0.759450 0.034898 0.037801
0 0.546531 0.645189 0.029913 0.036082
0 0.557332 0.615979 0.041545 0.039519
0 0.467595 0.658935 0.041545 0.046392
0 0.225802 0.515464 0.036560 0.034364
0 0.121108 0.386598 0.039883 0.044674
0 0.223309 0.546392 0.031574 0.034364
0 0.585583 0.731100 0.028251 0.029210
0 0.507478 0.124570 0.034898 0.039519
0 0.450977 0.739691 0.031574 0.029210