2 0.043565 0.608156 0.034852 0.056902
0 0.056199 0.716154 0.020040 0.024387
0 0.080160 0.580867 0.017426 0.025548
0 0.047051 0.434547 0.019169 0.025548
0 0.166855 0.340485 0.016555 0.018580
0 0.127647 0.519900 0.016555 0.022064
0 0.151172 0.550674 0.020040 0.020903
0 0.237867 0.594221 0.019169 0.022064
0 0.071883 0.047847 0.014812 0.020903
0 0.165984 0.097781 0.014812 0.018580
0 0.219134 0.369517 0.016555 0.023225
0 0.280997 0.230746 0.018297 0.019741
0 0.296680 0.452547 0.013070 0.017419
0 0.320641 0.509449 0.017426 0.022064
0 0.405158 0.434547 0.015684 0.025548
0 0.434347 0.406097 0.014812 0.024387
0 0.321948 0.673768 0.013070 0.023225
0 0.396445 0.636607 0.015684 0.025548
0 0.409079 0.842731 0.016555 0.017419
0 0.265749 0.813119 0.017426 0.018580
0 0.339374 0.932729 0.016555 0.020903
0 0.544793 0.396385 0.016329 0.020774
0 0.604914 0.448813 0.016329 0.022752
0 0.554071 0.518059 0.015587 0.022752
0 0.600460 0.382535 0.019298 0.022752
0 0.719216 0.024436 0.014845 0.014838
0 0.652045 0.038285 0.017071 0.020774
0 0.620871 0.094671 0.015587 0.026709
0 0.691754 0.092198 0.017813 0.023741
0 0.703629 0.151057 0.016329 0.024731
0 0.689156 0.392428 0.015587 0.018795
0 0.796779 0.354837 0.018556 0.016817
0 0.817561 0.211400 0.017071 0.024731
0 0.918875 0.322687 0.023751 0.023741
0 0.883248 0.413201 0.016329 0.018795
0 0.824612 0.543779 0.016329 0.022752
0 0.860239 0.596702 0.016329 0.019784
0 0.876197 0.722334 0.015587 0.023741
0 0.659838 0.850438 0.016329 0.024731
0 0.793810 0.976070 0.018556 0.020774