1 0.327238 0.141414 0.075346 0.085859
0 0.363769 0.068182 0.066213 0.040404
1 0.596656 0.212121 0.107311 0.101010
1 0.643461 0.126263 0.109594 0.116162
1 0.926579 0.513889 0.136992 0.093434
1 0.614921 0.412879 0.143842 0.184343
1 0.434548 0.593434 0.171240 0.196970
1 0.157139 0.497475 0.173524 0.181818
1 0.203945 0.593434 0.139275 0.156566
1 0.087702 0.732323 0.175404 0.060606
1 0.056678 0.633838 0.091328 0.116162
1 0.256458 0.781566 0.084479 0.133838
1 0.340937 0.838384 0.084479 0.303030
1 0.457380 0.878788 0.143842 0.151515