2 0.512245 0.727869 0.063384 0.075410
2 0.293281 0.653279 0.074909 0.152459
2 0.601559 0.302459 0.118125 0.136066
2 0.163632 0.670492 0.069146 0.118033
2 0.136261 0.604918 0.095076 0.108197
2 0.347302 0.652459 0.070587 0.108197
1 0.494238 0.231967 0.157020 0.142623
1 0.578510 0.745082 0.100838 0.080328
1 0.550419 0.668852 0.067706 0.088525
1 0.591475 0.641803 0.060503 0.073770
1 0.623167 0.617213 0.083552 0.126230
1 0.576349 0.459836 0.162782 0.103279
1 0.321372 0.481967 0.131090 0.177049
1 0.381155 0.577049 0.097957 0.104918
1 0.918479 0.637705 0.126768 0.118033
1 0.939367 0.740164 0.105160 0.145902
2 0.805396 0.895902 0.087873 0.122951