1 0.129857 0.127525 0.177432 0.133838
1 0.296939 0.916667 0.186304 0.156566
1 0.452192 0.914141 0.070973 0.101010
1 0.589702 0.843434 0.156732 0.191919
2 0.750869 0.877525 0.130117 0.108586
2 0.530558 0.279040 0.085759 0.078283
2 0.581366 0.157828 0.044358 0.138889
2 0.630653 0.195707 0.059144 0.113636
2 0.732923 0.715488 0.061608 0.084175
1 0.038089 0.727062 0.076177 0.237795
1 0.136554 0.758628 0.174968 0.107323
1 0.254842 0.746002 0.115824 0.094697
1 0.842586 0.639731 0.133074 0.101010
1 0.808085 0.758628 0.133074 0.124158
1 0.874622 0.523990 0.118288 0.096801
1 0.879551 0.370370 0.088716 0.101010
1 0.771120 0.315657 0.167575 0.126263
1 0.667618 0.424032 0.128145 0.195707
1 0.399006 0.199916 0.138003 0.105219
1 0.408863 0.101010 0.192218 0.134680
1 0.391613 0.270412 0.118288 0.098906
1 0.194466 0.320918 0.108431 0.094697
1 0.194466 0.387205 0.157718 0.185185
1 0.275789 0.580808 0.152789 0.101010
1 0.350951 0.651305 0.140467 0.157828
1 0.443364 0.453493 0.123217 0.086279
1 0.559187 0.573443 0.187290 0.124158
1 0.944704 0.649200 0.110592 0.170455
1 0.944856 0.334596 0.105966 0.155724
1 0.930070 0.459806 0.110895 0.145202
2 0.694726 0.216751 0.093645 0.088384
2 0.679940 0.293561 0.093645 0.069444
1 0.869694 0.085227 0.093645 0.107323