1 0.228727 0.024200 0.042665 0.048400
1 0.333243 0.180450 0.054740 0.045244
1 0.059676 0.274446 0.041055 0.036827
1 0.041563 0.283389 0.049910 0.050505
1 0.183512 0.235164 0.045080 0.047348
1 0.145275 0.297769 0.029785 0.046296
1 0.130382 0.321970 0.041860 0.046296
1 0.101000 0.305135 0.039445 0.042088
1 0.115490 0.344592 0.044275 0.053662
1 0.151312 0.462788 0.045080 0.045244
1 0.174255 0.494353 0.039445 0.038931
1 0.189550 0.506980 0.057155 0.049453
1 0.209272 0.473309 0.061180 0.068392
1 0.295945 0.350730 0.046690 0.075758
1 0.101536 0.688131 0.045885 0.084175
1 0.232215 0.827020 0.044275 0.061027
1 0.339817 0.791772 0.052325 0.064184
1 0.394557 0.740741 0.058765 0.050505
1 0.415085 0.814920 0.046690 0.062079
1 0.160972 0.969942 0.051520 0.045244
1 0.163790 0.932064 0.068425 0.051557
0 0.040222 0.646395 0.022540 0.027357
1 0.302385 0.878753 0.028980 0.028409
1 0.105561 0.173085 0.036225 0.032618
1 0.453323 0.375982 0.039445 0.037879
2 0.511686 0.324425 0.059570 0.039983
2 0.557973 0.433326 0.053935 0.043140
2 0.542276 0.496458 0.049910 0.055766
2 0.477875 0.541877 0.049910 0.061027
2 0.530603 0.562921 0.055545 0.052609
2 0.738562 0.427189 0.063595 0.054714
2 0.613384 0.715839 0.048300 0.052609
2 0.588429 0.650077 0.051520 0.036827
2 0.621434 0.672173 0.061180 0.059975
1 0.595272 0.614829 0.039445 0.035774
1 0.597016 0.387030 0.049910 0.047348
1 0.650951 0.404391 0.061180 0.077862
1 0.677516 0.354938 0.038640 0.046296
1 0.768750 0.562921 0.046690 0.065236
1 0.830735 0.882611 0.057960 0.097854
1 0.975368 0.810010 0.037030 0.072601
1 0.983418 0.866828 0.030590 0.043140
1 0.874742 0.644641 0.045080 0.067340
1 0.923445 0.486462 0.047495 0.069444
1 0.897282 0.314955 0.027370 0.058923
1 0.864277 0.299172 0.033810 0.061027
1 0.762042 0.282337 0.035420 0.042088
2 0.744734 0.306538 0.041055 0.067340
1 0.800682 0.243406 0.048300 0.033670
1 0.823222 0.313377 0.027370 0.057870
1 0.729036 0.357569 0.037030 0.030513
1 0.589368 0.169578 0.052325 0.066288
1 0.675906 0.029461 0.046690 0.054714
1 0.700861 0.050505 0.038640 0.050505
1 0.668661 0.067340 0.045080 0.058923
1 0.743527 0.062079 0.061180 0.027357
1 0.766469 0.041561 0.039445 0.026305
1 0.762042 0.097854 0.035420 0.035774
1 0.710924 0.081019 0.047495 0.033670
1 0.732659 0.115741 0.037835 0.033670
1 0.712131 0.128367 0.069230 0.048401
1 0.714949 0.159407 0.037835 0.038931
1 0.707301 0.169928 0.051520 0.059975
0 0.085034 0.459806 0.020930 0.023148
0 0.684287 0.425864 0.021467 0.020576