1 0.028848 0.071743 0.053740 0.036778
1 0.118804 0.058016 0.051403 0.034188
1 0.160861 0.028231 0.054519 0.035742
1 0.072074 0.013468 0.059192 0.026936
1 0.132044 0.016576 0.062307 0.022792
1 0.210317 0.049987 0.056855 0.044030
1 0.257048 0.049987 0.095797 0.051282
1 0.067790 0.122248 0.089566 0.051800
1 0.077136 0.168609 0.080220 0.041958
1 0.045593 0.224553 0.082557 0.044030
1 0.209539 0.108262 0.053740 0.034188
1 0.297547 0.107226 0.069317 0.035224
1 0.343109 0.077700 0.056076 0.039368
1 0.214212 0.150479 0.066201 0.048174
1 0.203697 0.196840 0.062307 0.046620
2 0.225505 0.223776 0.021807 0.027972
2 0.372705 0.263921 0.079441 0.031598
2 0.067401 0.335923 0.090345 0.053354
1 0.076747 0.389536 0.063865 0.044548
1 0.132434 0.366744 0.063086 0.036260
1 0.228620 0.343175 0.068538 0.041958
1 0.298715 0.346283 0.057634 0.056462
1 0.225115 0.387464 0.083336 0.043512
1 0.345446 0.464128 0.079441 0.065268
1 0.120297 0.528380 0.069856 0.039009
1 0.281756 0.560815 0.081718 0.038133
1 0.021266 0.425378 0.042532 0.072321
1 0.221456 0.606399 0.070515 0.031996
1 0.267917 0.755424 0.097534 0.074951
1 0.338431 0.764190 0.046131 0.040763
2 0.345351 0.822485 0.037564 0.033750
1 0.260008 0.818321 0.047449 0.038571
1 0.207617 0.809336 0.044154 0.035503
1 0.184222 0.849222 0.043495 0.040763
1 0.356554 0.216963 0.065243 0.052597
1 0.381267 0.182336 0.059311 0.031558
1 0.364792 0.129958 0.038223 0.049529
1 0.411253 0.116371 0.050744 0.043393
1 0.422785 0.154723 0.056675 0.046461
1 0.461008 0.184966 0.060630 0.042954
1 0.521638 0.196800 0.057993 0.037694
1 0.530535 0.252904 0.037564 0.025422
1 0.568428 0.149901 0.077764 0.048214
1 0.551294 0.105413 0.061948 0.034626
1 0.613900 0.111111 0.046131 0.033750
1 0.670576 0.129082 0.057993 0.036380
1 0.639931 0.149463 0.063925 0.046461
1 0.466610 0.303967 0.056016 0.045146
1 0.475507 0.337936 0.065902 0.036818
1 0.566122 0.404339 0.090285 0.044269
1 0.548987 0.553364 0.073151 0.041639
1 0.615218 0.547885 0.061948 0.046461
1 0.577325 0.599386 0.074469 0.054789
1 0.630046 0.587333 0.056016 0.041201
1 0.748010 0.559939 0.062607 0.039886
1 0.745045 0.598071 0.077764 0.040763
1 0.692982 0.617795 0.075128 0.045146
1 0.675848 0.550077 0.060630 0.033311
1 0.683756 0.582073 0.055357 0.041201
1 0.693312 0.515889 0.081059 0.039448
1 0.628399 0.505150 0.094898 0.043393
1 0.665633 0.485645 0.041518 0.022792
1 0.571394 0.495069 0.061289 0.041639
1 0.729558 0.411352 0.061289 0.025860
1 0.763497 0.433925 0.065902 0.034188
1 0.717036 0.339470 0.095557 0.061801
2 0.712753 0.149682 0.039541 0.028490
1 0.676507 0.692308 0.088308 0.095989
2 0.617854 0.830375 0.047449 0.025860
1 0.845874 0.517642 0.054039 0.034188
1 0.856089 0.461758 0.078423 0.032873
1 0.930228 0.477975 0.073810 0.050405
1 0.905845 0.423406 0.085672 0.054350
1 0.982908 0.461538 0.034184 0.048214
2 0.960213 0.375192 0.050744 0.030682
1 0.843568 0.238878 0.100830 0.063116
1 0.862679 0.176419 0.102148 0.062678
1 0.917048 0.130616 0.060630 0.048214
1 0.812594 0.091826 0.049426 0.026737
1 0.798095 0.061363 0.052062 0.020162
1 0.774700 0.028052 0.071174 0.027175
1 0.849169 0.052378 0.046131 0.049529
1 0.947363 0.044488 0.071174 0.038133
1 0.193777 0.294762 0.100830 0.046899
1 0.167417 0.322156 0.044154 0.035065
0 0.264292 0.181679 0.017793 0.011834
0 0.080756 0.295858 0.018452 0.011396
0 0.179938 0.381109 0.015157 0.009204
0 0.171041 0.441815 0.017134 0.009643
0 0.347658 0.392286 0.015816 0.009643
0 0.130182 0.504931 0.017134 0.011396
0 0.464609 0.362393 0.017991 0.015385
1 0.462039 0.382051 0.071965 0.042735
0 0.295620 0.841026 0.016706 0.017094
0 0.075871 0.673932 0.024417 0.012821
1 0.205667 0.511471 0.082516 0.045884
1 0.250983 0.468286 0.075752 0.047683
1 0.188758 0.459289 0.073047 0.060279
1 0.280067 0.418803 0.074399 0.051282
1 0.378815 0.375619 0.052756 0.035088
1 0.377463 0.407557 0.036523 0.025191
1 0.343045 0.385492 0.032951 0.024107
1 0.575469 0.687559 0.081864 0.056980
1 0.511215 0.692624 0.065682 0.062045
1 0.165671 0.723014 0.073297 0.031656
1 0.106176 0.711301 0.087576 0.031022
1 0.068576 0.698955 0.063778 0.039253
1 0.049062 0.719848 0.072345 0.054448
1 0.242300 0.849319 0.078057 0.041152
1 0.578325 0.921178 0.074249 0.039253
1 0.584037 0.881925 0.074249 0.039253
1 0.634012 0.867680 0.086624 0.025958
1 0.594032 0.859449 0.054259 0.041152
1 0.475519 0.076607 0.083768 0.064577
1 0.553099 0.078822 0.063778 0.048750
1 0.580705 0.024375 0.059970 0.039886
1 0.493129 0.019626 0.077105 0.029123
1 0.542152 0.018044 0.041884 0.032289
1 0.527874 0.048750 0.060922 0.041785