0 0.015685 0.044699 0.014687 0.016269
0 0.045332 0.031141 0.011968 0.018076
0 0.071987 0.018036 0.006528 0.015365
0 0.087218 0.020296 0.008704 0.019884
0 0.126657 0.037920 0.011424 0.018980
0 0.218046 0.041987 0.011424 0.025307
0 0.171535 0.077688 0.013056 0.022595
0 0.138352 0.094408 0.010880 0.021692
0 0.025476 0.073621 0.012512 0.016269
0 0.005802 0.084014 0.011604 0.024403
0 0.012693 0.104350 0.008704 0.014461
0 0.049412 0.117455 0.015775 0.026211
0 0.104082 0.151800 0.016319 0.022595
0 0.122033 0.135080 0.013056 0.023499
0 0.147328 0.130109 0.010336 0.024403
0 0.222397 0.085370 0.010336 0.019884
0 0.259116 0.091245 0.008704 0.018980
0 0.052041 0.180572 0.010880 0.021692
0 0.022666 0.184187 0.010880 0.014461
0 0.003717 0.183283 0.007434 0.007231
0 0.039711 0.242935 0.008704 0.019884
0 0.089485 0.195936 0.015775 0.019884
0 0.164826 0.232993 0.015231 0.018076
0 0.180058 0.217628 0.011968 0.019884
0 0.105260 0.336027 0.010336 0.016269
0 0.335092 0.077989 0.007616 0.015365
2 0.320949 0.039577 0.039167 0.050614
0 0.309344 0.131766 0.009792 0.014461
0 0.326207 0.126795 0.006528 0.020788
0 0.292208 0.141708 0.008160 0.021692
0 0.260385 0.227118 0.011968 0.018980
0 0.316960 0.246098 0.007616 0.015365
0 0.273441 0.294000 0.009792 0.022595
0 0.261473 0.325182 0.010880 0.016269
0 0.387133 0.152553 0.013056 0.023499
0 0.377885 0.191417 0.009792 0.021692
0 0.324575 0.180120 0.008704 0.017172
0 0.383869 0.241127 0.011968 0.019884
0 0.346606 0.280895 0.010336 0.021692
0 0.335183 0.298519 0.005984 0.017172
0 0.219315 0.247002 0.009248 0.015365
0 0.170357 0.197744 0.007072 0.016269
0 0.153765 0.212205 0.011968 0.018076
0 0.166549 0.300779 0.012512 0.023499
0 0.180692 0.286770 0.008160 0.018980
0 0.178516 0.350488 0.011424 0.018076
0 0.236178 0.247454 0.011424 0.019884
0 0.384957 0.372632 0.015231 0.024403
0 0.401005 0.406525 0.010336 0.018076
0 0.353406 0.355459 0.010880 0.022595
0 0.427932 0.361334 0.007616 0.021692
0 0.410524 0.369920 0.011968 0.028018
0 0.454587 0.393871 0.013056 0.025307
0 0.463562 0.372180 0.015775 0.028922
0 0.461930 0.354104 0.011424 0.018076
0 0.472266 0.328797 0.009248 0.021692
0 0.486954 0.341902 0.017951 0.026211
0 0.501641 0.307557 0.010336 0.026211
0 0.493753 0.376699 0.009792 0.019884
0 0.497561 0.475215 0.009792 0.018076
0 0.505721 0.473859 0.010880 0.024403
0 0.517960 0.452619 0.012512 0.021692
0 0.531560 0.440418 0.011424 0.026211
0 0.515785 0.162495 0.005984 0.010846
0 0.515785 0.156169 0.013600 0.016269
0 0.307440 0.441322 0.019039 0.026211
0 0.295744 0.458946 0.017407 0.014461
0 0.265281 0.432735 0.013056 0.019884
0 0.213331 0.393871 0.007072 0.023499
0 0.230467 0.406525 0.009792 0.018076
0 0.212787 0.428216 0.008160 0.018076
0 0.210067 0.459850 0.013600 0.019884
0 0.242162 0.490579 0.014687 0.012653
0 0.245154 0.450812 0.009792 0.018076
0 0.440896 0.466628 0.014687 0.020788
2 0.379427 0.467080 0.037535 0.052421
0 0.406354 0.469340 0.011968 0.020788
0 0.422401 0.494195 0.009248 0.016269
0 0.539992 0.444485 0.007616 0.014461
0 0.562023 0.461657 0.011424 0.016269
0 0.575894 0.366305 0.011968 0.022595
0 0.966926 0.051929 0.013600 0.016269
0 0.973998 0.084014 0.008160 0.015365
0 0.950063 0.106610 0.010336 0.022595
0 0.956046 0.188405 0.009248 0.018076
0 0.947343 0.217779 0.008160 0.024403
0 0.931839 0.161742 0.010880 0.015365
0 0.920416 0.057352 0.009792 0.016269
0 0.909536 0.040631 0.007616 0.015365
0 0.869825 0.012161 0.013056 0.023499
0 0.899744 0.079043 0.009792 0.016269
0 0.878257 0.074072 0.009248 0.018980
0 0.865202 0.076332 0.009248 0.016269
0 0.834467 0.089889 0.008704 0.023499
0 0.858747 0.096052 0.010189 0.010518
0 0.915792 0.126945 0.011424 0.021692
0 0.928031 0.185693 0.009792 0.016269
0 0.917968 0.205125 0.008160 0.020788
0 0.936463 0.207837 0.005984 0.008134
0 0.948159 0.270652 0.008704 0.016269
0 0.957950 0.283757 0.010880 0.024403
0 0.914160 0.317198 0.013600 0.017172
0 0.867105 0.278334 0.014144 0.022595
0 0.821411 0.238114 0.010880 0.016269
1 0.852146 0.257546 0.034271 0.084055
2 0.848610 0.347476 0.042431 0.057844
0 0.930751 0.381369 0.008704 0.017172
0 0.942719 0.351995 0.008704 0.018076
0 0.972638 0.384984 0.011968 0.029826
0 0.906816 0.417973 0.014144 0.021692
0 0.935919 0.477625 0.010336 0.014461
0 0.940815 0.470846 0.011424 0.022595
0 0.951423 0.515585 0.010880 0.021692
0 0.923407 0.526882 0.011424 0.031633
0 0.939999 0.542699 0.009792 0.025307
0 0.968558 0.537728 0.010336 0.028018
0 0.948159 0.571621 0.010880 0.023499
0 0.978350 0.596024 0.011424 0.012653
0 0.850514 0.461808 0.014687 0.020788
0 0.822499 0.445991 0.011968 0.019884
0 0.950335 0.620728 0.010880 0.023499
0 0.937823 0.719244 0.010880 0.027114
0 0.876897 0.708398 0.014144 0.025307
0 0.912800 0.597229 0.009792 0.012653
0 0.901376 0.601748 0.008704 0.021692
0 0.880161 0.606719 0.010880 0.022595
0 0.862210 0.622084 0.009792 0.031633
0 0.892673 0.623892 0.006528 0.015365
0 0.908992 0.626603 0.008704 0.022595
0 0.894849 0.726474 0.008704 0.018076
0 0.901376 0.746358 0.013056 0.021692
0 0.932111 0.791549 0.012512 0.014461
0 0.790132 0.704331 0.011424 0.018980
0 0.788772 0.727830 0.016319 0.022595
0 0.808084 0.692581 0.012512 0.028018
0 0.770005 0.730994 0.009248 0.012653
0 0.766469 0.744099 0.009792 0.013557
0 0.710983 0.707042 0.015231 0.024403
0 0.734374 0.758108 0.015231 0.016269
0 0.794212 0.811433 0.017407 0.018076
0 0.829843 0.481541 0.014687 0.023499
0 0.824131 0.500069 0.013056 0.017172
0 0.839906 0.535770 0.006528 0.010846
0 0.845074 0.543904 0.014687 0.014461
0 0.857586 0.557461 0.007072 0.019884
0 0.806996 0.555353 0.008160 0.010846
0 0.806180 0.571621 0.010880 0.014461
0 0.880705 0.789741 0.010880 0.016269
0 0.867105 0.778896 0.014144 0.018076
0 0.816153 0.837643 0.006528 0.012653
0 0.788138 0.848037 0.012512 0.017172
0 0.862391 0.857075 0.009792 0.020788
0 0.870007 0.885094 0.011968 0.026211
0 0.870551 0.908141 0.008704 0.019884
0 0.894486 0.887353 0.013056 0.025307
0 0.917605 0.900910 0.012512 0.023499
0 0.966110 0.936159 0.011968 0.019884
0 0.806724 0.915371 0.014144 0.018076
0 0.846978 0.926669 0.010880 0.013557
0 0.763749 0.884642 0.013056 0.016269
0 0.763749 0.828605 0.013056 0.019884
0 0.711527 0.869277 0.009792 0.018076
0 0.730294 0.861594 0.014687 0.022595
0 0.650601 0.946703 0.017407 0.023499
0 0.623402 0.954838 0.011968 0.018076
0 0.627482 0.780854 0.007072 0.013557
0 0.637274 0.772268 0.009248 0.023499
0 0.644889 0.789892 0.009248 0.013557
0 0.649241 0.744701 0.010336 0.022595
0 0.663657 0.821073 0.014144 0.018076
0 0.688952 0.880273 0.010336 0.022595
0 0.600011 0.840054 0.010880 0.016269
0 0.605451 0.843669 0.011968 0.021692
0 0.616330 0.855870 0.017407 0.024403
0 0.543437 0.902869 0.010880 0.017172
0 0.534733 0.861745 0.013056 0.016269
0 0.540717 0.946252 0.009792 0.013557
0 0.575260 0.941732 0.010336 0.017172
0 0.652505 0.668630 0.011424 0.021692
0 0.562204 0.697552 0.012512 0.021692
0 0.741809 0.631574 0.015231 0.027114
0 0.524942 0.701168 0.013056 0.023499
0 0.496473 0.654621 0.016319 0.022595
0 0.422220 0.731897 0.010336 0.021692
0 0.407532 0.712013 0.007072 0.018076
0 0.387677 0.713821 0.009792 0.018076
0 0.417868 0.655073 0.008160 0.012653
0 0.424668 0.665919 0.007616 0.012653
0 0.361566 0.735965 0.011968 0.020788
0 0.341711 0.750877 0.012512 0.018076
2 0.318229 0.771213 0.026111 0.028018
0 0.447152 0.844874 0.006528 0.014461
0 0.386770 0.851201 0.013056 0.021692
0 0.394930 0.882382 0.014144 0.024403
0 0.413425 0.857979 0.009792 0.028018
0 0.285409 0.776184 0.018495 0.027114
0 0.291936 0.800587 0.014144 0.018076
0 0.326207 0.863854 0.015231 0.028922
0 0.335455 0.900609 0.011968 0.014461
0 0.419863 0.981048 0.009973 0.019884
0 0.316960 0.965985 0.017407 0.023499
0 0.193748 0.855418 0.012512 0.018076
0 0.254674 0.758710 0.010336 0.019884
0 0.248962 0.690924 0.013056 0.018076
0 0.220947 0.752836 0.011424 0.011750
0 0.182868 0.832823 0.010336 0.016269
0 0.138715 0.948511 0.010880 0.019884
0 0.008432 0.953934 0.015775 0.019884
0 0.020037 0.905881 0.010336 0.015365
0 0.026292 0.927121 0.013056 0.019884
0 0.025204 0.858883 0.011968 0.018980
0 0.040980 0.918083 0.009792 0.018076
0 0.069539 0.986772 0.008160 0.018076
1 0.095106 0.881930 0.023391 0.101227
0 0.059747 0.868825 0.009248 0.015365
0 0.080690 0.865662 0.018495 0.018076
0 0.065187 0.863854 0.014687 0.028922
0 0.066003 0.896843 0.014144 0.018980
0 0.082594 0.886901 0.014687 0.018980
1 0.115777 0.906785 0.019039 0.064171
2 0.118497 0.862046 0.033183 0.054229
0 0.105986 0.959658 0.012512 0.018076
0 0.110337 0.978186 0.009248 0.017172
0 0.108705 0.996098 0.015775 0.007804
0 0.167727 0.906333 0.008704 0.016269
0 0.083410 0.781155 0.008704 0.020788
0 0.031460 0.665015 0.013600 0.018076
0 0.023572 0.734609 0.009792 0.012653
0 0.078515 0.703427 0.013056 0.024403
0 0.129649 0.668630 0.011968 0.018076
0 0.154128 0.648295 0.014144 0.022595
0 0.167727 0.731445 0.010880 0.018980
0 0.101362 0.813240 0.009792 0.021692
0 0.076339 0.833124 0.008704 0.018076
0 0.177791 0.575538 0.012512 0.019884
0 0.140710 0.566198 0.011968 0.021692
0 0.220947 0.600543 0.010336 0.014461
0 0.210611 0.597832 0.007072 0.012653
0 0.208707 0.625850 0.008704 0.021692
0 0.291120 0.552189 0.009248 0.008134
0 0.292480 0.565746 0.009792 0.015365
0 0.361113 0.543151 0.011424 0.018980
0 0.361929 0.577044 0.013056 0.019884
0 0.031732 0.529443 0.010880 0.021692
0 0.120129 0.460452 0.009248 0.016269
0 0.154128 0.461356 0.007616 0.010846
0 0.162016 0.475365 0.013600 0.015365
0 0.180239 0.426559 0.010880 0.015365
0 0.158480 0.550834 0.009792 0.012653
0 0.113873 0.396583 0.009792 0.014461
0 0.060291 0.357267 0.012512 0.018980
0 0.062195 0.406073 0.015231 0.024403
0 0.004533 0.435447 0.008704 0.014461
0 0.043700 0.446293 0.015231 0.021692
1 0.018042 0.329701 0.036084 0.066882
2 0.026836 0.423697 0.042431 0.059652
0 0.274801 0.240826 0.007072 0.018076
0 0.144064 0.598284 0.008160 0.009942
0 0.189759 0.582015 0.011424 0.020788
0 0.147872 0.587890 0.013600 0.018076
0 0.134273 0.605062 0.011424 0.016269
0 0.084226 0.534565 0.016863 0.021692
0 0.045332 0.602803 0.018495 0.018980
0 0.063283 0.517844 0.013056 0.022595
0 0.016773 0.693636 0.013600 0.018076
0 0.431110 0.559551 0.013116 0.019457
0 0.495519 0.548006 0.015458 0.020235
0 0.497392 0.502477 0.007963 0.016344
0 0.565314 0.519210 0.011711 0.018679
0 0.570233 0.547617 0.010305 0.016344
0 0.548685 0.570577 0.010305 0.023348
0 0.600915 0.549174 0.011711 0.021014
1 0.581475 0.603654 0.045906 0.066154
0 0.699988 0.419460 0.013116 0.021014
0 0.792034 0.424519 0.013584 0.020235
0 0.782197 0.478609 0.011711 0.021014
0 0.740741 0.405062 0.009369 0.012453
0 0.737696 0.426075 0.004216 0.017122
0 0.722472 0.419849 0.007495 0.014009
0 0.754559 0.398835 0.009837 0.021792
0 0.739335 0.458763 0.012179 0.017122
0 0.680079 0.479777 0.008900 0.014009
0 0.679845 0.496510 0.008432 0.016344
0 0.666027 0.370817 0.011711 0.015566
0 0.668134 0.391053 0.009369 0.015566
0 0.662279 0.342021 0.011711 0.020235
0 0.671882 0.345523 0.005621 0.016344
0 0.673053 0.325028 0.011711 0.013231
0 0.692258 0.320359 0.011711 0.016344
0 0.762288 0.279110 0.010305 0.016344
0 0.763694 0.265100 0.011242 0.014787
0 0.787115 0.240195 0.014053 0.024127
0 0.766504 0.225408 0.008432 0.011674
0 0.795313 0.203616 0.016395 0.017901
0 0.827400 0.172485 0.010305 0.021014
0 0.518940 0.242530 0.007963 0.005448
0 0.525498 0.252259 0.008900 0.014009
0 0.519643 0.111390 0.015927 0.018679
0 0.550091 0.136684 0.007495 0.016344
0 0.572575 0.254594 0.014990 0.012453
0 0.421429 0.047441 0.009369 0.013231
0 0.412529 0.150563 0.014053 0.020235
0 0.397773 0.230337 0.011711 0.016344
0 0.184738 0.522468 0.013673 0.023475
0 0.123437 0.389192 0.006837 0.012873
0 0.136199 0.392978 0.009571 0.011359
0 0.141668 0.390706 0.008660 0.015902
0 0.850007 0.983253 0.015496 0.016659
0 0.878037 0.979088 0.005925 0.018931
0 0.853653 0.762768 0.008204 0.018931
0 0.719429 0.565505 0.013217 0.015145
0 0.729001 0.571563 0.013217 0.016659
0 0.750422 0.544302 0.010483 0.016659
0 0.585813 0.193696 0.015496 0.016659
0 0.645519 0.167949 0.010938 0.015145
0 0.660180 0.237995 0.009571 0.015902
0 0.666332 0.222471 0.013673 0.016659
0 0.680233 0.259576 0.016863 0.024232
0 0.581028 0.431472 0.008660 0.016659
0 0.568266 0.425792 0.012306 0.018931
0 0.551631 0.437908 0.010027 0.014388
0 0.590827 0.451160 0.010938 0.018174
0 0.787491 0.045275 0.009571 0.012116
0 0.801392 0.073672 0.012761 0.021960
0 0.821521 0.136145 0.011394 0.016659
0 0.847728 0.150533 0.010027 0.010601
0 0.849779 0.105855 0.005925 0.009087
0 0.855476 0.118349 0.010027 0.014388
0 0.763183 0.056255 0.009571 0.011359
0 0.776172 0.065721 0.009115 0.016659
0 0.753612 0.047547 0.005925 0.010601
0 0.734698 0.060041 0.008204 0.012873
0 0.726950 0.068371 0.009115 0.012873
0 0.744269 0.067235 0.008204 0.015145
0 0.759537 0.098661 0.006837 0.021960
0 0.768880 0.099797 0.010938 0.021203
0 0.796910 0.117971 0.011394 0.018174
0 0.750877 0.129708 0.009571 0.015902
0 0.237999 0.559006 0.008769 0.020173
0 0.335020 0.446934 0.012142 0.024656
0 0.617470 0.501634 0.015397 0.029236
0 0.570761 0.088213 0.011242 0.011495
0 0.575518 0.098990 0.010377 0.017242
0 0.650971 0.071331 0.014269 0.020834
0 0.463527 0.035170 0.015566 0.013650
0 0.316297 0.324931 0.008216 0.013650
0 0.328188 0.321698 0.010377 0.014368
0 0.323431 0.313077 0.007783 0.017242
0 0.325738 0.584399 0.013837 0.018679
0 0.280336 0.029064 0.005189 0.014368
0 0.437296 0.022239 0.010377 0.016524
0 0.348366 0.932112 0.010377 0.015805
0 0.798778 0.528123 0.007783 0.011495
0 0.706317 0.218246 0.006486 0.014368
0 0.711074 0.214654 0.007351 0.012931
0 0.501290 0.056364 0.006054 0.008621
0 0.506046 0.055286 0.006054 0.009339
0 0.504317 0.065344 0.008648 0.012213
0 0.173599 0.821981 0.010680 0.020547
0 0.447647 0.630371 0.007154 0.013585
0 0.457356 0.632919 0.008176 0.018679