2 0.095840 0.385826 0.143339 0.212953
0 0.077291 0.458949 0.048904 0.041051
0 0.287240 0.580820 0.023609 0.048748
2 0.740866 0.405069 0.138280 0.261702
2 0.306633 0.473060 0.092749 0.146245
1 0.084036 0.122841 0.106239 0.148811
1 0.190275 0.083229 0.129848 0.166458
1 0.303260 0.085639 0.109612 0.161639
1 0.419618 0.046027 0.116358 0.092053
1 0.423834 0.142084 0.145025 0.130851
1 0.354694 0.271652 0.070826 0.107760
1 0.447442 0.326815 0.138280 0.130851
1 0.297358 0.355038 0.161889 0.223216
1 0.612704 0.652659 0.118044 0.156508
1 0.027262 0.154913 0.054524 0.146245
1 0.026419 0.297309 0.052838 0.133417
1 0.029792 0.538486 0.059584 0.097497
1 0.138842 0.641114 0.128162 0.159074
1 0.099213 0.805319 0.112985 0.205256
1 0.202923 0.795056 0.104553 0.189862
1 0.071107 0.929755 0.142214 0.130851
1 0.263631 0.959105 0.128162 0.081790
1 0.890950 0.534637 0.128162 0.254005
1 0.936481 0.639831 0.070826 0.130851
1 0.958123 0.281915 0.083754 0.220651
1 0.966554 0.062704 0.066892 0.125407
1 0.879989 0.031915 0.109612 0.063830
1 0.763631 0.035608 0.119730 0.061577