0 0.407108 0.102941 0.037033 0.039216
0 0.171945 0.080882 0.040737 0.034314
0 0.138615 0.687500 0.022220 0.046569
0 0.134912 0.806373 0.022220 0.034314
0 0.148799 0.933824 0.035182 0.024510
0 0.446919 0.899510 0.024072 0.034314
0 0.762629 0.854167 0.033330 0.041667
0 0.639493 0.669118 0.012962 0.034314
0 0.556167 0.593137 0.012962 0.049020
0 0.709856 0.644608 0.024072 0.024510
0 0.819105 0.382353 0.024072 0.049020
0 0.891320 0.552696 0.027775 0.036765
0 0.872803 0.084559 0.024072 0.026961
0 0.208979 0.316176 0.025923 0.034314
1 0.413589 0.302696 0.079622 0.129902
1 0.515431 0.287990 0.083325 0.100490
1 0.556167 0.074755 0.101842 0.075980
1 0.501543 0.045343 0.088880 0.090686
1 0.594127 0.037990 0.077770 0.075980
1 0.762629 0.064951 0.040737 0.129902
1 0.664490 0.047794 0.048143 0.061275
1 0.914466 0.023284 0.088880 0.046568
1 0.930205 0.107843 0.046292 0.078431
1 0.881136 0.147059 0.081474 0.102941
1 0.791330 0.323529 0.061105 0.049020
1 0.628383 0.479167 0.135172 0.159314
1 0.620050 0.625000 0.085177 0.142157
1 0.754296 0.741422 0.072215 0.105392
1 0.774665 0.632353 0.101842 0.098039
1 0.706153 0.960784 0.131469 0.078431
1 0.330263 0.556373 0.101842 0.063725
1 0.316376 0.729167 0.070364 0.105392
1 0.201572 0.810049 0.092584 0.174020
1 0.048939 0.682598 0.097878 0.174020
1 0.020238 0.455882 0.040476 0.098039
1 0.042458 0.334559 0.084916 0.085784
1 0.184907 0.158088 0.118507 0.134804
1 0.008202 0.142157 0.016404 0.088235
1 0.156206 0.970588 0.101842 0.058824
1 0.225644 0.372549 0.155541 0.196078
2 0.481175 0.459559 0.066660 0.090686
1 0.395998 0.928922 0.025923 0.053922