1 0.104688 0.599387 0.078125 0.157362
1 0.114063 0.462730 0.078125 0.140798
1 0.148438 0.343673 0.096875 0.180138
1 0.264063 0.880982 0.106250 0.227761
1 0.911719 0.400613 0.101563 0.103528
0 0.063988 0.036956 0.029762 0.031551
0 0.116443 0.135061 0.034970 0.040425
0 0.223214 0.126187 0.025298 0.038453
0 0.090774 0.276548 0.023810 0.035495
0 0.017113 0.368737 0.026786 0.066060
0 0.333333 0.386978 0.034226 0.037467
0 0.347842 0.259787 0.027530 0.037467
0 0.332961 0.198656 0.020089 0.027607
0 0.431920 0.248448 0.021577 0.026621
0 0.426711 0.279506 0.023065 0.035495
0 0.387649 0.065056 0.022321 0.032537
0 0.421875 0.155273 0.029762 0.031551
0 0.498884 0.129638 0.027530 0.035495
0 0.639881 0.019957 0.031250 0.039914
0 0.597098 0.205065 0.027530 0.038453
0 0.623140 0.171542 0.029018 0.038453
0 0.645089 0.209502 0.028274 0.037467
0 0.604167 0.339158 0.026786 0.040425
0 0.645461 0.356413 0.026042 0.039439
0 0.582217 0.408176 0.029018 0.032537
0 0.427083 0.661572 0.025298 0.036481
0 0.451637 0.712350 0.028274 0.029579
0 0.591890 0.490012 0.031994 0.040425
0 0.681920 0.495435 0.024554 0.033523
0 0.696057 0.393387 0.026042 0.034509
0 0.725074 0.443178 0.026042 0.033523
0 0.643229 0.606358 0.027530 0.036481
0 0.675595 0.596991 0.026786 0.035495
0 0.739211 0.639388 0.026042 0.035495
0 0.699777 0.714815 0.029018 0.040425
0 0.613467 0.784820 0.023065 0.036481
0 0.504464 0.806511 0.034226 0.040425
0 0.507068 0.842992 0.030506 0.036481
0 0.431176 0.898700 0.026042 0.033523
0 0.427455 0.982873 0.027530 0.034254
0 0.462798 0.979057 0.020833 0.036481
0 0.264881 0.674883 0.023810 0.035495
0 0.287946 0.666009 0.028274 0.031551
0 0.113095 0.863698 0.031250 0.038453
0 0.242932 0.788271 0.029018 0.031551
0 0.225446 0.966732 0.025298 0.035495
0 0.794271 0.407683 0.027530 0.043383
0 0.790551 0.219362 0.029018 0.039439
0 0.768601 0.104495 0.028274 0.034509
0 0.827753 0.041886 0.024554 0.033523
0 0.901414 0.060126 0.029018 0.038453
0 0.895089 0.335214 0.023810 0.028593
0 0.887649 0.425924 0.023810 0.030565
0 0.982143 0.442686 0.020833 0.032537
0 0.959077 0.485576 0.022321 0.033523
0 0.802455 0.576285 0.029018 0.033523
0 0.874628 0.723689 0.026042 0.034509
0 0.840402 0.693617 0.026042 0.031551
0 0.831845 0.724675 0.022321 0.032537
0 0.938988 0.865670 0.026786 0.030565
0 0.911086 0.886868 0.020089 0.029579
0 0.989211 0.980536 0.021577 0.035495
0 0.634673 0.989775 0.031250 0.020450
0 0.492560 0.527480 0.019345 0.036481
0 0.512277 0.542762 0.029018 0.025635
0 0.511533 0.517127 0.024554 0.029579
0 0.623197 0.101905 0.025240 0.043004
1 0.746094 0.973620 0.164063 0.052760