2 0.005297 0.149587 0.010594 0.071435
2 0.150365 0.142233 0.021404 0.056728
2 0.034736 0.060038 0.015566 0.056028
2 0.114296 0.149682 0.013837 0.072836
2 0.092244 0.220417 0.016431 0.057428
2 0.094622 0.088052 0.022052 0.061630
2 0.057436 0.373793 0.020323 0.067233
2 0.072786 0.255435 0.019890 0.110655
2 0.026520 0.196606 0.021620 0.068634
2 0.038627 0.128672 0.026808 0.070035
2 0.109108 0.389201 0.018161 0.042021
2 0.110837 0.324769 0.032862 0.070035
2 0.179732 0.397605 0.017296 0.078439
2 0.164598 0.226020 0.018161 0.088244
2 0.171084 0.111864 0.018161 0.075637
2 0.048789 0.522967 0.022917 0.053693
2 0.066084 0.611444 0.014269 0.044822
2 0.043816 0.562887 0.019025 0.040153
2 0.005477 0.339710 0.010954 0.103651
2 0.083596 0.810109 0.018161 0.063031
2 0.089866 0.880144 0.015999 0.049024
2 0.100676 0.788398 0.017728 0.067233
2 0.034520 0.837423 0.018593 0.056028
2 0.047059 0.862168 0.015134 0.065366
2 0.060247 0.970488 0.012972 0.047624
2 0.018305 0.843726 0.022485 0.065833
2 0.077759 0.966286 0.025511 0.064432
1 0.057869 0.049299 0.021187 0.070035
1 0.070192 0.130540 0.033727 0.081240
1 0.088569 0.110930 0.022052 0.081240
1 0.096784 0.176762 0.019458 0.050425
1 0.118620 0.066108 0.031132 0.081240
1 0.133754 0.029552 0.031997 0.059104
1 0.018953 0.092721 0.015999 0.067233
1 0.016935 0.030953 0.033870 0.061906
1 0.007711 0.243295 0.009945 0.037819
1 0.051383 0.241895 0.022052 0.088244
1 0.026088 0.316131 0.024214 0.099449
1 0.027601 0.413480 0.022052 0.070035
1 0.025223 0.477211 0.031132 0.049024
1 0.086407 0.352549 0.019458 0.138669
1 0.134187 0.180965 0.019025 0.081240
1 0.151050 0.195672 0.018161 0.065833
1 0.114296 0.217383 0.022485 0.061630
1 0.107810 0.284616 0.016431 0.053226
1 0.125322 0.268508 0.016863 0.054627
1 0.143483 0.277612 0.015134 0.050425
1 0.140024 0.319633 0.024647 0.061630
1 0.161644 0.312630 0.020323 0.075637
1 0.178723 0.265006 0.021620 0.058829
1 0.204451 0.283215 0.036754 0.081240
1 0.205964 0.203376 0.023349 0.058829
1 0.182182 0.081982 0.019890 0.064432
2 0.168778 0.015078 0.015566 0.030156
2 0.221963 0.026284 0.025079 0.052568
2 0.261311 0.043463 0.015566 0.051826
2 0.237097 0.035059 0.022485 0.063031
1 0.057004 0.350682 0.028106 0.079839
1 0.146294 0.372393 0.019025 0.047624
1 0.175048 0.336675 0.017728 0.060230
1 0.167049 0.384999 0.017296 0.044822
1 0.119053 0.456434 0.015566 0.103651
1 0.127052 0.496354 0.021187 0.091045
1 0.146726 0.441027 0.021620 0.089644
1 0.172670 0.450131 0.026808 0.079839
1 0.221098 0.399706 0.021620 0.074237
1 0.235799 0.433323 0.021620 0.065833
2 0.254609 0.455734 0.024647 0.082641
2 0.276805 0.415814 0.022917 0.058829
2 0.269238 0.482347 0.023349 0.102251
2 0.345844 0.684514 0.021187 0.057428
2 0.377625 0.788165 0.021620 0.060230
2 0.374166 0.875942 0.030268 0.093846
2 0.394056 0.866137 0.014701 0.096648
2 0.144132 0.534873 0.020755 0.086843
1 0.075381 0.543277 0.024214 0.081240
1 0.097649 0.560085 0.018593 0.075637
1 0.116675 0.607009 0.022917 0.099449
1 0.186506 0.722566 0.019890 0.064432
1 0.166616 0.691050 0.018161 0.065833
1 0.086623 0.624284 0.027673 0.060230
1 0.061544 0.697820 0.025944 0.112055
1 0.046843 0.631988 0.022485 0.042021
1 0.086623 0.699921 0.029403 0.077038
2 0.121647 0.734939 0.033727 0.071435
2 0.134619 0.831586 0.019890 0.060230
2 0.109108 0.956948 0.014701 0.053226
2 0.119918 0.804973 0.023349 0.071435
1 0.108027 0.858900 0.028970 0.075637
1 0.118837 0.916328 0.026376 0.081240
1 0.068463 0.853997 0.015566 0.040620
1 0.062193 0.917729 0.020323 0.064432
1 0.084894 0.914227 0.024214 0.071435
1 0.013981 0.889715 0.017296 0.053226
1 0.024574 0.966053 0.020323 0.060230
1 0.047059 0.930335 0.027241 0.044822
1 0.168130 0.795869 0.023782 0.089644
1 0.311685 0.598371 0.028970 0.070035
1 0.266427 0.708325 0.025511 0.063031
1 0.274211 0.840691 0.022052 0.072836
1 0.145861 0.917729 0.025079 0.064432
1 0.154077 0.851196 0.022485 0.082641
1 0.152563 0.955781 0.028106 0.074237
1 0.178723 0.885046 0.030268 0.070035
1 0.202073 0.893450 0.015566 0.058829
1 0.187371 0.803806 0.038916 0.075637
1 0.208126 0.821315 0.015566 0.085442
1 0.223909 0.854231 0.015134 0.053226
1 0.236232 0.858433 0.025079 0.100850
1 0.254392 0.782095 0.044969 0.063031
1 0.260014 0.910959 0.024214 0.063031
1 0.232773 0.983844 0.032862 0.032312
1 0.234070 0.938272 0.019890 0.044822
1 0.196451 0.983844 0.019025 0.032312
1 0.269238 0.948077 0.028538 0.089644
1 0.289344 0.941774 0.012539 0.065833
1 0.302532 0.979641 0.025944 0.040717
1 0.368473 0.978241 0.021187 0.043518
1 0.388147 0.971189 0.018161 0.057428
1 0.408253 0.947377 0.028106 0.085442
2 0.435061 0.940374 0.029835 0.065833
2 0.484643 0.795402 0.024935 0.075637
1 0.263545 0.177229 0.022052 0.070035
1 0.300515 0.168825 0.024214 0.058829
1 0.313703 0.131007 0.018593 0.084042
1 0.306568 0.238860 0.019025 0.072836
1 0.321918 0.277379 0.022917 0.051826
1 0.362563 0.121202 0.015999 0.047624
1 0.346997 0.219951 0.014269 0.085442
1 0.374238 0.247264 0.016863 0.081240
1 0.363212 0.219250 0.010377 0.075637
1 0.447313 0.098090 0.024647 0.057428
1 0.338998 0.114198 0.030268 0.128864
1 0.349591 0.048366 0.013404 0.056028
1 0.338133 0.018580 0.018161 0.037160
1 0.374454 0.027685 0.030268 0.055369
1 0.379210 0.128205 0.020755 0.114857
1 0.416396 0.143613 0.026808 0.075637
1 0.412072 0.216916 0.027673 0.078439
2 0.454880 0.306560 0.028538 0.084042
2 0.514766 0.161588 0.027241 0.071435
2 0.450772 0.204309 0.020323 0.092446
2 0.549718 0.192404 0.021620 0.060230
1 0.533720 0.029319 0.019025 0.058637
1 0.390885 0.362588 0.030268 0.078439
1 0.381589 0.302358 0.015999 0.084042
1 0.418775 0.358386 0.028106 0.086843
1 0.421153 0.420716 0.018161 0.068634
1 0.373806 0.432622 0.044537 0.067233
1 0.392182 0.475344 0.021620 0.079839
1 0.439962 0.435424 0.028970 0.092446
1 0.452718 0.527169 0.019025 0.071435
1 0.470013 0.500556 0.017296 0.051826
2 0.411208 0.471842 0.025944 0.067233
2 0.379427 0.535807 0.019458 0.075637
1 0.360617 0.575726 0.030268 0.091045
1 0.466987 0.579228 0.019890 0.044822
1 0.514334 0.579228 0.022917 0.072836
1 0.509794 0.671674 0.041510 0.140069
1 0.513253 0.825050 0.027673 0.119059
1 0.586760 0.523200 0.022485 0.075637
1 0.589138 0.528803 0.044537 0.128864
1 0.441908 0.609343 0.027673 0.082641
1 0.457042 0.641559 0.022485 0.074237
1 0.456609 0.755015 0.018161 0.049024
1 0.403857 0.647162 0.019890 0.054627
1 0.412505 0.710893 0.018161 0.036418
1 0.416180 0.771123 0.023782 0.064432
1 0.428720 0.703890 0.043672 0.086843
1 0.438881 0.785830 0.017296 0.057428
2 0.421585 0.877342 0.017296 0.049024
2 0.459636 0.817113 0.015566 0.065833
2 0.457474 0.694552 0.019025 0.039219
1 0.450772 0.861234 0.015134 0.078439
1 0.431530 0.839524 0.018161 0.040620
1 0.441043 0.892050 0.026808 0.061630
1 0.542872 0.967687 0.022917 0.058829
1 0.577896 0.924266 0.022917 0.058829
1 0.591084 0.966286 0.015566 0.047624
1 0.615082 0.821315 0.024647 0.099449
1 0.522414 0.248433 0.022133 0.061455
1 0.593820 0.264650 0.023714 0.083648
2 0.641113 0.226180 0.019142 0.062009
2 0.623110 0.255708 0.026890 0.097443
2 0.608754 0.347245 0.018231 0.073820
2 0.696033 0.524660 0.016863 0.066438
2 0.655470 0.613245 0.025067 0.066438
2 0.677575 0.619150 0.013673 0.042816
2 0.683044 0.662704 0.019142 0.059056
2 0.698768 0.703305 0.015040 0.060533
2 0.688589 0.780078 0.018383 0.057580
2 0.622199 0.899667 0.023244 0.051674
2 0.621287 0.973087 0.019598 0.053826
2 0.651140 0.896715 0.013673 0.031005
2 0.763563 0.794104 0.013673 0.047245
2 0.745560 0.742430 0.019598 0.053151
2 0.782705 0.713640 0.020965 0.060533
2 0.750801 0.300985 0.017319 0.059056
2 0.772906 0.035087 0.021421 0.070173
2 0.640050 0.335188 0.014585 0.057580
1 0.623186 0.365454 0.014585 0.064962
1 0.656002 0.324115 0.020054 0.100396
1 0.685627 0.299016 0.025523 0.079726
1 0.705453 0.353643 0.017775 0.056103
1 0.709327 0.299016 0.013673 0.062009
1 0.711150 0.235531 0.034638 0.076773
1 0.754903 0.185333 0.020054 0.047245
1 0.775185 0.270226 0.021421 0.081202
1 0.751941 0.252509 0.022333 0.048721
1 0.723683 0.378004 0.026890 0.060533
1 0.709782 0.429432 0.019142 0.047245
2 0.716163 0.537948 0.020054 0.084155
2 0.674688 0.503991 0.022788 0.057580
2 0.726418 0.699122 0.022333 0.041339
2 0.712517 0.640066 0.029169 0.073820
1 0.700211 0.603894 0.030992 0.051674
1 0.772906 0.654830 0.029625 0.088584
2 0.652811 0.535241 0.014585 0.073820
1 0.663522 0.448871 0.018686 0.057580
1 0.666940 0.829538 0.024611 0.097443
1 0.645519 0.842826 0.025523 0.088584
1 0.673625 0.957247 0.025523 0.060533
1 0.664281 0.917384 0.022333 0.063485
2 0.699603 0.955033 0.014585 0.059056
2 0.747459 0.874568 0.020965 0.042816
2 0.826915 0.962415 0.016408 0.044292
2 0.837093 0.932886 0.018535 0.079726
2 0.942528 0.632930 0.020054 0.063485
2 0.801923 0.500792 0.023244 0.047245
2 0.907434 0.646956 0.027346 0.053151
2 0.793036 0.021061 0.022788 0.042122
1 0.821901 0.337403 0.020965 0.067915
1 0.813014 0.019584 0.018686 0.039168
1 0.819622 0.054671 0.028258 0.057580
1 0.816204 0.098225 0.020510 0.044292
1 0.852438 0.068697 0.036461 0.067915
1 0.881379 0.066482 0.013217 0.054627
1 0.860869 0.011464 0.028713 0.022928
1 0.840588 0.134397 0.016408 0.063485
1 0.828282 0.161710 0.021877 0.076773
1 0.901509 0.207479 0.017319 0.067915
1 0.924525 0.166878 0.019598 0.075297
1 0.937286 0.270964 0.027802 0.059056
1 0.948453 0.093058 0.027346 0.036910
1 0.954150 0.030657 0.015952 0.061314
2 0.974887 0.023275 0.018231 0.046550
1 0.988104 0.059100 0.017319 0.066438
2 0.993369 0.299016 0.013262 0.067915
1 0.966000 0.373329 0.029625 0.082679
1 0.994280 0.427217 0.011440 0.054627
1 0.990383 0.490703 0.018231 0.066438
1 0.847728 0.450840 0.032815 0.084155
2 0.829497 0.506205 0.030081 0.064962
2 0.778907 0.764576 0.018231 0.044292
1 0.752017 0.793366 0.017319 0.090061
1 0.711453 0.815512 0.020054 0.051674
1 0.706440 0.775649 0.019142 0.063485
1 0.717606 0.753503 0.019598 0.042816
1 0.726950 0.803701 0.023700 0.069391
1 0.702794 0.844302 0.024611 0.064962
1 0.747003 0.930672 0.014585 0.054627
1 0.724215 0.981946 0.018231 0.036108
1 0.756119 0.962415 0.019142 0.073820
1 0.766146 0.890809 0.025523 0.078250
1 0.788022 0.870139 0.022788 0.087108
2 0.780502 0.960938 0.015952 0.053151
2 0.813545 0.854637 0.023700 0.082679
1 0.793720 0.952818 0.020510 0.057580
1 0.811267 0.952818 0.028258 0.060533
1 0.832004 0.836920 0.028713 0.118112
1 0.873023 0.842088 0.024156 0.054627
1 0.859578 0.924766 0.013673 0.054627
2 0.851830 0.973488 0.028258 0.045769
2 0.877353 0.917384 0.020054 0.072344
2 0.853881 0.783769 0.025067 0.088584
2 0.843322 0.656060 0.038284 0.084155
1 0.813014 0.678945 0.015040 0.056103
2 0.894140 0.693709 0.019598 0.050198
1 0.821901 0.563785 0.035550 0.059056
1 0.856767 0.528351 0.019598 0.079726
1 0.874314 0.537210 0.014585 0.062009
1 0.911687 0.512849 0.015496 0.042816
1 0.970785 0.788937 0.020965 0.066438
2 0.990634 0.733572 0.018732 0.070867
2 0.994736 0.828062 0.010528 0.064962
1 0.930678 0.702567 0.032815 0.115160
1 0.936831 0.559848 0.015040 0.059056
1 0.957112 0.689772 0.024611 0.079726
2 0.978533 0.905573 0.020054 0.045769
1 0.993369 0.974563 0.013262 0.050873
1 0.611118 0.706224 0.018161 0.044822
1 0.910408 0.466706 0.027241 0.075637