2 0.127790 0.074028 0.026786 0.031141
2 0.227121 0.107393 0.037946 0.066730
2 0.690848 0.291642 0.072545 0.043745
2 0.902344 0.682384 0.035714 0.037814
2 0.380580 0.945597 0.031250 0.043745
2 0.097377 0.778401 0.038504 0.035589
1 0.038504 0.164113 0.061384 0.082301
1 0.025000 0.338068 0.050000 0.091346
1 0.550000 0.127349 0.068750 0.043597
1 0.547656 0.187555 0.039063 0.101726
1 0.288281 0.719023 0.064062 0.089270
1 0.080469 0.657780 0.051562 0.053977
1 0.753906 0.966947 0.048438 0.066106
1 0.581731 0.797332 0.052083 0.074525
1 0.981971 0.282844 0.028045 0.037795
1 0.709736 0.018057 0.052484 0.036114
0 0.133413 0.881971 0.014423 0.022357
1 0.306250 0.298623 0.043750 0.066434
1 0.316262 0.247851 0.038773 0.033063
1 0.578704 0.232089 0.034722 0.052286