1 0.123013 0.064951 0.127848 0.125000
1 0.110228 0.235294 0.133749 0.235294
1 0.353139 0.156863 0.202590 0.294118
1 0.524258 0.052696 0.151451 0.105392
1 0.503606 0.132353 0.118013 0.137255
1 0.575397 0.251225 0.131782 0.144608
1 0.660957 0.133578 0.204557 0.188725
1 0.818308 0.020833 0.157351 0.041666
1 0.866497 0.151961 0.147517 0.117647
1 0.910752 0.080882 0.153417 0.161764
1 0.926487 0.210784 0.114080 0.147059
1 0.835027 0.275735 0.163252 0.110294
1 0.976643 0.321078 0.033437 0.171569
1 0.978979 0.203431 0.042042 0.250000
1 0.861580 0.302696 0.157351 0.159314
2 0.901901 0.453431 0.108179 0.107843
2 0.239059 0.280637 0.127848 0.149510
1 0.103344 0.765931 0.163252 0.174020
1 0.051180 0.540441 0.102360 0.188725
1 0.069907 0.899510 0.139649 0.200980
1 0.277414 0.754902 0.161285 0.196078
1 0.204639 0.487745 0.169153 0.151961
1 0.213490 0.575980 0.159318 0.102941
1 0.360023 0.375000 0.161285 0.215686
1 0.487871 0.430147 0.173086 0.213235
1 0.680626 0.432598 0.228159 0.154412
1 0.620636 0.610294 0.143583 0.117647
1 0.480987 0.613971 0.076709 0.100490
1 0.448533 0.680147 0.298967 0.237745
1 0.710129 0.736520 0.169153 0.154412
1 0.791755 0.613971 0.080642 0.110294
1 0.863547 0.566176 0.137682 0.240196
1 0.943575 0.669118 0.112850 0.240196
1 0.842894 0.772059 0.108179 0.171569
1 0.763235 0.844363 0.133749 0.129902
1 0.937305 0.904412 0.096378 0.161765
1 0.874365 0.965686 0.198656 0.068627