1 0.256886 0.082451 0.104553 0.164902
1 0.065205 0.051988 0.130410 0.103976
1 0.032322 0.246600 0.064643 0.207705
1 0.147274 0.171826 0.104553 0.196627
1 0.198707 0.279833 0.119730 0.135701
1 0.255200 0.414149 0.131535 0.166164
1 0.183530 0.544310 0.166948 0.166164
1 0.044126 0.729860 0.088252 0.249246
1 0.077291 0.911256 0.129848 0.163395
1 0.341203 0.817096 0.118044 0.180011
1 0.346262 0.596929 0.118044 0.193858
1 0.402754 0.475075 0.146712 0.160625
1 0.449129 0.371223 0.134907 0.174472
1 0.619449 0.364299 0.097808 0.166164
1 0.565486 0.569235 0.124789 0.293556
1 0.635469 0.642624 0.129848 0.124623
1 0.689432 0.541541 0.096121 0.182780
1 0.730748 0.810173 0.188870 0.204936
1 0.823496 0.043680 0.087690 0.087360
1 0.923834 0.065835 0.079258 0.131670
1 0.968522 0.117823 0.057336 0.155086
1 0.798201 0.419687 0.080944 0.132931
1 0.782181 0.484768 0.079258 0.102468
1 0.803260 0.587236 0.094435 0.141239
1 0.804103 0.343529 0.129848 0.141239
1 0.953345 0.416918 0.070826 0.088621
1 0.899382 0.257678 0.084317 0.135701