2 0.429564 0.410106 0.067309 0.091355
2 0.487057 0.836180 0.048540 0.042335
2 0.985405 0.986953 0.021358 0.017083
2 0.847550 0.895598 0.044657 0.033422
1 0.786066 0.937562 0.074429 0.087641
1 0.703224 0.930135 0.073134 0.093583
1 0.649182 0.869232 0.088020 0.069816
1 0.618763 0.785923 0.058248 0.080957
1 0.805374 0.674886 0.064721 0.099525
2 0.863946 0.664488 0.047246 0.032680
1 0.695997 0.814889 0.037538 0.040850
1 0.588237 0.815632 0.036891 0.039364
1 0.946896 0.646415 0.054365 0.084670
1 0.968901 0.621905 0.062132 0.098039
1 0.819073 0.533522 0.091256 0.084670
1 0.907417 0.437215 0.040127 0.053476
2 0.737202 0.037507 0.037538 0.039364
1 0.470553 0.155971 0.049188 0.086156
1 0.630737 0.262923 0.051129 0.056447
1 0.625559 0.214275 0.071840 0.069073
1 0.594170 0.306001 0.063426 0.068330
1 0.583481 0.297460 0.065387 0.079471
1 0.561162 0.366533 0.059543 0.052733
1 0.134007 0.073529 0.049188 0.069816
1 0.197433 0.034908 0.075076 0.069816
1 0.220732 0.092097 0.073781 0.080214
2 0.287394 0.101381 0.058248 0.077986
1 0.052459 0.088012 0.097081 0.075015
1 0.019757 0.252154 0.039514 0.057190
1 0.044369 0.365419 0.086078 0.092097
1 0.108766 0.357249 0.050482 0.072787
1 0.182224 0.617944 0.058896 0.090612
1 0.184812 0.839151 0.055012 0.118093
1 0.042410 0.894855 0.084819 0.070559
1 0.086114 0.854748 0.051776 0.051248
1 0.115561 0.862918 0.034302 0.048277
2 0.141126 0.768221 0.045304 0.054961
2 0.272185 0.929021 0.051129 0.043821
1 0.315548 0.839894 0.056307 0.082442
1 0.354704 0.729971 0.068604 0.046791
1 0.375738 0.750768 0.075723 0.100267
1 0.253093 0.682437 0.029771 0.048277
1 0.378219 0.185680 0.067309 0.130719
1 0.460474 0.535532 0.054012 0.052801
1 0.333445 0.571115 0.057346 0.044383
1 0.705529 0.515254 0.044010 0.061218
1 0.412685 0.067723 0.042009 0.046679
1 0.509292 0.131674 0.026406 0.046898
1 0.493574 0.039322 0.064129 0.065657
0 0.564933 0.411135 0.014460 0.019481
0 0.547958 0.330688 0.009431 0.012987
0 0.488545 0.312290 0.015089 0.020924
0 0.313238 0.442280 0.019490 0.015873
0 0.301293 0.366162 0.014460 0.023810
0 0.260427 0.616883 0.013203 0.015873
0 0.236535 0.186869 0.014460 0.020202
0 0.204157 0.181097 0.016347 0.018759
1 0.033356 0.745431 0.060356 0.124820
0 0.891865 0.855219 0.009431 0.014430
0 0.763293 0.477152 0.012574 0.020202
0 0.833604 0.500962 0.011946 0.012987
0 0.745584 0.130231 0.018233 0.013709
0 0.720435 0.176407 0.014460 0.013709
0 0.530878 0.010823 0.015089 0.018759
0 0.482153 0.029582 0.011946 0.014430
0 0.419910 0.004690 0.014460 0.009380
0 0.460631 0.976863 0.014670 0.014245
0 0.108487 0.280183 0.014460 0.012987
0 0.317639 0.777417 0.014460 0.015152
0 0.425686 0.298379 0.015056 0.017278
0 0.452130 0.726121 0.023163 0.029240
0 0.706346 0.721469 0.019689 0.019936
0 0.680287 0.605175 0.016214 0.029240
0 0.961291 0.908012 0.013542 0.016835
0 0.868475 0.606816 0.012977 0.016188