0 0.339374 0.567076 0.016555 0.025558
0 0.169034 0.924312 0.015684 0.022073
0 0.190816 0.961488 0.017426 0.022073
0 0.129825 0.986466 0.017426 0.020911
0 0.358979 0.992071 0.020911 0.015858
0 0.432169 0.810462 0.013941 0.019750
0 0.052714 0.812785 0.016555 0.022073
0 0.064912 0.794778 0.021783 0.025558
0 0.292759 0.076820 0.015684 0.020911
0 0.735384 0.661177 0.013941 0.023235
0 0.750632 0.660016 0.014812 0.037176
0 0.744968 0.693125 0.022654 0.024397
0 0.767432 0.750304 0.012846 0.016443
0 0.780279 0.775311 0.012846 0.018499
1 0.314332 0.501868 0.031916 0.063337