1 0.018662 0.024621 0.037324 0.039830
1 0.096009 0.114559 0.045868 0.044969
1 0.116920 0.174946 0.029680 0.034690
1 0.027544 0.277732 0.034401 0.050108
1 0.009556 0.330410 0.019112 0.029551
1 0.013266 0.359319 0.026532 0.051393
1 0.040022 0.426130 0.028331 0.064242
1 0.067004 0.362531 0.028331 0.042399
1 0.100393 0.380519 0.029005 0.065526
1 0.139517 0.421633 0.030354 0.047539
1 0.087577 0.446045 0.042496 0.047539
1 0.075773 0.485232 0.043170 0.053963
1 0.008881 0.547547 0.017762 0.039830
1 0.034289 0.579025 0.031703 0.064242
2 0.094765 0.548719 0.023778 0.047068
1 0.140168 0.516125 0.028106 0.046122
0 0.125683 0.460120 0.010377 0.023061
0 0.159193 0.490593 0.013404 0.021414
0 0.363716 0.467807 0.006486 0.024708
2 0.202937 0.065062 0.028538 0.064242
2 0.300226 0.180779 0.044969 0.040357
2 0.307577 0.033766 0.027673 0.067532
1 0.339574 0.034178 0.028538 0.068356
1 0.252375 0.075769 0.019890 0.026356
1 0.243294 0.115714 0.038051 0.056829
1 0.182759 0.181053 0.044969 0.063418
2 0.185137 0.259708 0.027241 0.057653
1 0.227944 0.271101 0.016863 0.038710
0 0.233565 0.344403 0.009945 0.012354
2 0.156356 0.308666 0.028402 0.058325
1 0.296811 0.252173 0.031508 0.052408
1 0.291485 0.310497 0.031508 0.042264
1 0.277507 0.354875 0.032839 0.076921
1 0.338525 0.345999 0.031508 0.059170
1 0.345848 0.432218 0.036389 0.071004
1 0.354945 0.501109 0.042159 0.065087
1 0.208278 0.495474 0.023964 0.049872
1 0.167377 0.541401 0.009319 0.021132
1 0.203988 0.544782 0.013313 0.027894
1 0.321366 0.512238 0.011982 0.028740
1 0.329576 0.604374 0.028402 0.076076
1 0.256205 0.560842 0.020414 0.029585
1 0.243114 0.561265 0.025295 0.060860
1 0.260643 0.596767 0.024851 0.055789
1 0.215822 0.587046 0.023964 0.029585
1 0.184758 0.543514 0.007988 0.027049
1 0.242448 0.440389 0.015088 0.023668
1 0.229357 0.610291 0.023520 0.049026
1 0.242005 0.633114 0.033727 0.082838
1 0.110869 0.590850 0.019082 0.045645
1 0.143487 0.585778 0.024851 0.042264
1 0.168338 0.619589 0.020414 0.057479
1 0.144374 0.643398 0.031952 0.066777
1 0.135055 0.690311 0.016863 0.030430
1 0.180098 0.683972 0.025295 0.073540
1 0.174107 0.726659 0.022189 0.054098
1 0.206947 0.719051 0.013313 0.033811
1 0.188752 0.810764 0.040827 0.060015
1 0.124331 0.752440 0.014645 0.032966
1 0.103473 0.719474 0.056359 0.076921
1 0.150143 0.843026 0.010651 0.027049
1 0.080471 0.789773 0.016863 0.028740
1 0.040975 0.763710 0.030177 0.053253
1 0.006065 0.770050 0.012130 0.054098
1 0.024334 0.863454 0.029733 0.053253
2 0.055398 0.840208 0.027958 0.038883
1 0.086906 0.898110 0.028845 0.044800
1 0.121520 0.841054 0.036833 0.055789
1 0.131949 0.913325 0.032839 0.060015
1 0.035650 0.932767 0.030177 0.060015
1 0.170557 0.932767 0.027514 0.065087
1 0.229505 0.872752 0.032395 0.063396
1 0.241487 0.928118 0.039496 0.043955
1 0.265894 0.939952 0.033283 0.043955
1 0.256575 0.959393 0.044821 0.052408
1 0.278986 0.902759 0.036389 0.062551
1 0.297402 0.878669 0.020857 0.032966
2 0.360270 0.769627 0.030620 0.066777
2 0.404870 0.650442 0.031064 0.061706
1 0.343629 0.985614 0.032839 0.028772
1 0.394219 0.885008 0.015976 0.040574
1 0.409086 0.851620 0.020857 0.026204
1 0.421955 0.882473 0.019082 0.028740
1 0.409529 0.918820 0.024408 0.062551
1 0.447250 0.940374 0.019970 0.036347
1 0.434381 0.981246 0.053697 0.037507
1 0.404870 0.763428 0.030177 0.046491
1 0.403760 0.806960 0.031508 0.038883
2 0.540854 0.929303 0.031565 0.040631
1 0.536746 0.960325 0.051887 0.060947
1 0.514478 0.974327 0.047131 0.046122
1 0.615731 0.974464 0.038051 0.046946
0 0.526009 0.887573 0.008216 0.013178
0 0.527738 0.911458 0.010810 0.009883
0 0.527954 0.899927 0.014701 0.006589
1 0.501794 0.799584 0.035024 0.046946
1 0.582364 0.734382 0.031565 0.057653
1 0.606146 0.756207 0.030700 0.078243
1 0.587553 0.703085 0.022917 0.028003
1 0.604632 0.634725 0.019025 0.074125
1 0.715398 0.877004 0.018593 0.037062
1 0.731396 0.865885 0.028970 0.057653
1 0.755394 0.912831 0.034592 0.069183
1 0.753665 0.963894 0.032862 0.051064
1 0.886770 0.960600 0.036754 0.049417
1 0.808507 0.918596 0.033294 0.047769
1 0.775645 0.830881 0.025511 0.055182
1 0.805048 0.830881 0.026376 0.060124
1 0.826019 0.838294 0.017296 0.035415
2 0.704732 0.753050 0.035024 0.062594
2 0.752728 0.718047 0.028970 0.048593
2 0.800507 0.715988 0.030268 0.062594
0 0.757484 0.764993 0.009080 0.015649
1 0.740404 0.758404 0.035456 0.076596
1 0.907669 0.807820 0.015134 0.030474
1 0.937937 0.838706 0.029835 0.062594
1 0.951053 0.934382 0.030700 0.038710
1 0.987525 0.871101 0.024949 0.052711
1 0.986877 0.755933 0.026246 0.065065
1 0.842089 0.680573 0.022052 0.051064
1 0.865871 0.662041 0.042807 0.053535
1 0.907381 0.647628 0.022917 0.057653
1 0.874303 0.723812 0.025079 0.058476
1 0.924461 0.697045 0.021620 0.036239
1 0.946513 0.667395 0.030268 0.041180
1 0.964241 0.618802 0.018161 0.029650
0 0.975267 0.636921 0.012539 0.019767
1 0.984563 0.675631 0.015566 0.039533
1 0.989471 0.485652 0.021058 0.060947
1 0.925542 0.433902 0.024647 0.053535
1 0.901111 0.458198 0.026808 0.056005
1 0.904354 0.517086 0.024647 0.043651
1 0.936351 0.505144 0.028970 0.052711
1 0.964673 0.535617 0.021620 0.057653
1 0.940459 0.551678 0.051887 0.056829
1 0.863997 0.450099 0.036754 0.043651
0 0.867457 0.475219 0.012539 0.014825
1 0.851026 0.348246 0.040213 0.060124
1 0.874807 0.383250 0.033294 0.037886
1 0.910264 0.409193 0.017728 0.030474
1 0.902048 0.282632 0.039348 0.040357
1 0.920209 0.230333 0.032430 0.064242
1 0.975555 0.189976 0.027241 0.044475
1 0.940748 0.017841 0.024214 0.031297
1 0.986581 0.017430 0.014701 0.023885
1 0.928857 0.126558 0.027241 0.036239
1 0.905075 0.071376 0.030700 0.046122
1 0.900751 0.058198 0.048861 0.047769
1 0.877618 0.080436 0.029403 0.041180
1 0.897508 0.116675 0.017296 0.041180
1 0.891671 0.139324 0.025511 0.038710
1 0.875672 0.146736 0.031565 0.053535
1 0.859457 0.018665 0.019890 0.036239
1 0.844756 0.039255 0.023349 0.039533
1 0.814056 0.026627 0.023349 0.039533
1 0.791067 0.016469 0.028106 0.016472
1 0.796688 0.044471 0.032430 0.028003
1 0.785229 0.045295 0.029403 0.029650
1 0.762961 0.064238 0.020323 0.044475
1 0.790418 0.092653 0.037186 0.071654
1 0.826307 0.113655 0.017296 0.046122
2 0.818524 0.146187 0.025944 0.046946
1 0.818524 0.179543 0.033727 0.041180
1 0.847278 0.237608 0.014269 0.058476
1 0.816794 0.265885 0.040645 0.076596
1 0.766420 0.273298 0.020323 0.046946
2 0.733846 0.086887 0.033294 0.058476
1 0.679365 0.123126 0.031565 0.040357
1 0.701849 0.158541 0.033294 0.050240
1 0.714605 0.230745 0.030268 0.043651
1 0.730387 0.323812 0.022052 0.066712
1 0.748548 0.335755 0.019458 0.034592
1 0.771465 0.364169 0.019458 0.058476
1 0.760871 0.369935 0.038051 0.043651
1 0.742711 0.448864 0.038916 0.037886
1 0.787463 0.497457 0.017728 0.039533
1 0.806489 0.476867 0.021187 0.060947
1 0.748116 0.509811 0.027241 0.049417
1 0.738819 0.568287 0.029403 0.056005
1 0.769951 0.588877 0.029403 0.056005
1 0.794166 0.623881 0.024214 0.033768
2 0.726712 0.625528 0.018161 0.030474
1 0.714028 0.623469 0.025079 0.069183
1 0.683905 0.652295 0.032862 0.070830
1 0.664231 0.642412 0.030700 0.074125
1 0.684337 0.618116 0.025079 0.074948
1 0.686715 0.480985 0.021187 0.031297
1 0.705092 0.501163 0.022485 0.060124
1 0.723469 0.405624 0.017728 0.033768
1 0.708551 0.352501 0.032862 0.064242
1 0.657313 0.369797 0.022052 0.044475
1 0.627333 0.636510 0.016863 0.032121
1 0.569104 0.591074 0.036754 0.057653
1 0.525864 0.580779 0.042807 0.053535
1 0.514838 0.651609 0.037186 0.065065
1 0.479238 0.669317 0.038916 0.056005
1 0.423026 0.617841 0.035456 0.042004
1 0.443565 0.570072 0.029835 0.035415
1 0.447457 0.536715 0.046266 0.049417
1 0.495453 0.507477 0.028106 0.061771
2 0.473401 0.463826 0.035889 0.056829
1 0.700480 0.267670 0.025944 0.037886
1 0.709560 0.289084 0.038916 0.054358
1 0.651475 0.242550 0.020755 0.038710
1 0.662069 0.223195 0.017728 0.041180
1 0.676122 0.248727 0.028538 0.060947
1 0.652772 0.152913 0.016431 0.046122
1 0.645854 0.178445 0.010377 0.029650
0 0.636125 0.171033 0.005621 0.016472
1 0.733198 0.023607 0.021620 0.037886
1 0.705092 0.014959 0.025944 0.022237
1 0.657745 0.018253 0.038483 0.032121
1 0.614073 0.012076 0.027241 0.019767
1 0.623730 0.100202 0.027241 0.077419
1 0.591949 0.166915 0.026808 0.026356
1 0.617244 0.196290 0.030700 0.060947
1 0.609893 0.243510 0.027241 0.046122
1 0.590868 0.270690 0.036754 0.044475
1 0.541142 0.294574 0.033294 0.047769
1 0.543088 0.206448 0.048428 0.087303
1 0.580490 0.338637 0.022917 0.038710
1 0.523775 0.311870 0.030268 0.051064
1 0.549790 0.070552 0.023782 0.032944
1 0.524711 0.019216 0.035889 0.038432
1 0.481688 0.026628 0.026808 0.053256
2 0.507416 0.098555 0.028106 0.060947
1 0.438953 0.067807 0.035024 0.052711
1 0.381805 0.086338 0.040645 0.037062
1 0.393479 0.022373 0.022485 0.044746
1 0.430665 0.122989 0.027673 0.060947
1 0.457042 0.134657 0.019890 0.033768
1 0.468932 0.138363 0.020323 0.041180
1 0.510442 0.160189 0.028970 0.058476
1 0.497470 0.217429 0.023782 0.075772
1 0.462230 0.192309 0.028538 0.078243
1 0.484931 0.170072 0.025511 0.055182
1 0.432179 0.325734 0.034159 0.053535
1 0.422234 0.277141 0.028106 0.056829
1 0.429584 0.227999 0.029835 0.053535
1 0.395714 0.189290 0.033294 0.040357
1 0.355717 0.228823 0.030268 0.065065
1 0.335178 0.231705 0.028106 0.039533
0 0.065205 0.332217 0.008673 0.020190