2 0.333709 0.125000 0.312092 0.148990
1 0.544134 0.070707 0.288448 0.141414
1 0.165841 0.292929 0.269534 0.126263
1 0.366809 0.228535 0.226976 0.138889
2 0.537041 0.204545 0.264805 0.116162
2 0.735645 0.318182 0.226976 0.151515
1 0.492119 0.380051 0.297906 0.199495
1 0.818396 0.460859 0.222247 0.209596
1 0.806575 0.623737 0.255348 0.116162
2 0.586692 0.541667 0.203332 0.113636
2 0.227314 0.386364 0.212790 0.126263
2 0.163477 0.477273 0.312092 0.116162
2 0.385724 0.535354 0.226976 0.095960
2 0.161113 0.560606 0.241162 0.121212
2 0.151655 0.821970 0.193875 0.103535
2 0.719094 0.875000 0.288448 0.143939
1 0.792389 0.738636 0.255348 0.133838
1 0.421189 0.621212 0.165503 0.151515
1 0.293515 0.710859 0.335735 0.204545
1 0.144562 0.656566 0.217518 0.111111
1 0.603242 0.670455 0.264805 0.159091