2 0.123665 0.236137 0.044519 0.085721
2 0.203260 0.229134 0.031029 0.067232
2 0.123665 0.367801 0.031029 0.119338
2 0.052501 0.512351 0.026307 0.048744
2 0.008881 0.487139 0.017762 0.085721
1 0.088589 0.028566 0.048567 0.057131
1 0.023496 0.178149 0.041147 0.104210
1 0.039685 0.354635 0.078921 0.141188
1 0.088926 0.352954 0.039798 0.063871
1 0.054862 0.468930 0.033727 0.057148
1 0.019786 0.527758 0.036425 0.077317
1 0.058235 0.754668 0.053963 0.131103
1 0.080832 0.605076 0.066779 0.198336
1 0.106464 0.709286 0.064081 0.131103
1 0.137830 0.618522 0.032378 0.110934
1 0.178977 0.563896 0.060708 0.132784
1 0.143901 0.433633 0.037774 0.110934
1 0.167847 0.316816 0.060034 0.115976
1 0.220798 0.350433 0.074199 0.115976
1 0.249129 0.250144 0.063406 0.078998
1 0.238673 0.149296 0.066779 0.122699
1 0.373806 0.147615 0.054637 0.095806
1 0.452389 0.049015 0.103879 0.098030
1 0.450365 0.099712 0.064755 0.090764
1 0.493536 0.273676 0.051265 0.176485
2 0.471276 0.384609 0.052614 0.095806
1 0.367847 0.431112 0.055312 0.193293
1 0.293985 0.421867 0.050590 0.097487
1 0.248454 0.507308 0.037774 0.099168
1 0.279146 0.543446 0.035750 0.124380
1 0.280832 0.635050 0.026981 0.048744
1 0.253850 0.687996 0.075548 0.178166
1 0.302080 0.758590 0.035750 0.104210
1 0.290613 0.839269 0.039798 0.057148
1 0.294997 0.926671 0.053963 0.087402
1 0.310174 0.582945 0.034401 0.112614
1 0.319280 0.603115 0.071501 0.129422
1 0.366161 0.646816 0.088364 0.126061
1 0.346936 0.722452 0.059359 0.159677
1 0.437999 0.619923 0.039123 0.085721
1 0.447105 0.721612 0.066779 0.094125
1 0.488252 0.916586 0.081619 0.157996
1 0.519281 0.584626 0.069477 0.173124
1 0.714784 0.662783 0.053963 0.121018
1 0.580538 0.326031 0.059334 0.182088
1 0.575230 0.486331 0.044969 0.126061
1 0.607083 0.490221 0.046218 0.105829
1 0.662669 0.281157 0.064955 0.183644
1 0.634251 0.405662 0.048092 0.084041
1 0.633002 0.317731 0.064331 0.129173
1 0.769783 0.642999 0.066829 0.126061
1 0.788833 0.548842 0.067454 0.149405
1 0.911665 0.681907 0.048717 0.110498
1 0.946329 0.667122 0.043095 0.133842
1 0.950076 0.426672 0.074324 0.160300
1 0.877001 0.536392 0.093061 0.183644
2 0.832032 0.326031 0.046843 0.085597
1 0.852331 0.272338 0.041222 0.080928
1 0.775300 0.344966 0.083692 0.136955
1 0.768742 0.192967 0.075573 0.130730
1 0.796223 0.119042 0.039348 0.073146
1 0.793413 0.044339 0.037474 0.079372
1 0.708497 0.831051 0.075885 0.150573
1 0.753466 0.765394 0.061832 0.131313
1 0.821271 0.823172 0.083614 0.110303
1 0.805111 0.913340 0.068156 0.098047
1 0.811083 0.940913 0.115233 0.118174
2 0.247546 0.023426 0.036321 0.046852
1 0.328945 0.027467 0.059022 0.054934