2 0.229122 0.341608 0.022729 0.039947
2 0.551360 0.205788 0.054256 0.055926
2 0.466676 0.379463 0.024195 0.031958
2 0.399956 0.454792 0.030061 0.034240
2 0.362930 0.385740 0.042525 0.039947
2 0.290466 0.461640 0.024195 0.031958
2 0.279468 0.521560 0.034460 0.042230
2 0.339590 0.522131 0.034460 0.034240
2 0.353154 0.560366 0.026395 0.046795
2 0.379182 0.570638 0.034460 0.044513
2 0.387981 0.588900 0.024195 0.044513
2 0.330914 0.657381 0.031283 0.042230
2 0.211159 0.449085 0.033727 0.068481
2 0.178953 0.532543 0.029218 0.045933
2 0.122321 0.039341 0.034460 0.041089
2 0.081897 0.187259 0.021079 0.036460
2 0.081428 0.375877 0.030448 0.036460
2 0.071826 0.476870 0.026232 0.035731
2 0.016083 0.430445 0.029979 0.051773
2 0.015146 0.340025 0.029979 0.059065
2 0.263178 0.367005 0.024827 0.029897
2 0.127569 0.672173 0.020611 0.035001
2 0.150287 0.657589 0.028574 0.049585
2 0.115389 0.901869 0.029979 0.042293
2 0.071591 0.798688 0.025764 0.038647
2 0.009212 0.651391 0.018424 0.043022
2 0.120074 0.751655 0.020611 0.033543
1 0.067610 0.741446 0.029979 0.027709
2 0.218912 0.808532 0.029979 0.033543
1 0.201814 0.738530 0.019206 0.040835
2 0.188464 0.688944 0.031853 0.030626
2 0.204625 0.710820 0.030448 0.030626
2 0.326416 0.888744 0.026700 0.036460
2 0.281213 0.765753 0.031853 0.036460
2 0.316579 0.783618 0.033258 0.031355
1 0.341874 0.856173 0.020142 0.039376
2 0.461480 0.901747 0.021079 0.034272
2 0.551652 0.926540 0.016863 0.028439
2 0.419555 0.866746 0.032790 0.035731
2 0.452814 0.802577 0.021548 0.032814
2 0.550013 0.817890 0.027637 0.038647
2 0.566642 0.881695 0.025295 0.040835
2 0.479046 0.702677 0.021548 0.025522
2 0.479748 0.683718 0.031385 0.029897
1 0.425621 0.802429 0.021620 0.028270
2 0.578977 0.677681 0.024214 0.033655
2 0.607299 0.685085 0.022917 0.033655
2 0.639008 0.772588 0.014269 0.035001
2 0.687220 0.720086 0.025944 0.032309
2 0.726640 0.658498 0.014269 0.043752
2 0.760367 0.776627 0.022917 0.048463
2 0.706533 0.850668 0.031997 0.057887
2 0.882014 0.852351 0.022917 0.054521
2 0.816074 0.913267 0.019890 0.036348
2 0.837261 0.616653 0.029403 0.052502
2 0.904931 0.575930 0.021187 0.042405
1 0.878555 0.758117 0.048861 0.063945
2 0.968906 0.809499 0.023964 0.033159
2 0.988876 0.761142 0.015976 0.030396
2 0.991095 0.801209 0.015088 0.033159
2 0.132393 0.542384 0.021301 0.024869
2 0.141712 0.486428 0.027514 0.042831
1 0.167673 0.481592 0.023520 0.038686
1 0.133502 0.569326 0.019970 0.034541
1 0.159463 0.577961 0.009763 0.018652
1 0.150365 0.548947 0.016420 0.064246
2 0.268707 0.231461 0.028106 0.042161
2 0.431976 0.085092 0.029639 0.035797
2 0.420478 0.146345 0.027084 0.034206
2 0.438363 0.277202 0.018907 0.035001
2 0.644642 0.159205 0.020952 0.033410
2 0.631100 0.081247 0.018396 0.030228
2 0.647453 0.074486 0.026573 0.037388
2 0.716610 0.024635 0.026573 0.046934
2 0.742416 0.047307 0.018907 0.033410
2 0.773843 0.097024 0.026573 0.034206
2 0.566372 0.584391 0.024529 0.035797
2 0.492552 0.470442 0.017917 0.014766
2 0.501247 0.461828 0.021606 0.022149
2 0.541825 0.492591 0.021606 0.022970
1 0.488600 0.429014 0.024768 0.041838
1 0.557371 0.430245 0.023187 0.045939
2 0.695703 0.495052 0.027930 0.037736
2 0.848001 0.428194 0.031092 0.048400
2 0.864337 0.346433 0.025822 0.031993
2 0.727059 0.385399 0.031619 0.029532
2 0.910536 0.358054 0.028984 0.032814
2 0.974564 0.344929 0.022133 0.022970
2 0.993342 0.388407 0.013315 0.037736
1 0.913962 0.329753 0.025295 0.030353
1 0.930298 0.371180 0.026349 0.026251
2 0.753671 0.291607 0.022660 0.026251
2 0.770271 0.305963 0.029511 0.051682
2 0.797147 0.305142 0.016863 0.028712
2 0.776068 0.333854 0.021079 0.031993
1 0.883397 0.102518 0.028457 0.036915
1 0.944526 0.040582 0.033727 0.036095
1 0.789067 0.033609 0.024241 0.028712
1 0.807511 0.061911 0.021079 0.044299
1 0.936095 0.125897 0.044266 0.031173
1 0.952695 0.097185 0.026876 0.029532
1 0.924765 0.147636 0.034254 0.058244
1 0.903685 0.134921 0.020552 0.032814
2 0.961551 0.548088 0.023609 0.036751
2 0.987858 0.618966 0.020911 0.033601
2 0.990388 0.485611 0.019224 0.042002