2 0.084651 0.277778 0.094862 0.101010
2 0.629117 0.606061 0.096838 0.121212
1 0.172595 0.343434 0.148221 0.101010
1 0.044302 0.861111 0.088603 0.121212
1 0.234848 0.545455 0.063241 0.090909
1 0.371212 0.402778 0.079051 0.199495
1 0.503623 0.367424 0.079051 0.133838
1 0.634058 0.212121 0.102767 0.212121
1 0.904809 0.191919 0.067194 0.161616
1 0.796113 0.571970 0.079051 0.169192
1 0.863307 0.891414 0.110672 0.176768
2 0.679512 0.800505 0.063241 0.116162
1 0.311924 0.555556 0.055336 0.111111
1 0.426548 0.728535 0.122530 0.143939
1 0.381094 0.601010 0.134387 0.111111