0 0.986064 0.950017 0.008471 0.011312
0 0.942767 0.889685 0.010354 0.008798
0 0.957356 0.930535 0.009412 0.010055
0 0.991711 0.965728 0.004706 0.012569
0 0.946297 0.931792 0.007059 0.013826
0 0.915942 0.917651 0.007530 0.004399
0 0.911706 0.908224 0.010354 0.009427
0 0.965827 0.851035 0.009412 0.014454
0 0.976652 0.821497 0.004706 0.010684
0 0.942296 0.805158 0.005647 0.011941
0 0.934296 0.809243 0.004706 0.013826
0 0.923001 0.792274 0.008471 0.007541
0 0.925590 0.806729 0.004236 0.001257
0 0.887234 0.863604 0.004706 0.009427
0 0.892176 0.963529 0.008001 0.006913
0 0.891470 0.972955 0.005647 0.004399
0 0.883469 0.968871 0.008471 0.012569
0 0.874998 0.957558 0.004706 0.007541
0 0.864880 0.952845 0.008001 0.009427
0 0.847702 0.972641 0.005647 0.012569
0 0.838290 0.978612 0.004706 0.015711
1 0.889117 0.944361 0.023531 0.022624
1 0.768638 0.807148 0.017883 0.032261
0 0.871468 0.834381 0.007059 0.011312
0 0.865821 0.789027 0.007059 0.010684
0 0.923001 0.741893 0.013177 0.015711
0 0.865586 0.884238 0.004706 0.010055
0 0.830995 0.822021 0.008942 0.012569
0 0.820171 0.849673 0.011765 0.012569
0 0.820171 0.880782 0.010824 0.014454
0 0.854291 0.899950 0.004706 0.007541
0 0.847702 0.897750 0.006589 0.009427
0 0.772874 0.946456 0.013177 0.012569
0 0.816171 0.926659 0.004706 0.005656
0 0.822289 0.922574 0.004706 0.007541
0 0.744872 0.929487 0.008001 0.013826
0 0.745813 0.871669 0.005177 0.003771
0 0.751696 0.881096 0.012236 0.006285
0 0.749814 0.918175 0.004706 0.003771
0 0.779933 0.871041 0.007530 0.007541
0 0.798052 0.839618 0.008001 0.013826
0 0.778992 0.853758 0.008471 0.009427
0 0.769109 0.839932 0.006589 0.010684
0 0.776639 0.831448 0.007530 0.006285
0 0.799464 0.814480 0.008942 0.011312
0 0.807700 0.783685 0.005647 0.008798
0 0.784639 0.775201 0.012236 0.008170
0 0.739931 0.802539 0.007530 0.013826
0 0.753343 0.802853 0.007059 0.009427
0 0.750755 0.824535 0.006589 0.008798
0 0.706046 0.910319 0.015060 0.011941
0 0.703928 0.788084 0.010824 0.015083
0 0.844722 0.733723 0.007530 0.008170
0 0.851781 0.729952 0.006589 0.010684
0 0.893666 0.693502 0.005647 0.004399
0 0.895784 0.703243 0.008001 0.005028
0 0.946846 0.717697 0.010354 0.013826
0 0.963710 0.707014 0.008942 0.010055
0 0.986535 0.706071 0.009412 0.009427
0 0.997503 0.731209 0.004994 0.013198
0 0.946297 0.668363 0.007059 0.011941
0 0.938767 0.684703 0.012707 0.006913
0 0.914059 0.667421 0.003765 0.005028
0 0.925825 0.679361 0.008471 0.008798
0 0.858526 0.684703 0.009412 0.009427
0 0.846055 0.668049 0.003294 0.007541
0 0.825112 0.691931 0.006589 0.010055
0 0.827230 0.659565 0.003294 0.006913
0 0.825818 0.743464 0.005177 0.003771
0 0.821348 0.751948 0.010354 0.004399
0 0.818994 0.736237 0.005647 0.005656
0 0.812406 0.727753 0.007530 0.010055
0 0.792875 0.733409 0.007059 0.012569
0 0.774992 0.745349 0.008001 0.008798
0 0.781345 0.758547 0.005647 0.008798
0 0.761344 0.746921 0.007059 0.006913
0 0.753579 0.720840 0.008471 0.008798
0 0.752873 0.702614 0.008942 0.007541
0 0.754755 0.678419 0.007059 0.008170
0 0.770285 0.661136 0.010824 0.007541
0 0.783698 0.711727 0.004706 0.005656
0 0.809582 0.702300 0.007530 0.006913
0 0.814994 0.684075 0.009883 0.008170
0 0.798052 0.658622 0.007059 0.010055
0 0.735146 0.667421 0.004236 0.007541
0 0.721733 0.694130 0.005647 0.005656
0 0.715615 0.689103 0.004706 0.008170
0 0.715380 0.672763 0.006118 0.005656
0 0.730440 0.704500 0.007059 0.008798
0 0.720086 0.708270 0.006118 0.013826
0 0.690986 0.748492 0.008471 0.008798
0 0.673573 0.700415 0.008471 0.010684
0 0.681809 0.685646 0.007059 0.007541
0 0.665259 0.747549 0.009412 0.013198
0 0.648552 0.727438 0.008942 0.014454
0 0.634904 0.707014 0.011765 0.016340
0 0.627139 0.754462 0.008471 0.009427
0 0.635375 0.764517 0.008001 0.010684
0 0.652788 0.784628 0.008942 0.008170
0 0.663141 0.804424 0.008942 0.010055
0 0.673966 0.798768 0.008942 0.008798
0 0.681025 0.787456 0.011765 0.011312
0 0.683613 0.843389 0.004706 0.007541
0 0.692555 0.841189 0.009412 0.005656
0 0.669730 0.841503 0.008942 0.006285
0 0.678436 0.953369 0.007530 0.015083
0 0.655376 0.937343 0.008471 0.011941
0 0.640787 0.850302 0.007530 0.008798
0 0.626433 0.815737 0.008942 0.012569
0 0.637414 0.921946 0.006118 0.006285
0 0.631296 0.855958 0.004236 0.010055
0 0.621648 0.845274 0.005647 0.006285
0 0.624237 0.862871 0.008001 0.011312
0 0.614825 0.919118 0.007059 0.008170
0 0.618354 0.935143 0.008471 0.010055
0 0.636708 0.985420 0.007530 0.010055
0 0.660710 0.995161 0.005647 0.008170
0 0.672475 0.994910 0.007530 0.010180
0 0.599765 0.920060 0.006118 0.008798
0 0.608001 0.897436 0.008471 0.005028
0 0.583058 0.889894 0.004706 0.012569
0 0.578822 0.940485 0.005647 0.009427
0 0.591058 0.935772 0.008471 0.006285
0 0.607765 0.968451 0.006118 0.008798
0 0.600000 0.945513 0.005647 0.008170
0 0.545879 0.902149 0.006589 0.010684
0 0.559056 0.983220 0.004706 0.004399
0 0.540231 0.998052 0.006589 0.003896
1 0.550114 0.982592 0.033885 0.032051
1 0.584940 0.969708 0.017883 0.023881
0 0.583058 0.813851 0.008471 0.008798
1 0.519995 0.904349 0.015060 0.020111
1 0.478345 0.848102 0.030590 0.020739
1 0.491052 0.874497 0.030590 0.023253
1 0.496699 0.897436 0.021178 0.013826
1 0.441166 0.882039 0.026825 0.039593
1 0.400458 0.938914 0.022590 0.033937
1 0.372691 0.941742 0.019766 0.032051
1 0.391281 0.992081 0.037179 0.015837
1 0.376692 0.977878 0.023060 0.012569
1 0.351749 0.988248 0.024002 0.019482
1 0.285941 0.916918 0.028237 0.021368
1 0.236290 0.931058 0.032473 0.025767
1 0.243114 0.968451 0.043297 0.025138
1 0.212289 0.861614 0.034355 0.031423
1 0.167345 0.789027 0.016001 0.019482
1 0.199347 0.739693 0.031061 0.018854
1 0.285941 0.757604 0.026355 0.016968
1 0.269704 0.818565 0.028708 0.021996
1 0.306883 0.826735 0.024002 0.027024
1 0.362573 0.827677 0.015530 0.026395
1 0.157854 0.915347 0.035296 0.016968
1 0.165855 0.943942 0.024943 0.020111
1 0.124675 0.952112 0.037649 0.031423
1 0.139500 0.884553 0.029649 0.044620
1 0.022002 0.822021 0.033414 0.047763
1 0.046945 0.942685 0.025884 0.046506
1 0.013472 0.898379 0.026944 0.037079
1 0.013472 0.934515 0.026944 0.051533
1 0.159658 0.722620 0.027296 0.033308
1 0.085536 0.645949 0.027766 0.027024
1 0.042709 0.679571 0.034355 0.046506
1 0.127421 0.654433 0.017413 0.025138
1 0.173306 0.613583 0.020707 0.028909
1 0.186013 0.657261 0.023531 0.028281
1 0.206485 0.624267 0.029649 0.032680
1 0.262959 0.565506 0.031531 0.037079
1 0.353553 0.602271 0.016001 0.031423
1 0.317315 0.539739 0.018825 0.034565
1 0.347670 0.508631 0.024943 0.035194
1 0.489091 0.611698 0.023531 0.047763
1 0.414263 0.659460 0.030120 0.035194
1 0.457716 0.697587 0.016001 0.060332
1 0.451206 0.443586 0.027766 0.037079
1 0.392144 0.542253 0.021648 0.044620
1 0.384378 0.394252 0.025884 0.040221
1 0.426028 0.402736 0.016001 0.039593
1 0.444618 0.323236 0.034355 0.056561
1 0.501955 0.319151 0.018825 0.021996
1 0.509484 0.368485 0.027296 0.031423
1 0.561723 0.412791 0.026355 0.038336
1 0.536074 0.436673 0.015530 0.021996
1 0.588774 0.402788 0.034650 0.027128
1 0.631139 0.328578 0.024002 0.039593
1 0.704791 0.365028 0.015060 0.020739
2 0.713027 0.325122 0.035296 0.040221
1 0.724792 0.438453 0.028708 0.036032
1 0.712321 0.487578 0.028237 0.043363
1 0.662671 0.533769 0.029649 0.026395
1 0.609177 0.512087 0.021805 0.028700
1 0.635140 0.553670 0.018825 0.041478
1 0.565488 0.641968 0.037649 0.030794
1 0.824799 0.614002 0.034826 0.038964
1 0.914059 0.037079 0.022590 0.033937
1 0.926531 0.065988 0.037179 0.038964
1 0.951238 0.139517 0.020707 0.025138
1 0.966298 0.236300 0.020707 0.050277
1 0.982534 0.031423 0.017413 0.040221
1 0.820877 0.070073 0.024472 0.020739
1 0.788875 0.166227 0.052709 0.035822
1 0.792875 0.193879 0.042826 0.034565
1 0.848173 0.086413 0.017883 0.038336
1 0.852173 0.008170 0.024002 0.016340
1 0.719459 0.087355 0.030590 0.035194
1 0.701810 0.126634 0.031061 0.030794
1 0.738048 0.053419 0.052709 0.041478
1 0.787934 0.020425 0.018825 0.025767
1 0.822995 0.011312 0.024002 0.022624
1 0.679456 0.020425 0.022119 0.030794
1 0.702046 0.010684 0.024943 0.021368
1 0.673103 0.038964 0.009412 0.017597
1 0.644866 0.050277 0.011295 0.027652
1 0.666279 0.151458 0.038120 0.049020
1 0.589333 0.178796 0.030120 0.038336
1 0.619452 0.195136 0.017883 0.029537
1 0.607452 0.067873 0.025884 0.032680
1 0.628865 0.153972 0.030120 0.047763
1 0.580391 0.071958 0.025413 0.047134
1 0.564155 0.093640 0.032473 0.043992
1 0.558272 0.125063 0.030120 0.025138
1 0.476149 0.060646 0.020237 0.027024
1 0.485561 0.010684 0.023060 0.021368
1 0.519916 0.045249 0.024002 0.023881
1 0.492621 0.167798 0.019295 0.026395
1 0.413557 0.035194 0.024002 0.032680
1 0.457089 0.189794 0.014119 0.040221
1 0.575214 0.243213 0.013177 0.028909
1 0.474502 0.240070 0.026355 0.031423
1 0.411674 0.222474 0.037179 0.035194
1 0.380300 0.094897 0.019295 0.041478
1 0.494189 0.089869 0.018354 0.018854
1 0.362887 0.051848 0.026825 0.028281
1 0.400536 0.142345 0.022119 0.020739
1 0.345495 0.185671 0.010783 0.016893
2 0.349710 0.267094 0.022119 0.021368
1 0.367828 0.305116 0.039532 0.018225
1 0.295212 0.299460 0.018165 0.027024
1 0.309001 0.374560 0.042356 0.037707
1 0.172072 0.342845 0.044574 0.050770
2 0.095378 0.496907 0.027531 0.026261
2 0.103900 0.299078 0.020976 0.036765
2 0.117010 0.170401 0.039330 0.042017
1 0.019340 0.163399 0.038019 0.035014
1 0.183871 0.247432 0.018354 0.021008
1 0.268431 0.243056 0.017043 0.022759
1 0.037694 0.601949 0.022287 0.040266
1 0.109799 0.589694 0.030153 0.033263
1 0.219268 0.507411 0.007866 0.043768
1 0.250077 0.492530 0.017043 0.045518
1 0.778632 0.320378 0.028842 0.038515
1 0.932020 0.344013 0.013110 0.019258
0 0.532702 0.798454 0.006589 0.006913
0 0.708007 0.765146 0.008942 0.011941
0 0.587529 0.747549 0.008001 0.013198
0 0.510112 0.983220 0.006589 0.008170
1 0.465717 0.958396 0.036708 0.049020
0 0.423597 0.951797 0.008942 0.005656
1 0.426185 0.978570 0.020707 0.042860
0 0.397477 0.978507 0.007530 0.008798
0 0.405242 0.966252 0.008001 0.004399
0 0.407360 0.979449 0.003765 0.008170
0 0.410890 0.862557 0.010824 0.019482
0 0.430185 0.783685 0.008001 0.015083
0 0.446186 0.803167 0.008942 0.005028
0 0.424067 0.809138 0.014589 0.014454
0 0.454422 0.793426 0.007530 0.010684
0 0.452069 0.822650 0.006589 0.006285
0 0.424067 0.869155 0.003294 0.011312
0 0.460540 0.883610 0.006589 0.007541
0 0.466658 0.867584 0.009412 0.008170
0 0.505719 0.927916 0.008471 0.014454
0 0.443598 0.986362 0.008471 0.014454
0 0.481875 0.816679 0.007530 0.015711
0 0.486816 0.785571 0.007059 0.006285
0 0.506112 0.798140 0.007059 0.011312
0 0.533172 0.813223 0.006589 0.005028
0 0.399281 0.758861 0.011765 0.014454
0 0.393399 0.738122 0.006589 0.009427
0 0.370887 0.706071 0.007059 0.008170
0 0.378417 0.723039 0.007059 0.010684
0 0.361004 0.720211 0.009883 0.012569
0 0.355828 0.704186 0.007059 0.005656
0 0.373240 0.685960 0.007059 0.010684
0 0.470423 0.763889 0.006589 0.010684
1 0.531604 0.768288 0.026355 0.024510
1 0.555370 0.765460 0.022119 0.056561
1 0.605726 0.843703 0.023060 0.044620
0 0.357945 0.777715 0.006589 0.011941
0 0.520779 0.712041 0.006589 0.013826
0 0.519838 0.747863 0.007530 0.012569
0 0.526897 0.818879 0.003765 0.011312
0 0.512308 0.816993 0.010354 0.015083
0 0.563135 0.725867 0.009412 0.011312
0 0.545957 0.754776 0.007059 0.010055
0 0.545251 0.767345 0.006589 0.008798
0 0.546193 0.778972 0.007530 0.010684
0 0.581960 0.839827 0.004706 0.008798
0 0.508073 0.914614 0.011295 0.007541
0 0.393948 0.838361 0.007059 0.016340
0 0.381476 0.893665 0.008471 0.010055
0 0.371985 0.881410 0.007059 0.013198
0 0.354337 0.874811 0.013177 0.011312
0 0.364691 0.898064 0.009412 0.013826
0 0.351749 0.860043 0.009883 0.004399
0 0.528231 0.668887 0.008001 0.011312
0 0.540467 0.648777 0.007059 0.008798
0 0.644552 0.624057 0.007530 0.013826
0 0.620550 0.614630 0.008471 0.011312
0 0.626668 0.586664 0.007530 0.008170
0 0.603843 0.584150 0.008001 0.010684
0 0.586195 0.583208 0.006589 0.012569
0 0.568076 0.572838 0.008942 0.011941
0 0.575371 0.609603 0.007530 0.010055
0 0.587842 0.622172 0.007059 0.010055
0 0.604549 0.630970 0.006589 0.011312
0 0.613256 0.635998 0.006118 0.010055
0 0.616785 0.624372 0.008471 0.006913
0 0.551369 0.613374 0.005647 0.010055
0 0.568076 0.619030 0.003294 0.006285
0 0.459599 0.738436 0.012236 0.010055
0 0.435833 0.800025 0.003294 0.012569
0 0.407596 0.695073 0.008001 0.007541
0 0.497719 0.660508 0.006589 0.010055
0 0.490660 0.666792 0.004706 0.008798
0 0.533015 0.592949 0.005647 0.008170
0 0.525250 0.593263 0.006118 0.008798
0 0.516308 0.591692 0.006118 0.008170
0 0.529015 0.625943 0.006118 0.010055
0 0.528309 0.635998 0.008471 0.007541
0 0.453246 0.622486 0.008942 0.009427
0 0.456234 0.578180 0.005789 0.012569
0 0.443833 0.597976 0.005177 0.009427
0 0.436774 0.592634 0.004236 0.006285
0 0.429009 0.578808 0.005647 0.008798
0 0.420773 0.610546 0.004236 0.006913
0 0.433715 0.614316 0.005647 0.009427
0 0.449716 0.657366 0.005647 0.007541
0 0.424067 0.633798 0.007059 0.010684
0 0.414655 0.626885 0.006118 0.005656
0 0.406419 0.620601 0.005647 0.006913
0 0.401242 0.620287 0.004706 0.008798
0 0.395830 0.617144 0.006118 0.005028
0 0.385947 0.614002 0.007059 0.008798
0 0.394654 0.602376 0.007530 0.005656
0 0.396301 0.575666 0.008001 0.007541
0 0.399595 0.584779 0.008001 0.008170
0 0.394183 0.664593 0.005647 0.011941
0 0.393006 0.635370 0.008942 0.012569
0 0.521684 0.489014 0.010143 0.016125
0 0.492946 0.459344 0.006762 0.010965
0 0.484252 0.450314 0.009660 0.010965
0 0.496810 0.415484 0.010626 0.013545
0 0.515164 0.442251 0.008694 0.016770
0 0.527239 0.451281 0.006762 0.009030
0 0.463000 0.492239 0.005796 0.009675
0 0.456238 0.480951 0.004830 0.011610
0 0.421220 0.512878 0.004347 0.004515
0 0.422669 0.525456 0.009177 0.007740
0 0.443921 0.512233 0.007245 0.008385
0 0.500674 0.531261 0.007728 0.007740
0 0.471935 0.548676 0.007245 0.015480
0 0.485942 0.558351 0.004347 0.012900
0 0.473626 0.558351 0.007728 0.009030
0 0.454064 0.551256 0.005313 0.009030
0 0.445245 0.548119 0.004236 0.008170
0 0.449245 0.557860 0.006589 0.007541
0 0.445480 0.568858 0.004706 0.005656
0 0.404772 0.500670 0.005177 0.007541
0 0.410655 0.510726 0.003765 0.005028
0 0.395830 0.509783 0.004236 0.009427
0 0.541251 0.508840 0.006118 0.010055
0 0.543134 0.520153 0.005177 0.007541
0 0.536780 0.525494 0.008471 0.010684
0 0.523132 0.511668 0.005647 0.008170
0 0.515838 0.511983 0.006118 0.010055
0 0.564547 0.494386 0.010354 0.016340
0 0.603687 0.490301 0.003294 0.004399
0 0.600392 0.553146 0.008001 0.005656
0 0.614040 0.553461 0.005177 0.008798
0 0.655219 0.498471 0.006589 0.008170
0 0.627453 0.484959 0.004706 0.008798
0 0.627453 0.512297 0.005647 0.009427
0 0.633806 0.523923 0.006118 0.006285
0 0.609099 0.543720 0.005647 0.010684
0 0.593098 0.521095 0.001882 0.008170
0 0.596392 0.538692 0.005647 0.010684
0 0.675926 0.483074 0.007530 0.016340
0 0.692712 0.645949 0.007530 0.011941
0 0.682123 0.611069 0.008942 0.016340
0 0.610589 0.648462 0.008942 0.010684
0 0.574822 0.684913 0.009883 0.006913
0 0.703065 0.604785 0.003765 0.013826
0 0.717655 0.592530 0.008471 0.016968
0 0.882763 0.239547 0.008001 0.015711
0 0.850055 0.237661 0.013177 0.019482
0 0.825818 0.233262 0.011765 0.009427
0 0.836643 0.167588 0.009883 0.016340
0 0.808170 0.227606 0.008471 0.011941
0 0.815700 0.267199 0.016001 0.016968
0 0.784875 0.269713 0.012707 0.014454
0 0.802052 0.294222 0.011295 0.013198
0 0.895941 0.281967 0.006118 0.007541
0 0.893352 0.309934 0.007530 0.009427
0 0.908647 0.243632 0.007059 0.018854
0 0.934296 0.214723 0.004706 0.018854
0 0.939708 0.238604 0.008001 0.012569
0 0.934531 0.301764 0.006118 0.008170
0 0.929119 0.263742 0.007530 0.016340
0 0.926060 0.315590 0.008942 0.009427
0 0.958768 0.358639 0.008471 0.010055
0 0.981828 0.353821 0.005647 0.008798
0 0.972416 0.363876 0.012236 0.010055
0 0.998209 0.368590 0.003582 0.010684
0 0.972887 0.329311 0.002824 0.008798
0 0.994300 0.294746 0.007059 0.013826
0 0.996182 0.425465 0.007059 0.008798
0 0.985123 0.651081 0.007530 0.015083
0 0.969592 0.608346 0.010354 0.015083
0 0.849585 0.618715 0.009412 0.010684
0 0.854291 0.635684 0.010354 0.008170
0 0.864644 0.635998 0.004706 0.005028
0 0.870762 0.629713 0.009412 0.011312
0 0.962298 0.553670 0.007059 0.006285
0 0.983005 0.545186 0.008942 0.016968
0 0.962768 0.454374 0.012707 0.013826
0 0.981828 0.208333 0.007530 0.011941
0 0.982534 0.220902 0.008001 0.009427
0 0.997268 0.208648 0.005464 0.011312
0 0.898058 0.177853 0.010354 0.006285
0 0.981358 0.247612 0.004706 0.008798
0 0.979240 0.134175 0.006118 0.010684
0 0.966769 0.134804 0.007530 0.010684
0 0.937826 0.098353 0.007059 0.010684
0 0.933590 0.115008 0.007059 0.010055
0 0.907471 0.104010 0.009412 0.018225
0 0.899941 0.066931 0.009412 0.009427
0 0.906059 0.007856 0.012236 0.009427
0 0.897823 0.012569 0.008942 0.013826
0 0.887940 0.032366 0.008001 0.013198
0 0.898058 0.044620 0.007530 0.006285
0 0.879940 0.052162 0.008942 0.006285
0 0.874292 0.040535 0.007059 0.008170
0 0.865586 0.031109 0.006589 0.008170
0 0.872880 0.064417 0.005177 0.008170
0 0.863233 0.063474 0.006589 0.008798
0 0.899000 0.114379 0.008471 0.012569
0 0.895235 0.137004 0.003765 0.010055
0 0.878057 0.131976 0.009883 0.007541
0 0.869115 0.103067 0.005177 0.005028
0 0.854761 0.128834 0.003765 0.006285
0 0.880175 0.145802 0.007530 0.007541
0 0.886293 0.165913 0.009412 0.012569
0 0.855232 0.186023 0.010354 0.010055
0 0.827466 0.191365 0.007530 0.009427
0 0.858291 0.163713 0.008001 0.009427
0 0.806052 0.130719 0.005177 0.012569
0 0.795228 0.133233 0.006118 0.012569
0 0.788640 0.237871 0.005177 0.005656
0 0.757814 0.208648 0.006589 0.010055
0 0.753579 0.195136 0.006589 0.008170
0 0.753814 0.156171 0.006118 0.004399
0 0.730283 0.123806 0.005177 0.007541
0 0.765579 0.196078 0.006118 0.007541
0 0.735930 0.243736 0.005177 0.008170
0 0.751225 0.018225 0.005647 0.006285
0 0.748166 0.025138 0.008942 0.007541
0 0.729342 0.004085 0.009883 0.008170
0 0.753579 0.085470 0.008471 0.007541
0 0.761814 0.092383 0.008001 0.006285
0 0.772639 0.082014 0.008001 0.011941
0 0.707144 0.176596 0.004706 0.007541
0 0.715380 0.176911 0.008942 0.008170
0 0.714674 0.186652 0.008471 0.011312
0 0.712556 0.231900 0.008001 0.011312
0 0.765266 0.278406 0.007059 0.011312
0 0.780796 0.221217 0.002353 0.002514
0 0.782443 0.230644 0.001882 0.005028
0 0.745735 0.267722 0.006589 0.007541
0 0.751382 0.277778 0.008471 0.010055
0 0.735617 0.259867 0.008001 0.006913
0 0.736744 0.297574 0.011197 0.015711
0 0.723224 0.270236 0.008001 0.007541
0 0.712399 0.269608 0.006118 0.006285
0 0.710752 0.277464 0.009412 0.010684
0 0.696398 0.298517 0.007059 0.003771
0 0.667926 0.303544 0.011295 0.008798
0 0.683849 0.309515 0.007059 0.010684
0 0.671377 0.323655 0.012236 0.008798
0 0.681260 0.289718 0.007530 0.007541
0 0.679378 0.296631 0.009412 0.003771
1 0.688319 0.264266 0.017883 0.040850
1 0.657259 0.237557 0.024472 0.025138
1 0.530427 0.198278 0.017413 0.038336
1 0.560076 0.280292 0.018354 0.042735
1 0.418655 0.104952 0.027296 0.021368
1 0.419361 0.142660 0.029649 0.032680
1 0.226957 0.386187 0.020707 0.037079
0 0.078061 0.180760 0.009833 0.011380
0 0.281704 0.736607 0.005900 0.009629
0 0.218776 0.653449 0.005900 0.009629
0 0.340044 0.742589 0.011144 0.019258
0 0.331522 0.772788 0.008522 0.013130
0 0.306941 0.743026 0.007866 0.009629
0 0.306941 0.683940 0.007866 0.010504
0 0.346599 0.668622 0.000656 0.002626
0 0.365711 0.672344 0.005177 0.008170
0 0.357945 0.665431 0.003765 0.008170
0 0.372534 0.654433 0.004706 0.008798
0 0.282882 0.635265 0.006118 0.008170
0 0.279117 0.645320 0.008001 0.006913
0 0.293471 0.672972 0.007530 0.010684
0 0.401027 0.442748 0.009177 0.013198
0 0.372437 0.450289 0.008471 0.015083
0 0.324434 0.493181 0.004236 0.006599
0 0.623041 0.471500 0.009883 0.006599
0 0.665044 0.373932 0.009177 0.009427
0 0.676339 0.408340 0.007765 0.014140
0 0.689398 0.413524 0.008471 0.013198
0 0.658690 0.388543 0.007765 0.014140
0 0.656220 0.455474 0.009883 0.017911
0 0.689398 0.459716 0.008471 0.016968
1 0.655514 0.427665 0.008471 0.009427
1 0.673515 0.441334 0.007765 0.042421
1 0.618100 0.436149 0.012707 0.016968
0 0.587745 0.471028 0.008471 0.013198
0 0.590921 0.438034 0.009177 0.007541
0 0.591274 0.446990 0.015530 0.016026
0 0.602922 0.464429 0.010589 0.013198
0 0.634689 0.363562 0.009177 0.015083
0 0.688575 0.511878 0.009177 0.013198
0 0.705870 0.532617 0.004236 0.007541
0 0.737637 0.548171 0.004236 0.008484
0 0.713988 0.547229 0.004941 0.008484
0 0.701634 0.550528 0.007059 0.009427
0 0.686810 0.531203 0.004236 0.006599
0 0.689281 0.543929 0.004941 0.007541
0 0.715400 0.649981 0.006353 0.012255
1 0.681163 0.559483 0.018354 0.021682
1 0.743402 0.574566 0.013413 0.021682
1 0.740931 0.464272 0.015530 0.017911
1 0.763874 0.383673 0.009177 0.015083
1 0.780463 0.394042 0.008471 0.024510
1 0.766697 0.433164 0.003530 0.014140
1 0.753638 0.433164 0.011295 0.021682
1 0.748696 0.451546 0.024002 0.011312
0 0.747990 0.312500 0.009883 0.010370
0 0.741990 0.361048 0.006353 0.007541
0 0.738911 0.347222 0.007059 0.009427
0 0.745029 0.385244 0.008001 0.008798
0 0.730204 0.356335 0.004706 0.012569
0 0.730204 0.408497 0.008471 0.007541
0 0.764089 0.413839 0.005647 0.011941
0 0.635375 0.266570 0.007059 0.014454
0 0.601020 0.224778 0.008001 0.011312
0 0.612785 0.234519 0.010824 0.011941
0 0.680084 0.073948 0.013648 0.012569
0 0.675377 0.049962 0.014589 0.013198
0 0.623609 0.043363 0.006118 0.006285
0 0.613962 0.032366 0.005647 0.010684
0 0.628316 0.066616 0.008942 0.011312
0 0.612315 0.104010 0.006118 0.006913
0 0.589254 0.126948 0.008942 0.008798
0 0.577724 0.126006 0.005647 0.009427
0 0.555213 0.172302 0.008942 0.006913
0 0.528152 0.154391 0.007530 0.008798
0 0.636159 0.209381 0.011765 0.008170
0 0.698987 0.053419 0.007530 0.008798
0 0.565802 0.005656 0.007530 0.008798
0 0.604157 0.141088 0.006118 0.004399
0 0.543212 0.161513 0.004706 0.010055
0 0.542271 0.179424 0.006589 0.006913
0 0.579450 0.216817 0.008471 0.008798
0 0.512387 0.204248 0.006118 0.008798
0 0.525799 0.257039 0.006589 0.006285
0 0.530035 0.239442 0.004706 0.007541
0 0.535682 0.229072 0.004706 0.006913
0 0.520858 0.274635 0.008001 0.012569
0 0.529564 0.289090 0.011295 0.012569
0 0.539212 0.301345 0.007059 0.010684
0 0.535682 0.312343 0.004706 0.005028
0 0.527446 0.311086 0.005177 0.008798
0 0.554507 0.316742 0.002824 0.003771
0 0.546271 0.258086 0.006118 0.007541
0 0.585332 0.374979 0.009883 0.008798
0 0.579920 0.383777 0.013177 0.007541
0 0.667612 0.272226 0.006589 0.009427
0 0.656082 0.262800 0.006118 0.005656
0 0.498425 0.278197 0.007059 0.010055
0 0.481247 0.272226 0.007530 0.009427
0 0.496542 0.296422 0.006118 0.005028
0 0.493248 0.247717 0.005177 0.008170
0 0.504778 0.242375 0.004706 0.005028
0 0.503366 0.231796 0.009412 0.006913
0 0.504778 0.211999 0.012236 0.012569
0 0.545251 0.421694 0.011295 0.012569
0 0.544781 0.401269 0.011295 0.009427
0 0.533015 0.474904 0.008471 0.012569
0 0.527368 0.575038 0.014119 0.011312
0 0.206171 0.944570 0.008001 0.011312
0 0.294177 0.941742 0.011765 0.009427
0 0.324296 0.879211 0.004236 0.007541
0 0.312295 0.869470 0.002824 0.010684
0 0.317002 0.862871 0.008471 0.007541
0 0.342650 0.793741 0.003294 0.008798
0 0.362181 0.800968 0.009412 0.010684
0 0.303589 0.941114 0.004236 0.004399
0 0.302177 0.926973 0.009883 0.008798
0 0.259115 0.905606 0.006589 0.008798
0 0.206642 0.990133 0.013648 0.010684
0 0.206171 0.961853 0.007059 0.010684
0 0.280999 0.968137 0.007059 0.015711
0 0.322649 0.957768 0.005647 0.008798
0 0.357239 0.966252 0.006118 0.013198
0 0.265234 0.861928 0.009412 0.013198
0 0.183111 0.958082 0.006118 0.006913
0 0.189464 0.935458 0.005647 0.010684
0 0.187346 0.950855 0.006118 0.007541
0 0.145226 0.994910 0.009412 0.010180
0 0.275116 0.990133 0.005647 0.010684
0 0.077143 0.845274 0.003765 0.006285
0 0.042709 0.908120 0.008001 0.006285
0 0.113538 0.762004 0.011295 0.009427
0 0.147344 0.794683 0.008001 0.014454
0 0.150638 0.815108 0.008942 0.013826
0 0.218407 0.704500 0.002353 0.010055
0 0.199582 0.695701 0.003294 0.006285
0 0.210406 0.702929 0.005177 0.010684
0 0.268528 0.749120 0.008471 0.015083
0 0.142402 0.642597 0.009412 0.015711
0 0.146402 0.619658 0.015530 0.013826
0 0.044043 0.722411 0.010354 0.006913
0 0.009531 0.638198 0.013177 0.008170
0 0.077065 0.829772 0.008942 0.012569
0 0.025532 0.980706 0.015060 0.015711
0 0.038709 0.975050 0.006589 0.009427
0 0.086242 0.915975 0.007530 0.006913
0 0.098242 0.896493 0.009883 0.014454
0 0.134480 0.563097 0.011765 0.008798
0 0.155893 0.510307 0.014119 0.016340
0 0.141461 0.283224 0.007530 0.011312
0 0.147344 0.362096 0.004236 0.008170
0 0.179110 0.383149 0.005647 0.007541
0 0.453951 0.058132 0.008471 0.008170
0 0.459128 0.085156 0.008471 0.009427
0 0.485483 0.125377 0.005647 0.006913
0 0.480306 0.102438 0.005647 0.006285
0 0.507367 0.006913 0.005177 0.011312
0 0.501013 0.015397 0.007530 0.009427
0 0.420459 0.189584 0.007059 0.006285
0 0.427518 0.178586 0.007059 0.008170
0 0.413400 0.455317 0.006118 0.006913
0 0.427518 0.454688 0.008001 0.009427
0 0.371044 0.512192 0.006118 0.008798
0 0.328924 0.640397 0.007530 0.008798
0 0.292765 0.552099 0.008001 0.009427
0 0.285470 0.540473 0.006589 0.008798
0 0.324688 0.731419 0.007530 0.010684
0 0.434764 0.740400 0.009177 0.013130
0 0.216263 0.835814 0.014421 0.013130
0 0.193320 0.824872 0.010488 0.012255
0 0.211128 0.595530 0.009833 0.014006
0 0.891313 0.459506 0.004706 0.009427
0 0.922844 0.460763 0.006589 0.010684
0 0.887313 0.420856 0.007059 0.010055
0 0.879312 0.406716 0.007059 0.005656
0 0.866841 0.411115 0.002824 0.005656
0 0.965827 0.522038 0.008471 0.012569
0 0.506415 0.500311 0.009614 0.014006
0 0.088932 0.385154 0.006118 0.009337
0 0.010708 0.015756 0.012236 0.008170
0 0.073552 0.980032 0.008637 0.006488
0 0.071393 0.994449 0.008637 0.007930
0 0.261018 0.802068 0.010589 0.008484
0 0.217603 0.725710 0.011295 0.012255
0 0.691279 0.196078 0.008810 0.007843
0 0.699721 0.171078 0.006607 0.012745
0 0.441295 0.381863 0.006607 0.010784
0 0.329091 0.221569 0.010278 0.013725