2 0.185478 0.110294 0.062906 0.095316
2 0.145600 0.174973 0.057290 0.099401
2 0.232096 0.245098 0.073016 0.092593
2 0.221986 0.340414 0.106716 0.081699
2 0.334880 0.281863 0.062906 0.119826
2 0.395540 0.235566 0.056166 0.127996
2 0.473049 0.179058 0.094359 0.115741
2 0.631438 0.125272 0.078633 0.087146
2 0.656152 0.182462 0.087619 0.084423
2 0.731414 0.089869 0.067400 0.065359
2 0.583510 0.441176 0.074140 0.087146
2 0.408833 0.537854 0.108963 0.127996
2 0.476232 0.645425 0.102223 0.103486
2 0.344990 0.738017 0.060660 0.108932
2 0.029271 0.577342 0.058542 0.098039
2 0.074830 0.858297 0.097729 0.149782
2 0.166943 0.896423 0.120196 0.144336
2 0.521914 0.935911 0.086496 0.100763
2 0.697153 0.809277 0.095483 0.100763
2 0.859474 0.740514 0.085373 0.118464
2 0.939230 0.703068 0.074140 0.133442