2 0.535975 0.111331 0.089376 0.213853
2 0.467678 0.214863 0.084317 0.257981
2 0.551995 0.371009 0.057336 0.210458
2 0.609331 0.270872 0.091062 0.220642
2 0.694491 0.491514 0.055649 0.118807
2 0.976672 0.438899 0.046655 0.203669
2 0.912872 0.652752 0.138280 0.156146
2 0.799044 0.712155 0.059022 0.105229
2 0.735807 0.713853 0.060708 0.115413
2 0.660764 0.967247 0.069140 0.065506
2 0.479483 0.525459 0.074199 0.166330
2 0.460933 0.666330 0.057336 0.081468
2 0.522485 0.676513 0.072513 0.115413
2 0.566329 0.566193 0.042159 0.193486
2 0.592468 0.746100 0.094435 0.139174
1 0.830242 0.401560 0.067454 0.149357
1 0.777965 0.522064 0.084317 0.254587
1 0.852164 0.554312 0.084317 0.176513
1 0.704609 0.637477 0.086003 0.139174
1 0.625351 0.550917 0.065767 0.169724
1 0.859753 0.909541 0.102867 0.180918
1 0.627038 0.919219 0.059022 0.152752
1 0.743395 0.878991 0.150084 0.242018
1 0.431422 0.920916 0.069140 0.108624
2 0.471051 0.883577 0.070826 0.101835
2 0.074761 0.757981 0.074199 0.081468
1 0.492974 0.924311 0.097808 0.135779
1 0.040191 0.876788 0.072513 0.115413
1 0.159078 0.968944 0.107926 0.062111
1 0.246768 0.910733 0.053963 0.128991
1 0.302417 0.900550 0.118044 0.122202
1 0.375773 0.963853 0.082631 0.072294
1 0.163294 0.678211 0.065767 0.173119
1 0.101743 0.649357 0.087690 0.210458
1 0.433108 0.768165 0.086003 0.122202
1 0.520798 0.795320 0.086003 0.149357
2 0.105115 0.898852 0.067454 0.152752
2 0.057898 0.956559 0.097808 0.078073
2 0.105958 0.080781 0.086003 0.118807
2 0.272063 0.085367 0.097808 0.170734
2 0.347105 0.148671 0.102867 0.118807
2 0.371557 0.342156 0.087690 0.118807
2 0.268690 0.252202 0.091062 0.101835
2 0.143901 0.252202 0.053963 0.115413
2 0.154019 0.163946 0.070826 0.128991
2 0.185216 0.330276 0.035413 0.081468
2 0.159078 0.425321 0.043845 0.217247
2 0.115233 0.396468 0.074199 0.186697
2 0.054525 0.533945 0.087690 0.217247
2 0.216414 0.457569 0.060708 0.125596
2 0.273749 0.374404 0.074199 0.128991
2 0.231591 0.686697 0.084317 0.210458
2 0.314221 0.724036 0.053963 0.149357
2 0.296515 0.593348 0.133221 0.159541
2 0.383361 0.455872 0.070826 0.142568
1 0.351321 0.516972 0.074199 0.156146
1 0.418775 0.593348 0.080944 0.166330
1 0.350478 0.815687 0.065767 0.142568
1 0.277122 0.785137 0.060708 0.149357