2 0.625351 0.209651 0.086003 0.167050
2 0.805790 0.249425 0.082631 0.159095
2 0.958404 0.513921 0.037099 0.107389
2 0.650646 0.742620 0.072513 0.119321
2 0.788083 0.932959 0.077572 0.134081
2 0.568437 0.565469 0.056211 0.144180
2 0.537872 0.676504 0.048482 0.071261
2 0.487634 0.595299 0.064643 0.170696
2 0.404722 0.382344 0.039348 0.076233
2 0.433881 0.448633 0.048482 0.188926
2 0.355771 0.533153 0.047780 0.109378
2 0.321693 0.880069 0.082209 0.165724
2 0.292885 0.368810 0.040051 0.134237
2 0.298506 0.440900 0.030214 0.142523
2 0.258104 0.457472 0.033727 0.142523
2 0.211027 0.455815 0.059022 0.086177
2 0.140880 0.493103 0.037240 0.097777
2 0.187254 0.555249 0.041456 0.112692
2 0.179876 0.710201 0.035132 0.130922
2 0.216414 0.744175 0.029511 0.099434
2 0.160554 0.844714 0.047077 0.102749
2 0.211144 0.889460 0.061130 0.129265
2 0.088064 0.906032 0.051996 0.082862
2 0.035015 0.903546 0.035835 0.097777
2 0.070850 0.611043 0.061130 0.129265
2 0.032556 0.396154 0.064643 0.185611
2 0.137601 0.188999 0.069562 0.208812
2 0.165706 0.060563 0.051293 0.107721
2 0.235268 0.055591 0.040051 0.091148
2 0.298857 0.038982 0.054806 0.077964
2 0.371580 0.040639 0.076588 0.081278
2 0.441493 0.057211 0.059022 0.114422
0 0.376850 0.143425 0.081506 0.101092