1 0.450697 0.333985 0.037323 0.035842
1 0.469053 0.344575 0.029981 0.040730
1 0.534215 0.389378 0.035487 0.037471
1 0.417657 0.395487 0.031205 0.033399
1 0.469664 0.501792 0.027533 0.029326
1 0.458957 0.496497 0.046501 0.046432
1 0.593565 0.299772 0.024474 0.029326
1 0.614980 0.279407 0.028145 0.053763
1 0.656178 0.321766 0.024474 0.034213
1 0.687076 0.313620 0.040994 0.050505
1 0.583673 0.387341 0.033652 0.028511
1 0.615795 0.367384 0.019579 0.022809
1 0.605088 0.370235 0.026310 0.039915
1 0.621608 0.389378 0.021415 0.029326
1 0.614878 0.415037 0.028757 0.033399
1 0.596828 0.419925 0.031816 0.043174
1 0.631398 0.485500 0.033652 0.045617
1 0.572660 0.545373 0.026310 0.044803
1 0.593157 0.593434 0.030593 0.056207
1 0.577555 0.644347 0.028757 0.045617
1 0.642717 0.611763 0.033040 0.052134
1 0.613042 0.668785 0.029981 0.047247
1 0.423367 0.607283 0.048336 0.038286
1 0.464056 0.619094 0.030593 0.052134
1 0.447536 0.637015 0.034264 0.050505
1 0.482717 0.813511 0.038547 0.045617
1 0.375031 0.894971 0.021415 0.042359
1 0.488530 0.924161 0.042830 0.044803
1 0.382067 0.939231 0.020803 0.037471
1 0.362488 0.956338 0.037935 0.065168
1 0.395834 0.875692 0.020191 0.032584
1 0.419390 0.890762 0.024474 0.044803
1 0.439582 0.883024 0.025698 0.045617
1 0.526771 0.723363 0.036099 0.039101
1 0.522182 0.756761 0.048948 0.029326
0 0.609983 0.721326 0.045889 0.049690
0 0.652507 0.725806 0.028145 0.042359
1 0.966795 0.699196 0.034264 0.048876
1 0.664540 0.515912 0.028145 0.035842
1 0.685955 0.502878 0.028145 0.042359
1 0.714100 0.511839 0.040382 0.050505
1 0.755706 0.482106 0.035487 0.072499
1 0.857579 0.422776 0.045889 0.045617
1 0.808019 0.398610 0.032428 0.060280
1 0.964348 0.507087 0.036711 0.036657
1 0.985763 0.543744 0.025698 0.046432
1 0.989516 0.463778 0.020968 0.032584
1 0.956088 0.418975 0.036099 0.037471
1 0.103674 0.032177 0.019579 0.051320
1 0.129066 0.047247 0.020191 0.035842
1 0.133655 0.018736 0.033040 0.037471
1 0.158741 0.008553 0.019579 0.017106
1 0.171590 0.024845 0.020803 0.031769
1 0.189334 0.013848 0.017132 0.017921
1 0.252966 0.016292 0.019579 0.032584
1 0.197900 0.065982 0.012237 0.027696
1 0.209831 0.024845 0.021415 0.048061
1 0.236752 0.067612 0.017744 0.039101
1 0.295184 0.023623 0.025698 0.030955
1 0.343215 0.083089 0.018967 0.032584
1 0.129066 0.110378 0.023862 0.030140
1 0.275299 0.130743 0.026310 0.031769
1 0.100003 0.168214 0.031816 0.039915
1 0.121418 0.169844 0.033040 0.035028
1 0.190251 0.162920 0.016520 0.027696
1 0.164248 0.090420 0.011013 0.039101
1 0.019238 0.287960 0.029369 0.041544
1 0.042489 0.361681 0.029369 0.032584
1 0.046160 0.297735 0.014684 0.039915
1 0.070022 0.300994 0.025698 0.035028
1 0.077059 0.331134 0.031205 0.035028
1 0.097250 0.414223 0.020191 0.039915
1 0.122642 0.424405 0.025698 0.047247
1 0.153234 0.425220 0.033040 0.042359
1 0.183827 0.484686 0.030593 0.027696
1 0.173425 0.463506 0.035487 0.019550
1 0.187498 0.514418 0.030593 0.041544
1 0.215643 0.450472 0.023250 0.027696
1 0.110099 0.274927 0.021415 0.033399
1 0.091743 0.276556 0.025086 0.030140
1 0.081036 0.253340 0.030593 0.037471
1 0.202183 0.321223 0.023250 0.029326
1 0.230634 0.270718 0.018967 0.024438
1 0.227574 0.310226 0.022639 0.030140
1 0.101227 0.311041 0.041606 0.035028
1 0.173119 0.373765 0.021415 0.028511
1 0.347804 0.227137 0.033040 0.041544
1 0.346274 0.267867 0.033652 0.043174
1 0.369218 0.248724 0.025698 0.039101
1 0.398893 0.224693 0.023862 0.030140
1 0.165471 0.305338 0.030593 0.052949
1 0.074305 0.201070 0.020803 0.020365
1 0.088684 0.222657 0.027533 0.035842
1 0.230940 0.472331 0.034264 0.025253
1 0.216561 0.500027 0.021415 0.036657
1 0.200347 0.439747 0.031816 0.028511
1 0.277440 0.603074 0.034264 0.047247
1 0.261532 0.572526 0.037935 0.035028
1 0.243789 0.508988 0.028145 0.036657
1 0.264592 0.475182 0.018356 0.026067
1 0.281723 0.481291 0.023250 0.028511
1 0.267651 0.517541 0.011013 0.055393
1 0.291513 0.545645 0.030593 0.041544
1 0.332813 0.524872 0.033652 0.053763
1 0.377173 0.448300 0.034264 0.034213
1 0.379926 0.503286 0.021415 0.052949
1 0.358511 0.512246 0.021415 0.046432
1 0.397670 0.271940 0.023862 0.028511
1 0.137326 0.235690 0.037935 0.061909
1 0.271934 0.367791 0.037935 0.048061
1 0.336484 0.307103 0.031205 0.026067
1 0.311704 0.406891 0.031816 0.052949
1 0.309563 0.447214 0.034876 0.040730
1 0.263062 0.412186 0.037323 0.039101
1 0.379926 0.364940 0.031205 0.053763
1 0.347547 0.413105 0.027722 0.036260
1 0.333731 0.482242 0.048948 0.061909
1 0.436522 0.154366 0.025698 0.049690
1 0.481494 0.161290 0.040994 0.048876
1 0.486694 0.199576 0.034264 0.034213
1 0.368607 0.035028 0.030593 0.034213
1 0.379008 0.068833 0.041606 0.046432
1 0.488428 0.008961 0.033652 0.017921
1 0.694011 0.082682 0.026310 0.031769
1 0.675349 0.132779 0.039159 0.048876
1 0.684833 0.190616 0.039770 0.039101
1 0.666783 0.173102 0.042830 0.038286
1 0.687280 0.214646 0.033652 0.051320
1 0.719199 0.131558 0.031816 0.041544
1 0.695948 0.014255 0.034264 0.028510
1 0.709103 0.040730 0.028757 0.032584
1 0.724705 0.062317 0.040382 0.031769
1 0.726235 0.019143 0.025086 0.038286
1 0.740308 0.010182 0.020191 0.020364
1 0.736330 0.083496 0.024474 0.041544
1 0.752443 0.136445 0.019987 0.049690
1 0.706656 0.191838 0.018967 0.033399
1 0.738778 0.298957 0.024474 0.037471
1 0.747038 0.271668 0.040994 0.036657
1 0.776101 0.258635 0.037935 0.057836
1 0.775183 0.295292 0.038547 0.025253
1 0.904386 0.061909 0.039159 0.045617
1 0.848402 0.133187 0.028757 0.038286
1 0.833411 0.210981 0.029369 0.037471
1 0.837082 0.251303 0.031816 0.035028
1 0.819950 0.266781 0.036711 0.036657
1 0.859415 0.229309 0.023862 0.046432
1 0.776509 0.197947 0.033040 0.032584
1 0.803430 0.181655 0.029369 0.034213
1 0.823927 0.156810 0.037323 0.030140
1 0.810161 0.140925 0.031816 0.040730
1 0.782627 0.130743 0.028145 0.026882
1 0.778956 0.142555 0.030593 0.055393
1 0.853602 0.026882 0.030593 0.035842
1 0.789970 0.015477 0.023250 0.030954
1 0.751117 0.032177 0.022639 0.033399
1 0.773450 0.042359 0.022027 0.026067
1 0.760601 0.070870 0.024474 0.037471
1 0.778344 0.097752 0.039159 0.039101
1 0.791499 0.066797 0.038547 0.039101
1 0.812608 0.042359 0.034264 0.037471
1 0.820256 0.097752 0.039770 0.042359
1 0.768453 0.006517 0.033652 0.013034
1 0.985845 0.230938 0.028310 0.035028
1 0.993187 0.197947 0.013626 0.034213
1 0.931920 0.344846 0.022027 0.065168
1 0.956394 0.304931 0.026922 0.029326
1 0.979338 0.268274 0.032428 0.029326
1 0.987598 0.295563 0.023250 0.048061
1 0.954864 0.342810 0.023862 0.038286
1 0.986986 0.390871 0.020803 0.048061
1 0.975361 0.359916 0.031816 0.044803
1 0.723086 0.693042 0.028208 0.037555
1 0.704848 0.729302 0.026749 0.032375
1 0.715791 0.759518 0.022372 0.033238
1 0.731840 0.728978 0.027235 0.043383
1 0.774882 0.723366 0.025776 0.039498
1 0.781204 0.769339 0.018967 0.033023
1 0.763696 0.759626 0.018967 0.035613
1 0.802847 0.784555 0.035017 0.029785
1 0.834459 0.793296 0.021399 0.035613
1 0.751294 0.796534 0.021399 0.031728
1 0.717250 0.792325 0.033071 0.050505
1 0.635058 0.772900 0.026263 0.034965
1 0.604904 0.763187 0.020426 0.049210
1 0.576939 0.745705 0.029667 0.034965
1 0.550920 0.771605 0.025290 0.066045
1 0.574751 0.807541 0.018481 0.025253
1 0.567699 0.796210 0.020913 0.024605
1 0.547272 0.873910 0.034530 0.046620
1 0.580101 0.869701 0.036962 0.038203
1 0.596150 0.900458 0.022372 0.033670
1 0.656457 0.759626 0.020426 0.052448
1 0.678585 0.750237 0.024804 0.041440
1 0.688556 0.776137 0.024317 0.029785
1 0.686124 0.798476 0.028208 0.031728
1 0.701444 0.817578 0.019940 0.020720
1 0.696823 0.859125 0.015563 0.020073
1 0.686853 0.843262 0.027722 0.037555
1 0.713845 0.834844 0.032099 0.031080
1 0.743513 0.826103 0.017508 0.033023
1 0.762966 0.824808 0.019454 0.027843
1 0.787284 0.813800 0.027235 0.036908
1 0.788256 0.844557 0.029181 0.022015
1 0.801631 0.879522 0.021886 0.033670
1 0.803333 0.917077 0.026263 0.034965
1 0.707766 0.908336 0.028694 0.039498
1 0.718709 0.873047 0.022372 0.037555
1 0.624844 0.836139 0.026263 0.028490
1 0.656457 0.854269 0.016536 0.022015
1 0.652566 0.829988 0.024317 0.027843
1 0.640651 0.869162 0.017995 0.032375
1 0.622413 0.873370 0.032099 0.034318
1 0.645757 0.893767 0.018481 0.025900
1 0.674938 0.869162 0.018481 0.041440
1 0.672263 0.909954 0.023831 0.033670
1 0.648432 0.932617 0.025776 0.032375
1 0.631896 0.955927 0.022858 0.027195
1 0.623872 0.989295 0.033071 0.021410
1 0.665211 0.989295 0.025290 0.021410
1 0.658402 0.965963 0.030153 0.016188
1 0.676883 0.946538 0.023345 0.020073
1 0.681747 0.935207 0.028208 0.027195
2 0.671784 0.664983 0.019726 0.020202
1 0.005858 0.702862 0.011716 0.027273
1 0.019894 0.735690 0.039788 0.042424
1 0.008514 0.813468 0.017027 0.024242
1 0.014204 0.828620 0.028408 0.034343
1 0.021579 0.896801 0.028831 0.031313
1 0.010199 0.914478 0.016691 0.024242
1 0.313016 0.333139 0.023831 0.047268
1 0.325418 0.368752 0.020426 0.039498
0 0.373080 0.313390 0.016536 0.031080
1 0.197347 0.353535 0.024317 0.034965
1 0.232850 0.361305 0.021399 0.045325
1 0.175705 0.404688 0.024804 0.027195
1 0.130069 0.330225 0.024317 0.031080
1 0.109643 0.370047 0.015563 0.030433
1 0.224826 0.131766 0.020913 0.030433
1 0.232607 0.109428 0.023831 0.044030
1 0.263733 0.063455 0.016049 0.033670
1 0.291941 0.063131 0.022858 0.030433
1 0.227257 0.173422 0.030640 0.025253
1 0.168166 0.054390 0.024317 0.044030
1 0.267138 0.256626 0.022858 0.040145
1 0.272244 0.221014 0.024317 0.033670
1 0.291698 0.247237 0.019454 0.033023
1 0.282458 0.167595 0.025290 0.026548
1 0.222394 0.399832 0.014104 0.013598
1 0.204156 0.403717 0.022372 0.023958
1 0.245252 0.453250 0.025776 0.028490
1 0.268435 0.313714 0.013131 0.023958
1 0.174084 0.242165 0.017995 0.033670
1 0.184540 0.230510 0.017508 0.024605
1 0.296886 0.109751 0.021399 0.035613
1 0.315853 0.109104 0.018481 0.033023
1 0.200103 0.111694 0.025290 0.023958
1 0.272812 0.047807 0.033558 0.034318
1 0.124882 0.067556 0.029181 0.025900
1 0.212910 0.236338 0.028208 0.049210
1 0.185189 0.288785 0.033071 0.037555
1 0.314556 0.263209 0.019454 0.042088
1 0.322095 0.217884 0.025776 0.045973
1 0.160142 0.129068 0.034530 0.033670
1 0.158683 0.188962 0.022858 0.023958
1 0.126098 0.395407 0.035503 0.047915
1 0.109562 0.345550 0.030640 0.037555
1 0.349122 0.352428 0.019966 0.035885
1 0.232202 0.426919 0.019454 0.025900
1 0.281728 0.301196 0.020913 0.021368
1 0.135176 0.150760 0.029667 0.027843