0 0.402783 0.149502 0.017607 0.023057
0 0.563836 0.170912 0.012429 0.015371
0 0.797734 0.139072 0.013464 0.015371
0 0.042701 0.512553 0.017607 0.025253
0 0.221879 0.492241 0.021750 0.019763
0 0.159219 0.741473 0.020714 0.035134
0 0.501349 0.901771 0.018643 0.024155
2 0.710389 0.720063 0.048678 0.066974
2 0.598360 0.838091 0.053857 0.090031
2 0.685878 0.947885 0.067321 0.041722
2 0.360837 0.613014 0.049714 0.054897
2 0.494962 0.552445 0.054893 0.042819
2 0.870407 0.079051 0.066285 0.039526
2 0.385867 0.884753 0.050750 0.077953
1 0.875585 0.797467 0.089071 0.131752
1 0.928924 0.787037 0.075607 0.091129
1 0.955853 0.682733 0.071464 0.091129
1 0.982328 0.618870 0.035344 0.065876
1 0.928406 0.492241 0.099428 0.116381
1 0.691747 0.308154 0.108750 0.114185
1 0.737836 0.363051 0.072500 0.094422
1 0.612342 0.431672 0.110821 0.091129
1 0.518093 0.391048 0.073535 0.071366
1 0.497896 0.486569 0.155357 0.082345
1 0.330284 0.301566 0.114964 0.125165
1 0.257266 0.485471 0.101500 0.099912
1 0.603711 0.261675 0.123250 0.103206
1 0.601640 0.150966 0.121178 0.146025
1 0.474765 0.114185 0.111857 0.065876
1 0.696753 0.119675 0.124285 0.133948
1 0.755270 0.085639 0.088035 0.109794
1 0.789449 0.145477 0.065250 0.069170
1 0.802395 0.209157 0.105642 0.104304
1 0.922192 0.175670 0.078714 0.105402
1 0.962585 0.127910 0.068357 0.082345
0 0.952746 0.187747 0.023821 0.028546
1 0.928924 0.284914 0.075607 0.055995
2 0.781163 0.458754 0.077678 0.058191
1 0.491682 0.703045 0.058000 0.072464
1 0.617521 0.922083 0.094250 0.126263
1 0.699860 0.962707 0.122214 0.058191
1 0.387075 0.958571 0.122214 0.082858
1 0.520164 0.819426 0.092178 0.063680
1 0.165951 0.975589 0.067321 0.048822
1 0.107951 0.444298 0.083893 0.122969
1 0.095005 0.538721 0.120142 0.109794
1 0.227576 0.095520 0.116000 0.068072
0 0.677438 0.393680 0.014659 0.023310
0 0.977801 0.950855 0.013743 0.017483