1 0.203621 0.820707 0.181251 0.166667
1 0.368761 0.295455 0.108750 0.141414
1 0.350636 0.367424 0.153056 0.239899
1 0.264038 0.330808 0.140973 0.146465
1 0.364733 0.242424 0.157084 0.176768
1 0.306330 0.669192 0.249723 0.196970
1 0.464421 0.726010 0.171181 0.184343
0 0.496643 0.787879 0.034236 0.055556
0 0.341573 0.843434 0.034236 0.040404
0 0.725221 0.824495 0.040278 0.058081
0 0.794700 0.885101 0.058403 0.058081
0 0.781610 0.686869 0.028195 0.050505
0 0.823902 0.670455 0.052361 0.053030
0 0.868208 0.648990 0.040278 0.095960
0 0.670846 0.551768 0.072500 0.068182
0 0.512755 0.561869 0.058403 0.047980
0 0.495637 0.424242 0.056389 0.055556
0 0.458379 0.333333 0.042292 0.060606
0 0.530880 0.247475 0.030208 0.050505
0 0.577199 0.233586 0.038264 0.058081
0 0.676887 0.228535 0.048334 0.063131
0 0.733276 0.313131 0.032222 0.040404
0 0.694005 0.294192 0.042292 0.058081
0 0.644665 0.301768 0.048334 0.047980
0 0.567130 0.367424 0.050347 0.037879
0 0.574179 0.505051 0.036250 0.020202
0 0.563102 0.550505 0.058403 0.040404
1 0.688971 0.891414 0.128889 0.141414
1 0.602373 0.152778 0.181251 0.239899
1 0.485567 0.260101 0.128889 0.131313
1 0.604387 0.426768 0.290001 0.247475
1 0.698033 0.742424 0.251737 0.272727
1 0.904458 0.522727 0.149028 0.227273
1 0.774561 0.513889 0.175209 0.285354