1 0.731290 0.083333 0.076041 0.166666
1 0.872138 0.431818 0.060487 0.166667
2 0.968053 0.794192 0.051846 0.108586
2 0.544645 0.564394 0.086410 0.047980
1 0.579209 0.772727 0.062215 0.121212
1 0.764990 0.483586 0.115789 0.108586
1 0.665619 0.607323 0.096779 0.143939
1 0.746844 0.672980 0.120974 0.098485
1 0.538596 0.669192 0.074312 0.065657
1 0.637968 0.213384 0.096779 0.128788
1 0.521314 0.234848 0.046661 0.095960
1 0.487615 0.315657 0.093323 0.095960
1 0.365777 0.233586 0.070856 0.098485
1 0.256036 0.425505 0.079497 0.058081
1 0.116052 0.707071 0.089866 0.111111
1 0.179131 0.898990 0.095051 0.080808