1 0.037058 0.017263 0.026232 0.034526
1 0.065164 0.013473 0.034976 0.026946
1 0.052984 0.044001 0.024358 0.028426
1 0.023630 0.084272 0.025607 0.035059
1 0.068599 0.123595 0.039348 0.039797
2 0.077030 0.066269 0.023734 0.025584
2 0.030812 0.057741 0.038723 0.035059
2 0.127933 0.114593 0.028106 0.036954
2 0.181958 0.090905 0.026232 0.027479
2 0.099827 0.255619 0.020611 0.028426
2 0.138238 0.377536 0.022485 0.032216
2 0.248787 0.361428 0.017488 0.018951
2 0.025816 0.532933 0.021235 0.032216
2 0.217559 0.745025 0.027481 0.019898
2 0.181334 0.657851 0.029979 0.029374
2 0.250349 0.698437 0.026857 0.036007
2 0.270335 0.662431 0.024358 0.051167
2 0.309058 0.607000 0.020611 0.025584
2 0.451460 0.903107 0.034351 0.041692
2 0.519226 0.864731 0.011242 0.035059
2 0.577520 0.941482 0.033727 0.036954
2 0.593758 0.721178 0.026232 0.036007
2 0.565965 0.757185 0.030604 0.036007
2 0.577520 0.791297 0.031229 0.032216
2 0.522870 0.828251 0.029355 0.034112
2 0.544209 0.565781 0.024983 0.036007
2 0.637583 0.529301 0.025607 0.050220
2 0.687236 0.550147 0.039973 0.044534
2 0.873046 0.950168 0.014365 0.032216
2 0.901776 0.744867 0.031853 0.041692
2 0.949243 0.742972 0.029355 0.041692
2 0.899005 0.673130 0.017408 0.027084
2 0.958612 0.689909 0.030604 0.034112
2 0.989767 0.666695 0.020465 0.029374
2 0.736161 0.414964 0.018737 0.025584
2 0.421169 0.394592 0.024983 0.043587
2 0.377761 0.030736 0.019362 0.039797
2 0.403612 0.091520 0.015532 0.020871
2 0.412488 0.068293 0.016420 0.035009
2 0.412275 0.182233 0.018971 0.019987
2 0.904915 0.060486 0.040929 0.075502
1 0.112159 0.038592 0.045847 0.040774
1 0.145096 0.034594 0.035835 0.047170
1 0.016951 0.121339 0.033902 0.071954
1 0.006412 0.189695 0.012823 0.032779
1 0.015897 0.246459 0.031794 0.043972
1 0.086074 0.192494 0.032673 0.038375
1 0.112950 0.172906 0.012648 0.043972
1 0.128232 0.186497 0.015809 0.029581
1 0.166702 0.121739 0.018971 0.050368
1 0.156426 0.164511 0.031092 0.052766
1 0.143515 0.186897 0.018971 0.031980
1 0.113477 0.211681 0.022133 0.027183
1 0.062096 0.261516 0.033200 0.051700
1 0.071318 0.297760 0.015809 0.033579
1 0.049185 0.317347 0.045320 0.035977
1 0.072109 0.351325 0.028984 0.043172
1 0.081067 0.388102 0.026876 0.035178
1 0.083966 0.366915 0.036889 0.027982
1 0.106362 0.388901 0.025822 0.027183
1 0.061042 0.417949 0.044793 0.025584
1 0.055245 0.441268 0.034254 0.032779
1 0.076061 0.454459 0.040051 0.027183
1 0.006148 0.531477 0.012296 0.051167
1 0.025998 0.557060 0.030565 0.028782
1 0.027579 0.578647 0.031619 0.020787
1 0.029687 0.600633 0.023187 0.021586
1 0.011681 0.622219 0.023362 0.039175
2 0.017830 0.648202 0.025822 0.047969
1 0.109524 0.573050 0.036362 0.041573
1 0.057353 0.563456 0.028984 0.051167
1 0.073690 0.507492 0.022660 0.038375
1 0.087655 0.491902 0.037943 0.040774
1 0.112159 0.465119 0.026876 0.036776
1 0.114267 0.493501 0.017390 0.042373
1 0.127442 0.489903 0.012121 0.035178
1 0.141934 0.477911 0.022133 0.033579
1 0.158534 0.481109 0.016336 0.030381
1 0.173816 0.480709 0.013175 0.024784
1 0.156162 0.592238 0.016863 0.031980
1 0.144042 0.549865 0.028457 0.059162
1 0.068156 0.588640 0.030565 0.027982
1 0.050766 0.663126 0.015809 0.017589
1 0.064467 0.644738 0.027403 0.049568
1 0.092397 0.616356 0.030565 0.035977
1 0.058144 0.688710 0.023187 0.044771
1 0.080804 0.683113 0.024241 0.033579
1 0.091870 0.703100 0.016863 0.035178
1 0.111105 0.725086 0.019498 0.019987
1 0.127969 0.704699 0.026876 0.038375
1 0.152473 0.681115 0.047428 0.058363
1 0.163013 0.796641 0.034781 0.043172
1 0.012472 0.857002 0.024944 0.061561
1 0.016776 0.896577 0.023714 0.035178
1 0.016249 0.926957 0.022660 0.044771
1 0.027052 0.974927 0.017917 0.041573
1 0.166877 0.987064 0.024241 0.025872
1 0.194807 0.990661 0.016863 0.018677
1 0.271044 0.841412 0.024241 0.039974
1 0.230203 0.770524 0.024768 0.039974
1 0.239952 0.734947 0.020025 0.039175
1 0.227568 0.696571 0.022660 0.043972
1 0.266565 0.716159 0.028984 0.036776
1 0.277104 0.742942 0.018444 0.019987
1 0.288698 0.765727 0.034254 0.059162
1 0.280266 0.806101 0.041632 0.047170
1 0.304244 0.823690 0.018971 0.031180
1 0.250228 0.609560 0.020552 0.049568
1 0.217292 0.599167 0.059022 0.052766
1 0.290542 0.625550 0.028457 0.041573
1 0.297920 0.677117 0.041105 0.056764
1 0.287908 0.705899 0.016863 0.027982
1 0.299765 0.728684 0.043739 0.028782
1 0.280705 0.575049 0.020025 0.043972
1 0.259890 0.562657 0.026876 0.057563
1 0.363969 0.679782 0.022133 0.035977
1 0.378197 0.652999 0.044266 0.051167
1 0.086337 0.288032 0.027930 0.042373
1 0.103991 0.240863 0.030565 0.037576
1 0.124016 0.233667 0.013702 0.042373
2 0.141934 0.256053 0.024241 0.035977
2 0.176714 0.244860 0.033727 0.032779
2 0.201483 0.214613 0.042159 0.039974
1 0.198321 0.166244 0.031619 0.040774
1 0.198321 0.125869 0.044266 0.041573
1 0.210968 0.093490 0.021079 0.034378
1 0.114267 0.097887 0.023714 0.030381
1 0.232574 0.101085 0.024241 0.027183
1 0.280969 0.086295 0.026876 0.026383
1 0.290191 0.117875 0.022133 0.038375
1 0.310480 0.107881 0.022660 0.043972
1 0.338937 0.105482 0.028984 0.040774
2 0.333667 0.153852 0.026876 0.047969
1 0.314169 0.072703 0.015282 0.026383
1 0.329715 0.069905 0.021079 0.027183
1 0.376089 0.065908 0.016863 0.033579
1 0.381886 0.094290 0.013702 0.037576
1 0.390581 0.112678 0.014228 0.023185
1 0.425362 0.082297 0.010013 0.045571
1 0.416667 0.140660 0.028457 0.045571
1 0.378197 0.130666 0.035835 0.028782
1 0.401736 0.207684 0.025295 0.036776
1 0.393831 0.227671 0.038997 0.031980
1 0.108734 0.297360 0.029511 0.024784
1 0.138245 0.286567 0.020025 0.017589
1 0.148257 0.292963 0.007378 0.020787
1 0.133502 0.310951 0.022133 0.042373
1 0.092924 0.329739 0.031619 0.027183
1 0.118746 0.356522 0.036889 0.035977
1 0.160642 0.321744 0.032146 0.060761
1 0.193051 0.305355 0.035835 0.042373
1 0.208333 0.334536 0.038997 0.059162
1 0.182511 0.379307 0.044266 0.039974
1 0.191997 0.433539 0.029511 0.047170
1 0.195159 0.471915 0.029511 0.051967
1 0.199638 0.508691 0.016336 0.045571
1 0.176187 0.507492 0.013702 0.030381
1 0.186464 0.529078 0.012121 0.023985
1 0.211495 0.478711 0.015809 0.044771
1 0.225724 0.448730 0.021079 0.026383
1 0.244168 0.426344 0.026349 0.043972
1 0.256025 0.392765 0.031092 0.039175
1 0.259978 0.335202 0.043212 0.048769
1 0.265247 0.467251 0.026349 0.049568
1 0.238898 0.478444 0.035835 0.046370
1 0.246539 0.510424 0.042685 0.028782
1 0.327080 0.467518 0.026349 0.041573
1 0.338146 0.471515 0.021079 0.049568
1 0.289664 0.286167 0.040051 0.050368
1 0.319702 0.326541 0.012648 0.030381
2 0.299150 0.332138 0.033727 0.049568
2 0.325730 0.393811 0.028106 0.048699
1 0.286974 0.396056 0.032839 0.038375
1 0.303615 0.412550 0.019082 0.035009
1 0.301175 0.372492 0.027514 0.030296
1 0.340449 0.353304 0.019970 0.024237
1 0.357830 0.328618 0.030177 0.049821
1 0.359605 0.360597 0.015976 0.049148
1 0.383125 0.363627 0.019526 0.024237
1 0.356055 0.405705 0.024851 0.028950
1 0.364486 0.392577 0.039940 0.041742
1 0.347623 0.437012 0.015976 0.017505
2 0.333866 0.426576 0.021301 0.018178
1 0.370847 0.473143 0.017751 0.029623
1 0.368628 0.500746 0.020414 0.022891
1 0.383051 0.509499 0.017307 0.037702
1 0.393923 0.493004 0.021301 0.035682
1 0.391704 0.447559 0.022189 0.035009
1 0.405905 0.479876 0.025739 0.040395
1 0.417665 0.427025 0.030620 0.022217
1 0.446289 0.418610 0.024851 0.036356
1 0.458492 0.471797 0.028845 0.037702
1 0.426541 0.508826 0.025295 0.064632
1 0.448064 0.520607 0.023076 0.066652
1 0.468033 0.551914 0.023076 0.028277
1 0.497840 0.492892 0.022632 0.018851
1 0.496287 0.496258 0.028402 0.047128
1 0.416751 0.586484 0.023609 0.030700
1 0.406296 0.624859 0.013491 0.019444
1 0.441709 0.596717 0.022260 0.026607
1 0.424171 0.613602 0.051939 0.029677
1 0.440022 0.627929 0.037774 0.044004
1 0.460933 0.653513 0.018887 0.041957
1 0.396515 0.793541 0.030354 0.024560
1 0.447442 0.828334 0.039123 0.045027
1 0.403464 0.746260 0.030620 0.056553
1 0.413893 0.720339 0.029289 0.051841
1 0.431644 0.679608 0.037277 0.068672
1 0.442960 0.720676 0.037721 0.037702
1 0.441185 0.748953 0.036833 0.028277
1 0.479350 0.816278 0.027958 0.033663
1 0.396808 0.930619 0.029733 0.037029
1 0.408568 0.947787 0.027514 0.048474
1 0.522248 0.946777 0.020857 0.041068
1 0.540221 0.886184 0.020414 0.023564
1 0.563297 0.859591 0.032839 0.043088
1 0.576610 0.844106 0.022189 0.039049
1 0.220212 0.010869 0.027802 0.021737
1 0.241177 0.054581 0.035094 0.044944
1 0.276727 0.010523 0.017775 0.021046
1 0.276955 0.055618 0.027346 0.029041
1 0.296097 0.046630 0.022788 0.030424
1 0.305440 0.024157 0.015040 0.039413
1 0.324583 0.025540 0.016863 0.043561
1 0.339851 0.006029 0.020054 0.012057
1 0.346232 0.026232 0.011850 0.031115
1 0.365222 0.039946 0.022788 0.053933
1 0.419838 0.055849 0.038740 0.040104
1 0.470200 0.167288 0.015496 0.024201
1 0.482506 0.182499 0.019142 0.049093
1 0.418471 0.261325 0.018686 0.036647
1 0.400012 0.279994 0.025523 0.035264
1 0.432144 0.282068 0.029625 0.035264
1 0.428726 0.310763 0.031904 0.042870
1 0.721827 0.172898 0.034460 0.044493
1 0.514090 0.210717 0.019796 0.031145
1 0.498692 0.226290 0.030061 0.031145
1 0.501259 0.252430 0.020529 0.018910
1 0.505291 0.276345 0.035926 0.026696
1 0.530953 0.281907 0.019796 0.031145
1 0.504925 0.341973 0.019063 0.033370
1 0.495393 0.355877 0.017597 0.032258
1 0.469365 0.348090 0.024195 0.038932
1 0.533886 0.359214 0.019796 0.050055
1 0.519955 0.380348 0.032994 0.036707
1 0.577877 0.279126 0.040326 0.041156
1 0.595107 0.320838 0.032260 0.037819
1 0.565780 0.364775 0.026395 0.058954
1 0.550382 0.389247 0.027861 0.045606
1 0.619669 0.334186 0.038859 0.037819
1 0.596574 0.405375 0.017597 0.033370
1 0.601339 0.445419 0.019796 0.031145
1 0.546717 0.478789 0.020529 0.033370
1 0.536085 0.488800 0.022729 0.062291
1 0.572635 0.543119 0.015566 0.037391
1 0.610686 0.495888 0.048428 0.047887
1 0.605497 0.468992 0.012972 0.033456
1 0.523775 0.638566 0.028538 0.034112
1 0.539989 0.599207 0.034159 0.036735
1 0.562041 0.579527 0.019458 0.026240
1 0.579337 0.564767 0.015999 0.032144
1 0.589282 0.592975 0.017728 0.029520
1 0.578689 0.592647 0.017296 0.010496
1 0.562258 0.609702 0.016431 0.027552
1 0.586904 0.626102 0.027673 0.056415
1 0.611767 0.622166 0.019458 0.032800
1 0.557934 0.675630 0.034592 0.042639
1 0.517505 0.667758 0.033294 0.050511
1 0.510803 0.724501 0.031997 0.048543
1 0.523342 0.705149 0.028538 0.032144
1 0.543881 0.738277 0.024647 0.027552
1 0.568960 0.719253 0.047131 0.032800
1 0.523126 0.764188 0.043672 0.047887
1 0.541719 0.796332 0.026376 0.049199
1 0.560168 0.820932 0.024647 0.027552
1 0.610326 0.879315 0.031565 0.040671
1 0.624162 0.902930 0.015134 0.024928
1 0.640593 0.912442 0.013404 0.059695
1 0.660700 0.898666 0.025079 0.046575
1 0.596417 0.756644 0.025944 0.030176
1 0.611767 0.777964 0.014269 0.030832
1 0.618253 0.811420 0.021187 0.046575
1 0.638359 0.816340 0.026808 0.035424
1 0.633891 0.761236 0.028538 0.053791
1 0.647728 0.798628 0.036321 0.047231
1 0.668699 0.778620 0.031565 0.047887
1 0.637783 0.679456 0.020755 0.045919
1 0.618541 0.681752 0.028106 0.028208
1 0.595840 0.679456 0.020755 0.030176
1 0.645566 0.708648 0.010377 0.029520
1 0.663726 0.734887 0.012107 0.033456
1 0.682319 0.729312 0.016431 0.038047
1 0.702210 0.738823 0.025944 0.050511
1 0.703939 0.780479 0.040645 0.019680
1 0.721811 0.852091 0.031997 0.049199
1 0.765339 0.852419 0.019890 0.027552
1 0.780473 0.841595 0.031132 0.043951
1 0.805048 0.831755 0.019458 0.033456
1 0.811317 0.867179 0.030268 0.025584
1 0.788400 0.874395 0.028538 0.034768
1 0.774780 0.918674 0.038483 0.044607
1 0.799426 0.903258 0.032430 0.043951
1 0.779104 0.941634 0.023782 0.034112
1 0.807426 0.947538 0.028538 0.034112
1 0.782347 0.975417 0.019025 0.032144
1 0.863925 0.786164 0.016431 0.028864
1 0.843603 0.825852 0.032862 0.045263
1 0.883599 0.846187 0.031565 0.036080
1 0.901976 0.840939 0.031997 0.047887
1 0.881005 0.905554 0.034159 0.060351
1 0.908894 0.878987 0.027673 0.057071
1 0.884464 0.879643 0.041078 0.036080
1 0.841657 0.972465 0.022917 0.035424
1 0.824361 0.987225 0.026376 0.022960
1 0.887491 0.973121 0.027241 0.038047
1 0.925974 0.864883 0.039348 0.045919
1 0.918407 0.821588 0.027673 0.040671
1 0.909759 0.773044 0.030268 0.030176
1 0.956674 0.862478 0.020323 0.034112
1 0.945864 0.842142 0.022052 0.031488
1 0.967916 0.806390 0.022052 0.030832
1 0.954512 0.780151 0.029835 0.043951
1 0.975483 0.754567 0.012972 0.045263
1 0.981969 0.700120 0.024214 0.042639
1 0.994876 0.756863 0.010248 0.022304
1 0.992347 0.795239 0.012972 0.022960
1 0.964457 0.617246 0.011675 0.034768
1 0.935703 0.658246 0.020755 0.044607
1 0.900895 0.656606 0.035889 0.019024
1 0.913435 0.615278 0.028106 0.057071
1 0.986077 0.626758 0.018593 0.039359
1 0.935487 0.554818 0.021187 0.040671
1 0.920785 0.736527 0.018593 0.039359
1 0.892463 0.713568 0.026808 0.020992
1 0.887058 0.686016 0.029835 0.040671
1 0.872357 0.700776 0.023782 0.028208
1 0.808363 0.711600 0.015134 0.028864
1 0.822199 0.725376 0.026376 0.023616
1 0.895706 0.626758 0.016863 0.027552
1 0.908678 0.581495 0.015999 0.027552
1 0.895923 0.565314 0.031997 0.035424
1 0.875384 0.580730 0.032430 0.040015
1 0.860466 0.594833 0.052752 0.062975
1 0.817875 0.610577 0.031565 0.031488
1 0.831496 0.548695 0.021620 0.027552
1 0.808146 0.537543 0.020755 0.040671
1 0.778960 0.522784 0.017728 0.041327
1 0.793661 0.533608 0.015999 0.020992
1 0.754746 0.531968 0.035024 0.033456
1 0.773339 0.605001 0.037618 0.043951
1 0.788256 0.628617 0.026808 0.043951
1 0.781338 0.664368 0.017296 0.022304
1 0.762745 0.675192 0.019890 0.046575
1 0.759286 0.708648 0.021620 0.024272
1 0.751719 0.690280 0.028106 0.022960
1 0.699615 0.638785 0.030268 0.030176
1 0.701777 0.661744 0.014701 0.023616
1 0.703291 0.689296 0.011675 0.026240
1 0.724694 0.621729 0.029403 0.030176
2 0.730531 0.656169 0.032430 0.033456
1 0.634756 0.592975 0.016431 0.030832
1 0.649890 0.586087 0.020755 0.028864
1 0.669348 0.593303 0.023349 0.038047
1 0.663438 0.536450 0.032862 0.038047
1 0.681166 0.514146 0.025079 0.044607
1 0.652412 0.471835 0.017728 0.037391
1 0.633387 0.460683 0.030700 0.049199
1 0.652844 0.443299 0.024647 0.015744
1 0.655006 0.421245 0.028970 0.029677
1 0.681599 0.448547 0.019025 0.059039
1 0.712731 0.475771 0.029403 0.021648
1 0.695219 0.479379 0.027241 0.032800
1 0.734567 0.437396 0.035889 0.039359
1 0.723973 0.465275 0.034592 0.036080
1 0.828208 0.470617 0.023311 0.051167
1 0.626922 0.357121 0.024799 0.020316
1 0.629650 0.389476 0.034223 0.024831
1 0.650481 0.379318 0.022319 0.045148
1 0.667840 0.366150 0.030255 0.041385
1 0.685696 0.357497 0.029263 0.034613
1 0.734302 0.377061 0.031247 0.061702
1 0.688176 0.394367 0.040175 0.036118
1 0.696855 0.421456 0.019839 0.033108
1 0.718431 0.410169 0.033231 0.043643
1 0.811999 0.018945 0.024529 0.020157
1 0.832439 0.028248 0.020440 0.035662
1 0.866677 0.028636 0.025551 0.042639
1 0.861822 0.054995 0.022996 0.028685
1 0.922377 0.016062 0.026573 0.032124
1 0.965813 0.031737 0.028617 0.028685
1 0.942562 0.066624 0.028106 0.055044
1 0.982421 0.130195 0.031172 0.036437
1 0.990061 0.094533 0.019878 0.048842
1 0.746150 0.119156 0.015514 0.030700
1 0.753232 0.137064 0.017538 0.046051