0 0.057915 0.019357 0.011242 0.021725
0 0.101606 0.087247 0.013797 0.023535
0 0.145553 0.069595 0.015841 0.024440
0 0.072479 0.117118 0.009709 0.021725
0 0.185157 0.081815 0.008176 0.023535
0 0.269985 0.015737 0.013286 0.021725
0 0.178514 0.135523 0.007154 0.016293
0 0.187712 0.149101 0.010220 0.018104
0 0.139421 0.176257 0.012775 0.021725
0 0.127923 0.214728 0.012264 0.019009
0 0.078355 0.230116 0.013286 0.017199
0 0.089342 0.269039 0.009709 0.020819
0 0.099818 0.365442 0.011242 0.019914
0 0.092664 0.388072 0.010220 0.021725
0 0.036452 0.337381 0.011242 0.023535
0 0.218287 0.225288 0.010731 0.015388
0 0.205512 0.261948 0.007665 0.014483
0 0.214199 0.276431 0.010731 0.014483
0 0.213944 0.293177 0.011242 0.020819
0 0.282164 0.207637 0.011753 0.025345
0 0.307459 0.197680 0.010220 0.018104
0 0.309503 0.219857 0.008176 0.015388
0 0.317168 0.082721 0.013286 0.021725
0 0.326707 0.265569 0.011242 0.023535
0 0.344337 0.264664 0.013797 0.023535
0 0.401315 0.248823 0.011242 0.020819
0 0.379597 0.281863 0.013797 0.021725
0 0.331306 0.328027 0.008176 0.023535
0 0.337694 0.318070 0.011753 0.019914
0 0.256699 0.312186 0.014308 0.024440
0 0.190948 0.354278 0.010220 0.021725
0 0.136355 0.482815 0.009709 0.018104
0 0.140699 0.503634 0.010220 0.019914
0 0.159095 0.558851 0.009198 0.018104
0 0.176725 0.601395 0.010731 0.019914
0 0.207641 0.587817 0.014308 0.032587
0 0.169826 0.657969 0.014308 0.017199
0 0.076311 0.624930 0.011242 0.019914
0 0.116732 0.432521 0.007870 0.017923
0 0.050965 0.367800 0.010118 0.013940
0 0.068390 0.340418 0.007870 0.018918
0 0.045978 0.571041 0.011242 0.017616
0 0.054842 0.558020 0.015999 0.017616
0 0.061328 0.797501 0.009945 0.022212
0 0.077975 0.801713 0.008648 0.021446
0 0.054842 0.880604 0.012539 0.022978
0 0.054410 0.902816 0.010810 0.015319
0 0.049437 0.924645 0.009513 0.019148
0 0.017872 0.992430 0.011242 0.013787
0 0.110981 0.929624 0.009513 0.013787
0 0.083741 0.941113 0.010377 0.012255
0 0.074660 0.902433 0.009513 0.016085
0 0.061905 0.992768 0.009080 0.014463
0 0.109684 0.895923 0.004324 0.016850
0 0.093037 0.969069 0.011675 0.016085
0 0.114657 0.868349 0.009080 0.019914
0 0.111198 0.802479 0.009945 0.016850
0 0.098874 0.749247 0.009513 0.014553
0 0.126764 0.769927 0.008216 0.013021
0 0.120926 0.805543 0.008648 0.010723
0 0.136493 0.824691 0.007783 0.015319
0 0.145357 0.848052 0.010810 0.020680
0 0.146438 0.813968 0.009513 0.021446
0 0.170436 0.855329 0.010810 0.018382
0 0.173246 0.883285 0.011242 0.023744
0 0.159626 0.913539 0.009080 0.016850
0 0.118981 0.933070 0.013404 0.017616
0 0.132817 0.972133 0.010810 0.013021
0 0.156599 0.994300 0.010810 0.011400
0 0.188164 0.951453 0.015134 0.023744
0 0.195298 0.986303 0.010377 0.016850
1 0.135844 0.948772 0.034159 0.036765
0 0.163950 0.795586 0.013404 0.018382
0 0.182110 0.748481 0.012539 0.020680
0 0.192704 0.738907 0.010377 0.018382
0 0.233782 0.858392 0.012972 0.021446
0 0.226863 0.945325 0.018161 0.017616
0 0.241132 0.909710 0.010377 0.016850
0 0.234502 0.971750 0.006918 0.013787
0 0.290497 0.978260 0.008216 0.022212
0 0.245528 0.995832 0.013404 0.008336
0 0.297416 0.901667 0.012539 0.020680
0 0.277742 0.837712 0.012107 0.021446
0 0.272553 0.804394 0.012107 0.025276
0 0.335683 0.962942 0.010377 0.013021
0 0.349519 0.985920 0.012107 0.020680
0 0.417766 0.975197 0.010810 0.020680
0 0.321846 0.776438 0.008648 0.016850
0 0.322711 0.788693 0.006918 0.013787
0 0.301307 0.860307 0.010810 0.023744
0 0.405731 0.839244 0.012107 0.018382
0 0.434269 0.879455 0.010377 0.017616
0 0.479454 0.920433 0.012539 0.026042
0 0.501722 0.964474 0.013837 0.019148
0 0.481616 0.823925 0.008216 0.021446
0 0.497831 0.795586 0.011242 0.018382
0 0.480535 0.772608 0.011242 0.022978
0 0.488967 0.761119 0.009945 0.016850
0 0.511235 0.847669 0.011242 0.021446
0 0.536314 0.871413 0.010377 0.021446
0 0.601822 0.887498 0.006486 0.018382
0 0.557934 0.969835 0.014701 0.019148
0 0.564852 0.993962 0.012107 0.010723
0 0.588418 0.992047 0.016863 0.014553
0 0.609389 0.988939 0.014701 0.022122
0 0.613208 0.910858 0.014269 0.020680
0 0.662717 0.879072 0.012972 0.016850
0 0.692553 0.882136 0.012107 0.026042
0 0.667474 0.958346 0.015566 0.016085
0 0.654934 0.784863 0.011242 0.018382
0 0.684049 0.756651 0.014125 0.026297
0 0.721091 0.753460 0.010377 0.021446
0 0.736441 0.899753 0.010810 0.024510
0 0.742711 0.936517 0.009513 0.019914
0 0.773266 0.958729 0.010377 0.016850
0 0.779320 0.977111 0.010377 0.013787
0 0.797264 0.988600 0.010810 0.018382
0 0.826451 0.917369 0.009513 0.016850
0 0.835531 0.910476 0.011242 0.024510
0 0.921866 0.944559 0.012972 0.020680
0 0.995741 0.960644 0.008518 0.020680
0 0.941324 0.977494 0.012972 0.022212
0 0.995525 0.730482 0.008950 0.026042
0 0.986509 0.801713 0.009945 0.021446
0 0.993211 0.825840 0.012107 0.017616
0 0.978942 0.650059 0.011242 0.018382
0 0.993579 0.682994 0.012842 0.026042
0 0.876032 0.653123 0.014701 0.021446
0 0.860682 0.653889 0.012539 0.026042
0 0.844468 0.754226 0.009513 0.024510
0 0.876465 0.763417 0.010377 0.019914
0 0.896139 0.636655 0.012539 0.022212
0 0.916461 0.694866 0.012539 0.028339
0 0.891599 0.756141 0.015566 0.026808
2 0.710353 0.813841 0.028970 0.078891
1 0.746890 0.757928 0.037186 0.057445
1 0.731757 0.806947 0.030268 0.057445
0 0.823965 0.729677 0.011242 0.023233
0 0.774624 0.828418 0.009369 0.018255
0 0.848870 0.846673 0.010774 0.018255
0 0.864328 0.842939 0.006090 0.014106
0 0.895010 0.831322 0.008432 0.024063
0 0.862922 0.791079 0.009837 0.013276
0 0.755887 0.659147 0.017800 0.023233
0 0.751671 0.641307 0.008432 0.017425
0 0.813972 0.649605 0.007495 0.017425
0 0.798279 0.687774 0.010774 0.022403
0 0.857926 0.740740 0.010774 0.018255
0 0.913435 0.841971 0.010305 0.019914
0 0.974564 0.875714 0.010774 0.009957
0 0.967304 0.853725 0.010305 0.019084
0 0.949269 0.816386 0.007963 0.022403
0 0.934280 0.855800 0.007026 0.013276
0 0.944117 0.877788 0.009837 0.015765
0 0.960512 0.878203 0.009837 0.019914
2 0.946224 0.906830 0.042159 0.060572
0 0.923974 0.725804 0.010774 0.023233
0 0.953251 0.744474 0.007495 0.015765
0 0.949738 0.442580 0.010774 0.029871
0 0.919056 0.450878 0.010305 0.023233
0 0.926550 0.375370 0.013116 0.018255
0 0.942009 0.396944 0.011242 0.026552
0 0.882050 0.430964 0.011242 0.016595
0 0.823262 0.430134 0.014521 0.018255
0 0.810849 0.431379 0.009369 0.025723
0 0.786725 0.446729 0.014521 0.018255
0 0.830523 0.483653 0.011242 0.019084
0 0.894932 0.571193 0.013584 0.024893
0 0.943180 0.561236 0.019206 0.034850
0 0.880176 0.276905 0.013116 0.021574
0 0.889545 0.309681 0.011242 0.024063
0 0.903129 0.365275 0.006558 0.014106
0 0.908282 0.359881 0.011242 0.018255
0 0.899382 0.280224 0.010305 0.021574
0 0.927956 0.254917 0.013116 0.022403
0 0.946224 0.298894 0.007495 0.012446
0 0.952080 0.286862 0.010774 0.018255
0 0.982528 0.253672 0.007963 0.028212
0 0.988617 0.254502 0.007026 0.023233
0 0.989554 0.059094 0.007963 0.019084
0 0.939198 0.066562 0.007495 0.020744
0 0.867997 0.210110 0.013116 0.030701
1 0.898445 0.044988 0.034664 0.058913
1 0.974799 0.013989 0.022485 0.027978
1 0.895166 0.192270 0.027169 0.058083
1 0.806165 0.283129 0.034664 0.058913
0 0.769861 0.290596 0.011711 0.015765
0 0.793751 0.275661 0.009837 0.019084
0 0.799372 0.235832 0.008900 0.015765
0 0.804057 0.223386 0.013584 0.019084
0 0.789535 0.200568 0.010774 0.028212
0 0.771032 0.200982 0.008432 0.017425
0 0.725205 0.364860 0.011711 0.021574
0 0.772047 0.326691 0.007963 0.018255
0 0.708159 0.142407 0.011867 0.017702
0 0.728458 0.174491 0.012491 0.019914
0 0.721847 0.231269 0.011242 0.013276
0 0.663528 0.196972 0.010774 0.014936
0 0.660015 0.223939 0.008432 0.012446
0 0.631675 0.240534 0.011711 0.014106
0 0.646431 0.283682 0.006558 0.010787
0 0.659781 0.333467 0.011711 0.010787
0 0.652754 0.293224 0.006090 0.009957
0 0.653925 0.275799 0.008432 0.018255
0 0.682734 0.362924 0.008900 0.013276
0 0.685076 0.321436 0.009837 0.019914
0 0.676176 0.393486 0.012648 0.017425
0 0.630972 0.391965 0.013116 0.018255
0 0.599822 0.408145 0.008900 0.017425
0 0.658375 0.468303 0.008900 0.018255
0 0.671257 0.486972 0.007495 0.020744
0 0.710605 0.549619 0.011242 0.021574
0 0.671726 0.553768 0.013116 0.026552
0 0.646665 0.573682 0.010774 0.024893
0 0.685310 0.651679 0.011242 0.023233
0 0.611298 0.720411 0.011242 0.017425
0 0.608019 0.686806 0.012179 0.016595
0 0.620433 0.700912 0.009837 0.016595
0 0.586642 0.551006 0.013286 0.021725
0 0.576763 0.454000 0.009198 0.019009
0 0.548349 0.943794 0.009080 0.016085
0 0.583157 0.921199 0.006054 0.018382
0 0.545106 0.796735 0.007783 0.019148
0 0.602182 0.805926 0.007783 0.014553
0 0.609533 0.758055 0.008648 0.016850
0 0.666393 0.720908 0.010810 0.019148
0 0.313486 0.840776 0.010377 0.019914
0 0.478661 0.537978 0.015566 0.026042
0 0.528603 0.523808 0.008216 0.014553
0 0.539197 0.693334 0.013837 0.026808
0 0.503740 0.687590 0.014701 0.024510
0 0.551520 0.744652 0.009945 0.014553
0 0.563627 0.739673 0.009945 0.022978
0 0.555844 0.663846 0.012539 0.021446
0 0.568167 0.670739 0.008648 0.022978
0 0.458699 0.658101 0.014269 0.020680
0 0.430810 0.670356 0.008648 0.013021
0 0.449403 0.692951 0.008648 0.018382
0 0.425621 0.743886 0.013837 0.028339
0 0.424180 0.800820 0.010377 0.019148
0 0.403857 0.729205 0.011242 0.019914
0 0.383895 0.665378 0.010810 0.021446
0 0.389948 0.692951 0.013404 0.016850
0 0.405731 0.580615 0.010377 0.018382
0 0.427999 0.605508 0.009945 0.025276
0 0.391245 0.591721 0.012539 0.019148
0 0.389083 0.522404 0.009945 0.018382
0 0.334169 0.565424 0.014269 0.023744
0 0.297200 0.648910 0.014701 0.014553
0 0.304334 0.675335 0.013404 0.019914
0 0.323792 0.678016 0.010810 0.023744
0 0.328548 0.699462 0.010810 0.019148
0 0.343250 0.684143 0.008216 0.014553
0 0.351681 0.711717 0.012972 0.023744
0 0.275436 0.684526 0.013837 0.016850
0 0.293380 0.591083 0.009080 0.019914
0 0.300515 0.605252 0.010377 0.020680
0 0.307865 0.606784 0.014701 0.025276
0 0.316081 0.482320 0.010377 0.016850
0 0.329701 0.445556 0.011675 0.022978
0 0.345628 0.394621 0.012107 0.020680
0 0.486156 0.379303 0.016431 0.022212
0 0.450267 0.463938 0.015566 0.019914
0 0.515271 0.425523 0.015458 0.028627
0 0.565158 0.490866 0.012648 0.032361
0 0.441187 0.328879 0.015566 0.030637
0 0.464320 0.330411 0.007351 0.018382
0 0.462807 0.301305 0.015566 0.015319
0 0.501722 0.315475 0.010377 0.028339
0 0.587985 0.379047 0.011675 0.025276
2 0.511235 0.495086 0.026808 0.050551
2 0.532422 0.484746 0.026808 0.072763
0 0.418342 0.454874 0.009080 0.014553
0 0.419207 0.465598 0.011675 0.017616
0 0.246465 0.447598 0.007783 0.019914
0 0.243006 0.464832 0.009513 0.020680
0 0.226575 0.513468 0.012972 0.015319
0 0.347371 0.227306 0.010483 0.021798
0 0.363627 0.218425 0.013217 0.023413
0 0.422649 0.186132 0.005469 0.005651
0 0.419230 0.194205 0.013217 0.016954
0 0.457743 0.208333 0.012761 0.025835
0 0.492381 0.224884 0.014585 0.025027
0 0.579433 0.274938 0.006381 0.020183
1 0.558240 0.093288 0.025067 0.047633
1 0.403278 0.090463 0.017775 0.032293
1 0.422649 0.054536 0.019142 0.057321
2 0.384364 0.114683 0.035550 0.064587
1 0.278071 0.452474 0.016863 0.028004
2 0.251222 0.698696 0.025079 0.077359
0 0.153856 0.509307 0.009248 0.014454
0 0.701191 0.919636 0.015231 0.021199