1 0.161931 0.054293 0.158383 0.108586
1 0.760730 0.148990 0.044458 0.207071
1 0.724608 0.032828 0.216735 0.065656
1 0.866319 0.176768 0.161162 0.166667
1 0.913556 0.066919 0.138933 0.133838
1 0.906609 0.311869 0.158383 0.169192
1 0.888701 0.516414 0.222598 0.194444
1 0.894258 0.672980 0.211483 0.199495
1 0.128587 0.250000 0.236185 0.191919
1 0.238344 0.227273 0.155604 0.111111
1 0.299474 0.092172 0.133375 0.159091
1 0.368940 0.109848 0.138933 0.093434
1 0.569003 0.189394 0.227849 0.196970
1 0.609294 0.920455 0.341774 0.068182
2 0.417567 0.378788 0.097253 0.080808
2 0.230008 0.406566 0.161162 0.126263
2 0.332818 0.426768 0.100031 0.116162
2 0.393948 0.496212 0.088917 0.073232
2 0.438407 0.537879 0.088917 0.106061
2 0.491201 0.419192 0.116703 0.101010
2 0.587064 0.483586 0.069466 0.103535
2 0.512041 0.536616 0.086138 0.118687
2 0.605126 0.638889 0.088917 0.085859
2 0.475918 0.611111 0.063909 0.090909
2 0.417567 0.717172 0.097253 0.055556
2 0.432849 0.801768 0.111146 0.073232
2 0.510651 0.666667 0.094474 0.075758
2 0.495369 0.727273 0.091696 0.085859
2 0.566224 0.771465 0.100031 0.083333
1 0.739890 0.368687 0.125039 0.090909
2 0.707936 0.546717 0.111146 0.179293
2 0.650973 0.762626 0.147269 0.090909
1 0.331428 0.866162 0.097253 0.101010
1 0.185549 0.618687 0.150047 0.227273