1 0.212585 0.114294 0.054800 0.091184
2 0.332892 0.138211 0.059839 0.064277
1 0.051020 0.260787 0.102040 0.116596
1 0.017637 0.385604 0.034014 0.064277
1 0.122827 0.421854 0.044092 0.045592
1 0.049761 0.361687 0.056689 0.059793
2 0.143613 0.332164 0.062988 0.053066
2 0.154006 0.204731 0.042202 0.034381
2 0.257937 0.213700 0.022046 0.034381
2 0.283762 0.458850 0.029604 0.049329
2 0.221403 0.798922 0.024565 0.040360
2 0.142668 0.884501 0.044722 0.023170
1 0.268846 0.290259 0.035726 0.055807
1 0.317008 0.304479 0.047936 0.071368
1 0.297336 0.271746 0.041152 0.061709
1 0.388685 0.437556 0.052910 0.076734
1 0.409262 0.289186 0.052458 0.050441
1 0.374214 0.188305 0.050197 0.064392
1 0.234930 0.032153 0.000452 0.000000
1 0.284448 0.016345 0.060598 0.032690
1 0.384841 0.009637 0.046127 0.019274
1 0.440691 0.014735 0.048388 0.029470
1 0.498123 0.060593 0.040248 0.059026
1 0.448605 0.099765 0.047936 0.061173
1 0.565052 0.038861 0.059241 0.041318
1 0.538145 0.043422 0.025324 0.039709
1 0.565052 0.115595 0.066477 0.084247
1 0.628137 0.139474 0.032560 0.070832
1 0.621580 0.169255 0.042961 0.063856
1 0.615927 0.215671 0.052458 0.060099
1 0.368607 0.321181 0.042328 0.057899
2 0.382422 0.359897 0.060553 0.079524
1 0.428571 0.401055 0.034098 0.101847
1 0.420341 0.507087 0.038801 0.039065
1 0.463551 0.563591 0.060553 0.053016
1 0.471781 0.563591 0.031158 0.025113
1 0.470312 0.639628 0.054086 0.062782
1 0.569077 0.785772 0.049383 0.053714
1 0.518225 0.737638 0.051146 0.056504
1 0.450029 0.712177 0.060553 0.068363
2 0.584362 0.900524 0.050558 0.075339
2 0.383456 0.943709 0.062582 0.076959
2 0.427832 0.788103 0.029584 0.038480
2 0.560421 0.616943 0.045612 0.053401
2 0.589004 0.597458 0.034665 0.080823
2 0.509943 0.328648 0.039530 0.057009
1 0.190539 0.297783 0.037163 0.041108
1 0.203137 0.243596 0.066138 0.082215
1 0.272739 0.181935 0.022676 0.063530
1 0.025510 0.727544 0.051020 0.059045
1 0.104245 0.749967 0.064878 0.054561
1 0.179201 0.796680 0.045981 0.094174
1 0.173217 0.942799 0.054170 0.084457
1 0.129126 0.929719 0.070547 0.064277
1 0.291635 0.810133 0.054170 0.083710
1 0.342026 0.821718 0.057949 0.085952
1 0.334782 0.787337 0.044722 0.075488
1 0.393676 0.776126 0.031494 0.084457
1 0.482804 0.902439 0.053540 0.059045
1 0.457609 0.955878 0.049761 0.086700
0 0.490363 0.962605 0.018267 0.017938
1 0.613820 0.327306 0.073696 0.092679
1 0.520597 0.453245 0.043462 0.079973
1 0.496347 0.462961 0.051650 0.082963
1 0.477765 0.415501 0.034643 0.034381
1 0.689090 0.429701 0.079365 0.071751
1 0.732237 0.476415 0.062358 0.045592
2 0.714286 0.560690 0.067019 0.075339
1 0.731144 0.910297 0.031642 0.072631
1 0.662413 0.853054 0.047723 0.084941
1 0.713248 0.833358 0.076771 0.062782
1 0.797801 0.816123 0.041498 0.070169
1 0.877684 0.838282 0.056022 0.045548
1 0.792095 0.649934 0.050835 0.068938
1 0.808175 0.682556 0.039423 0.054165
1 0.868347 0.692712 0.079884 0.075708
1 0.968461 0.601001 0.044610 0.067091
1 0.859529 0.635162 0.051873 0.051703
1 0.837224 0.606848 0.068472 0.097251
1 0.843448 0.539142 0.051873 0.065245
1 0.784573 0.576380 0.059653 0.056012
1 0.789242 0.348640 0.054466 0.067091
1 0.823737 0.268007 0.057060 0.080632
1 0.798579 0.071043 0.065878 0.092943
1 0.740481 0.086431 0.047204 0.064629
1 0.775755 0.147367 0.060691 0.078170
1 0.725179 0.171679 0.042536 0.076324
1 0.676937 0.291397 0.025936 0.083094
1 0.837743 0.145828 0.038386 0.039393
1 0.683940 0.029828 0.061728 0.059656
1 0.602241 0.023340 0.048760 0.046680
2 0.947712 0.238106 0.042536 0.052934
1 0.351696 0.617263 0.033198 0.052934
1 0.384895 0.625880 0.031124 0.075093
1 0.022305 0.017801 0.044610 0.035602
1 0.970018 0.953080 0.056437 0.060690
1 0.914067 0.777146 0.031624 0.031752
0 0.938977 0.798526 0.014109 0.023439
0 0.801587 0.508371 0.029982 0.037669