2 0.034736 0.390456 0.062792 0.052181
2 0.034068 0.434185 0.050768 0.066145
2 0.069806 0.260371 0.040748 0.047771
2 0.117568 0.306305 0.053440 0.048506
2 0.250835 0.969588 0.050100 0.052181
2 0.483300 0.954522 0.055444 0.039687
2 0.758517 0.479383 0.055444 0.059530
2 0.771042 0.264883 0.045090 0.078271
2 0.896794 0.471033 0.060120 0.040789
2 0.890281 0.430795 0.059118 0.033072
2 0.636774 0.517334 0.075150 0.065042
1 0.548096 0.424732 0.094188 0.133392
1 0.260020 0.354178 0.081162 0.073861
1 0.391283 0.903178 0.069138 0.095910
1 0.544088 0.821048 0.090180 0.092602
2 0.591182 0.705846 0.074148 0.062837
1 0.188234 0.046106 0.115946 0.083468
1 0.443745 0.302810 0.094475 0.108666
1 0.370026 0.051794 0.090180 0.103588