2 0.528603 0.398778 0.021187 0.060438
1 0.499200 0.118972 0.031565 0.043650
1 0.375463 0.190602 0.036321 0.045329
1 0.480751 0.371217 0.035889 0.049526
1 0.542656 0.259574 0.012107 0.061278
1 0.551087 0.313297 0.036754 0.046168
1 0.551520 0.386607 0.023782 0.069672
1 0.606002 0.432915 0.034159 0.035256
1 0.598867 0.486218 0.017296 0.064635
1 0.651331 0.577994 0.028538 0.044489
1 0.657385 0.604856 0.015566 0.042810
2 0.902408 0.071964 0.019890 0.041971
1 0.292379 0.020793 0.032281 0.030867
1 0.328997 0.079721 0.032281 0.045832
1 0.270457 0.006421 0.026018 0.012842
1 0.256966 0.081124 0.018309 0.078570
1 0.236730 0.059611 0.026018 0.039285
1 0.196740 0.021261 0.011563 0.035543
1 0.215530 0.034356 0.026018 0.048638
1 0.206135 0.070835 0.021682 0.050509
1 0.223239 0.075512 0.017345 0.041156
1 0.215530 0.113861 0.029872 0.031802
1 0.234803 0.146131 0.021200 0.027125
1 0.235526 0.120409 0.019754 0.026190
1 0.180358 0.074109 0.017345 0.032737
1 0.189753 0.126021 0.018791 0.033673
1 0.207099 0.161097 0.013973 0.040220
1 0.122059 0.032485 0.026018 0.059863
1 0.130009 0.076915 0.031318 0.032737
1 0.154340 0.079721 0.018309 0.028996
1 0.145186 0.043710 0.034690 0.026190
1 0.139886 0.106846 0.017345 0.027125
1 0.070987 0.030615 0.026981 0.044897
1 0.092187 0.034824 0.020236 0.045832
1 0.054123 0.052128 0.025054 0.026190
1 0.018469 0.113394 0.021200 0.032737
1 0.034750 0.196257 0.026780 0.035374
1 0.065446 0.203655 0.019754 0.031802
1 0.885008 0.377007 0.031318 0.061733
1 0.843331 0.437338 0.025054 0.043962
1 0.827672 0.404600 0.027463 0.051444
1 0.795873 0.336319 0.026500 0.040220
1 0.774673 0.335384 0.023609 0.038350
1 0.755159 0.293761 0.027945 0.048638
1 0.707942 0.278795 0.038545 0.041156
1 0.703846 0.233431 0.032281 0.038350
1 0.719024 0.179648 0.026981 0.022448
1 0.770818 0.139428 0.019754 0.054251
1 0.814904 0.250267 0.020236 0.043962
1 0.776841 0.244655 0.013491 0.040220
1 0.792741 0.254944 0.018309 0.064539
1 0.778286 0.188066 0.018309 0.059863
1 0.728901 0.199758 0.023609 0.042091
1 0.742151 0.210982 0.023127 0.057057
1 0.740223 0.258217 0.025054 0.039285
1 0.762146 0.222674 0.024572 0.044897
1 0.788404 0.144104 0.025054 0.044897
1 0.810809 0.122591 0.022645 0.039285
1 0.816590 0.147846 0.017827 0.026190
1 0.924757 0.223609 0.024091 0.054251
1 0.918975 0.292826 0.022163 0.067345
1 0.902835 0.273651 0.018791 0.060798
1 0.850076 0.280198 0.034690 0.049574
1 0.845258 0.217997 0.021200 0.031802
1 0.832008 0.245590 0.024572 0.040220
1 0.830081 0.207241 0.021682 0.036479
1 0.880912 0.210982 0.023127 0.032737
1 0.865494 0.043710 0.021200 0.052380
1 0.841886 0.053531 0.020236 0.057057
1 0.846945 0.094219 0.022645 0.031802
1 0.837308 0.162500 0.020718 0.039285
1 0.863567 0.149872 0.023127 0.030867
1 0.876576 0.103105 0.022163 0.042091
1 0.893439 0.156887 0.019272 0.035543
2 0.684337 0.931670 0.018161 0.031059
1 0.344763 0.829960 0.031132 0.053723
1 0.243150 0.844090 0.029403 0.056241
1 0.290281 0.894456 0.025079 0.052883
1 0.324008 0.879766 0.028538 0.052044
1 0.287254 0.946500 0.025944 0.047847
1 0.204018 0.640251 0.028106 0.070511
1 0.188668 0.648226 0.027673 0.069672
1 0.160346 0.643609 0.032430 0.052044
1 0.164022 0.560367 0.031997 0.052883
1 0.127268 0.550293 0.036321 0.061278
1 0.130944 0.491534 0.035024 0.049526
1 0.087704 0.586249 0.024647 0.033577
1 0.087272 0.564843 0.023782 0.032737
1 0.069327 0.558128 0.025079 0.044489
1 0.090082 0.500208 0.019025 0.039453
1 0.098514 0.466631 0.027241 0.046168
1 0.074732 0.475865 0.022917 0.042810
1 0.065868 0.506923 0.020755 0.029380
1 0.032358 0.500628 0.017728 0.026861
1 0.044248 0.481741 0.019025 0.029380
1 0.049221 0.543019 0.029835 0.027701
1 0.016143 0.667672 0.025079 0.038613
1 0.044681 0.629479 0.026808 0.041132
1 0.018953 0.553931 0.025511 0.027701
1 0.011747 0.586668 0.023493 0.029380
1 0.082948 0.388565 0.017728 0.042810
1 0.044248 0.439350 0.038051 0.033577
1 0.014846 0.488036 0.024214 0.060438
1 0.010738 0.413748 0.016863 0.047847
1 0.012828 0.362963 0.025655 0.041971
1 0.024358 0.278181 0.025079 0.047008
1 0.014846 0.260554 0.025944 0.028540
1 0.129430 0.221101 0.023349 0.030219
1 0.113648 0.185006 0.030700 0.038613
1 0.060679 0.315955 0.024214 0.031898
1 0.050518 0.246284 0.019458 0.041971
1 0.030196 0.349112 0.023782 0.037774
1 0.045113 0.388985 0.030268 0.033577
1 0.066084 0.247123 0.014269 0.038613
1 0.064571 0.089732 0.016431 0.032737
1 0.175697 0.140097 0.015566 0.036095
1 0.180885 0.251320 0.026808 0.050365
1 0.082083 0.177031 0.023782 0.044489
1 0.160130 0.195918 0.012107 0.040292
1 0.137646 0.275104 0.022485 0.031898
1 0.145213 0.234392 0.022917 0.034416
1 0.136997 0.168917 0.022917 0.049526
1 0.017872 0.138278 0.023349 0.031898
1 0.039708 0.150869 0.026376 0.021825