2 0.637834 0.129448 0.108298 0.133571
2 0.916315 0.295335 0.068917 0.124954
2 0.604782 0.459067 0.098453 0.094792
2 0.803797 0.870552 0.113924 0.116336
2 0.719409 0.857626 0.080169 0.120645
2 0.501406 0.911485 0.054852 0.090484
2 0.388889 0.825310 0.054852 0.094792
2 0.561885 0.650806 0.049226 0.086175
2 0.376934 0.390127 0.075949 0.094792
2 0.150492 0.355856 0.075949 0.163334
2 0.185654 0.521544 0.135021 0.137880
2 0.609001 0.044258 0.092827 0.088515
0 0.303094 0.689585 0.023910 0.038779
0 0.260900 0.449372 0.026723 0.040933
0 0.404360 0.048659 0.023910 0.036624
0 0.282700 0.036810 0.025316 0.043087
0 0.722925 0.131603 0.033755 0.043087
0 0.969761 0.345962 0.026723 0.040933
0 0.872714 0.366429 0.026723 0.043087
0 0.965541 0.514003 0.026723 0.049551
0 0.978200 0.448295 0.021097 0.038779
0 0.988748 0.404130 0.022504 0.071094
0 0.771449 0.460144 0.029536 0.049551
0 0.832630 0.721900 0.025316 0.043087
0 0.986639 0.981595 0.026722 0.036810
0 0.125176 0.855471 0.025316 0.043087
0 0.100563 0.585098 0.026723 0.040933
1 0.105243 0.253017 0.140647 0.097318
1 0.383263 0.099287 0.116737 0.185276
1 0.315752 0.211314 0.147679 0.172350
0 0.277075 0.221009 0.019691 0.040933
1 0.323488 0.475225 0.106892 0.161578
1 0.251758 0.377201 0.123769 0.215437
1 0.494374 0.785454 0.111111 0.183122
1 0.549930 0.601255 0.115331 0.120645
0 0.555556 0.598024 0.025316 0.040933
0 0.584537 0.679336 0.021736 0.029378
2 0.081954 0.751616 0.042735 0.071260
2 0.230174 0.697756 0.038407 0.071260
1 0.296981 0.766530 0.069242 0.120976
1 0.388402 0.715571 0.053013 0.075403
1 0.289408 0.580094 0.053013 0.094461
1 0.178784 0.636025 0.069783 0.095289
1 0.243157 0.576780 0.081683 0.120976
1 0.277237 0.613653 0.073028 0.163235
1 0.371633 0.594595 0.103862 0.113519
1 0.604079 0.395513 0.080169 0.088329
1 0.726442 0.581866 0.080169 0.198202
1 0.937412 0.440755 0.068917 0.200356
1 0.920534 0.072264 0.116737 0.144528
1 0.759494 0.037794 0.104079 0.075588
0 0.713080 0.032378 0.029067 0.038779
0 0.685654 0.055358 0.026723 0.041651
1 0.512893 0.058230 0.062822 0.114900
1 0.135724 0.125139 0.060478 0.112027
1 0.670183 0.464453 0.136428 0.187430
1 0.450070 0.540933 0.120956 0.168041
0 0.734880 0.455835 0.029536 0.040933
0 0.007736 0.674504 0.015471 0.038779