2 0.113203 0.502279 0.032790 0.099253
2 0.146930 0.499916 0.051527 0.113432
2 0.190494 0.431384 0.054338 0.108706
2 0.237337 0.335675 0.028106 0.134701
2 0.279027 0.375849 0.062769 0.139427
2 0.559147 0.212791 0.079633 0.172512
2 0.741365 0.094632 0.046843 0.111069
2 0.769939 0.067456 0.051527 0.127611
1 0.837861 0.542453 0.067454 0.170148
1 0.927331 0.455016 0.059022 0.080348
1 0.897352 0.410115 0.049653 0.132338
1 0.448598 0.345128 0.068390 0.144153
1 0.399413 0.400663 0.074948 0.113432
1 0.488414 0.854392 0.067454 0.132338
1 0.344607 0.174980 0.068390 0.111069
1 0.332896 0.238785 0.061832 0.134701
1 0.339923 0.418386 0.030916 0.120522
2 0.367560 0.889839 0.052464 0.127611
2 0.263100 0.620044 0.059022 0.101616