1 0.029867 0.071970 0.059734 0.128788
1 0.034734 0.241162 0.069468 0.148990
1 0.055841 0.388889 0.054506 0.101010
1 0.025974 0.454545 0.051948 0.111111
0 0.099641 0.358586 0.025306 0.040404
0 0.209626 0.415404 0.019466 0.022727
0 0.046108 0.925505 0.050613 0.053030
0 0.352625 0.529155 0.022121 0.025253
0 0.315904 0.696740 0.023006 0.034435
0 0.404388 0.685262 0.015927 0.020661
0 0.601854 0.384527 0.016812 0.025253
0 0.658336 0.253673 0.026545 0.025253
0 0.987496 0.418197 0.021236 0.029844
0 0.953429 0.148072 0.020351 0.032140
1 0.916266 0.398110 0.080520 0.122819
1 0.968029 0.459519 0.056630 0.119376
1 0.755226 0.495103 0.043357 0.041322
1 0.750359 0.464111 0.070787 0.112489
1 0.699923 0.495676 0.051321 0.058540
1 0.759650 0.623661 0.131841 0.091827
0 0.779116 0.616774 0.027430 0.027548
1 0.793274 0.309152 0.043357 0.064279
1 0.662465 0.388353 0.060169 0.130854
1 0.612914 0.223829 0.084944 0.142332
0 0.585927 0.242769 0.013273 0.028696
0 0.390378 0.227847 0.023891 0.026400
1 0.536818 0.174472 0.090253 0.087236
1 0.452759 0.277778 0.060169 0.142332
0 0.457625 0.330005 0.013273 0.021809
1 0.497001 0.281221 0.065478 0.098714
1 0.486383 0.340335 0.086714 0.079201
0 0.522219 0.356405 0.022121 0.028696
0 0.439044 0.358127 0.020351 0.018365
0 0.443026 0.390840 0.017697 0.021809
0 0.533057 0.456572 0.020187 0.025253
0 0.456994 0.431787 0.022350 0.020576
0 0.385257 0.772696 0.033165 0.025253
0 0.392827 0.890074 0.019466 0.020576
0 0.449424 0.848921 0.023071 0.024317
0 0.591817 0.751652 0.019466 0.024317
0 0.431760 0.759446 0.023792 0.018706
0 0.220393 0.106466 0.023071 0.032735
0 0.345122 0.114883 0.017303 0.023382
0 0.870475 0.218232 0.015862 0.022447
0 0.945097 0.624766 0.012257 0.026188
0 0.823972 0.399364 0.015141 0.028058
0 0.681819 0.545267 0.023071 0.018706
0 0.472495 0.725776 0.020187 0.018706
0 0.376965 0.658904 0.020908 0.023382
0 0.493043 0.618219 0.013699 0.016835
0 0.093140 0.269204 0.009373 0.015900
1 0.204171 0.249564 0.108868 0.120651
1 0.254279 0.449246 0.095169 0.084175
0 0.253558 0.440828 0.014420 0.022447
0 0.369636 0.428202 0.017303 0.019641
1 0.142888 0.476057 0.048306 0.102881
1 0.116572 0.484007 0.038933 0.038346
1 0.090256 0.478395 0.065609 0.072016
1 0.043032 0.611672 0.076424 0.121586
1 0.110083 0.639731 0.083634 0.074822
1 0.133876 0.547606 0.059120 0.072016
1 0.207415 0.579873 0.085075 0.093528
1 0.164517 0.585952 0.094448 0.085110
1 0.243464 0.546670 0.067772 0.111298
1 0.176774 0.666698 0.074261 0.158062
1 0.249232 0.685871 0.056236 0.086046
1 0.240580 0.858118 0.076424 0.156192
1 0.360623 0.888515 0.103100 0.157127
1 0.322411 0.983539 0.101658 0.032922
1 0.520320 0.871680 0.102379 0.082305
1 0.624742 0.969510 0.104542 0.060980
1 0.319167 0.272166 0.053352 0.084175
1 0.356297 0.327348 0.084354 0.071081
1 0.390544 0.389544 0.067772 0.066405
1 0.416860 0.426019 0.064167 0.072016
1 0.395831 0.480733 0.073540 0.063599
1 0.471161 0.478516 0.049773 0.083481
1 0.523805 0.510662 0.064167 0.097269
1 0.405204 0.548385 0.098053 0.041152
1 0.401959 0.591408 0.088680 0.076693
1 0.436206 0.628351 0.079308 0.124392
1 0.473336 0.685403 0.041096 0.060793
1 0.432241 0.711591 0.101658 0.103816
1 0.506501 0.642381 0.081471 0.130004
1 0.565982 0.644719 0.076424 0.086046
1 0.605996 0.550723 0.081471 0.073887
1 0.619695 0.614322 0.058399 0.049570
1 0.680377 0.581587 0.085075 0.085110
1 0.471393 0.556099 0.043956 0.065168
1 0.297081 0.312743 0.038434 0.056980
0 0.760577 0.264828 0.014225 0.019425