1 0.842046 0.328740 0.134907 0.290710
1 0.788083 0.659746 0.121417 0.204360
1 0.928049 0.819493 0.124789 0.247535
1 0.645587 0.074423 0.075885 0.148846
1 0.578977 0.107110 0.138280 0.181334
1 0.717257 0.251026 0.077572 0.146794
1 0.700393 0.226560 0.151771 0.178455
1 0.076447 0.130137 0.097808 0.210117
1 0.072232 0.356084 0.082631 0.236022
1 0.040191 0.540296 0.075885 0.184212
1 0.167510 0.449629 0.070826 0.250413
1 0.222316 0.502878 0.072513 0.155429
1 0.166667 0.194899 0.143339 0.115133
1 0.232434 0.104232 0.092749 0.169821
1 0.268690 0.174750 0.101180 0.132402
1 0.230748 0.330179 0.112985 0.155429
1 0.206296 0.678455 0.067454 0.161186
1 0.235807 0.698604 0.086003 0.201482
1 0.116920 0.718752 0.111298 0.115133
1 0.107645 0.900086 0.092749 0.166942
1 0.169196 0.897207 0.121417 0.184212
1 0.381675 0.533101 0.074199 0.164064
1 0.442383 0.629524 0.097808 0.143916
1 0.512366 0.774879 0.089376 0.175577
1 0.494660 0.967313 0.087690 0.065374
1 0.686903 0.741778 0.131535 0.184212
1 0.590781 0.537418 0.074199 0.166942
1 0.384205 0.246708 0.069140 0.138159
1 0.406970 0.215047 0.104553 0.212995
1 0.497189 0.183385 0.099494 0.184212
1 0.482856 0.324423 0.101180 0.120889
1 0.404441 0.405016 0.143339 0.109376
1 0.501405 0.500000 0.091062 0.172699
1 0.323496 0.888572 0.052277 0.132402
1 0.367341 0.879937 0.055649 0.149672
1 0.333614 0.757609 0.075885 0.094984
1 0.401068 0.787831 0.086003 0.172699
1 0.320967 0.787831 0.080944 0.172699
1 0.337830 0.962995 0.128162 0.074009