0 0.584517 0.138889 0.066611 0.055556
0 0.191298 0.232323 0.062313 0.070707
0 0.045184 0.616162 0.066611 0.070707
0 0.031217 0.713384 0.060165 0.068182
0 0.398651 0.838384 0.081652 0.045455
0 0.297661 0.393939 0.051570 0.035354
0 0.277248 0.351010 0.049421 0.065657
0 0.404023 0.265152 0.053718 0.045455
0 0.414767 0.342172 0.049421 0.042929
0 0.488898 0.601010 0.047272 0.060606
0 0.441626 0.545455 0.047272 0.040404
0 0.263281 0.582071 0.060165 0.058081
0 0.300884 0.608586 0.100991 0.055556
0 0.706995 0.525253 0.066611 0.060606
1 0.448072 0.435606 0.223469 0.169192
1 0.602781 0.609848 0.232064 0.239899
1 0.567327 0.348485 0.204130 0.338384
1 0.690879 0.327020 0.193386 0.290404