2 0.339234 0.093996 0.037535 0.036476
2 0.497417 0.187991 0.034854 0.031799
2 0.507806 0.161336 0.034183 0.034605
2 0.475298 0.248784 0.038875 0.043023
2 0.420336 0.873550 0.036194 0.037411
2 0.336218 0.955855 0.032843 0.033670
2 0.055042 0.675115 0.034854 0.038346
2 0.079172 0.740117 0.032173 0.044893
2 0.111344 0.739182 0.037535 0.046764
2 0.096599 0.776593 0.038875 0.035541
2 0.156587 0.636769 0.026140 0.032735
2 0.323148 0.724685 0.029492 0.042088
2 0.657945 0.929199 0.031502 0.047699
2 0.702518 0.916105 0.029492 0.025253
2 0.707880 0.971287 0.029492 0.025253
2 0.705869 0.947437 0.038875 0.028058
2 0.830650 0.484474 0.040886 0.059858
2 0.836347 0.375047 0.036194 0.043023
2 0.984476 0.459222 0.026811 0.035541
2 0.909741 0.538721 0.019438 0.037411
2 0.638954 0.482136 0.022119 0.057052
2 0.570141 0.381594 0.036865 0.037411
2 0.531935 0.226805 0.028821 0.038346
1 0.525568 0.105686 0.032173 0.054246
1 0.364034 0.160868 0.030832 0.052376
1 0.395201 0.184250 0.020778 0.050505
1 0.406596 0.213244 0.015416 0.037411
1 0.475968 0.101478 0.021448 0.025253
1 0.299018 0.040685 0.029492 0.058923
1 0.301364 0.097737 0.032843 0.058923
1 0.299354 0.132810 0.024800 0.037411
1 0.259473 0.133745 0.034854 0.054246
1 0.239365 0.330933 0.025470 0.032735
1 0.315105 0.390791 0.040216 0.055181
1 0.467925 0.432878 0.032173 0.040217
0 0.475298 0.481980 0.009384 0.013094
1 0.374088 0.594214 0.036194 0.054246
1 0.408607 0.594681 0.027481 0.042088
1 0.306391 0.952114 0.041556 0.043023
1 0.417990 0.967078 0.028821 0.048634
0 0.412628 0.968481 0.012735 0.021511
1 0.643535 0.875889 0.042897 0.062664
1 0.737036 0.918911 0.023459 0.040217
1 0.667664 0.898803 0.024130 0.031799
1 0.727318 0.408249 0.036194 0.057052
2 0.758150 0.409652 0.024130 0.044893
2 0.584663 0.325945 0.031502 0.040217
2 0.566231 0.355406 0.040216 0.033670
2 0.602760 0.574729 0.032843 0.053311
2 0.115589 0.543241 0.026811 0.042088
1 0.170886 0.548853 0.023459 0.028994
2 0.018736 0.554932 0.028821 0.031799
1 0.157816 0.587199 0.029492 0.030864
1 0.032812 0.702238 0.038205 0.049570
2 0.147092 0.654072 0.033513 0.044893
1 0.530148 0.576911 0.042227 0.049570
1 0.564667 0.586264 0.029492 0.034605
1 0.887958 0.510039 0.041556 0.041152
1 0.932865 0.555867 0.025470 0.061728
1 0.775018 0.562414 0.023459 0.037411
1 0.981795 0.493204 0.028151 0.037411
0 0.645992 0.939020 0.006703 0.011223
2 0.986372 0.132068 0.027256 0.057471