0 0.077637 0.027507 0.013533 0.024351
0 0.117560 0.065386 0.016240 0.020743
0 0.128725 0.079816 0.018270 0.022547
0 0.134815 0.110480 0.014210 0.018939
0 0.081359 0.091991 0.022330 0.028860
0 0.052940 0.106872 0.015563 0.018939
0 0.045835 0.112734 0.027066 0.023449
0 0.055308 0.126263 0.024360 0.025253
0 0.023505 0.124910 0.012180 0.017136
0 0.032640 0.133929 0.015563 0.026154
0 0.012002 0.158730 0.016240 0.021645
0 0.007604 0.201118 0.014210 0.037879
0 0.076961 0.183532 0.014886 0.020743
1 0.044481 0.198413 0.067665 0.117244
1 0.078652 0.135732 0.056162 0.098304
1 0.144964 0.089286 0.052102 0.082973
1 0.110793 0.038781 0.070372 0.073954
1 0.142258 0.009019 0.061575 0.018038
1 0.094215 0.103716 0.062929 0.095599
1 0.246124 0.026154 0.071725 0.052308
1 0.268115 0.081169 0.081875 0.082973
1 0.199435 0.105519 0.078492 0.091991
1 0.203833 0.040584 0.113001 0.081168
1 0.211276 0.188041 0.089995 0.091089
1 0.309955 0.019390 0.069019 0.038780
1 0.370515 0.026154 0.083228 0.052308
1 0.271724 0.205026 0.069695 0.133478
1 0.335668 0.244709 0.069019 0.093795
1 0.447766 0.156926 0.086612 0.072150
1 0.495132 0.064935 0.079845 0.104618
1 0.474833 0.075307 0.106911 0.119949
1 0.531333 0.018939 0.066989 0.037878
1 0.607795 0.038330 0.056162 0.076659
0 0.590202 0.066288 0.019623 0.017136
0 0.564827 0.156025 0.017593 0.019841
1 0.546219 0.151064 0.126534 0.062229
1 0.583774 0.095148 0.092025 0.074856
1 0.543175 0.227273 0.069019 0.135281
1 0.683242 0.071248 0.048719 0.097403
1 0.684595 0.011724 0.097438 0.023448
1 0.716398 0.031566 0.050072 0.048701
1 0.806618 0.010823 0.074432 0.021645
1 0.817783 0.081169 0.080522 0.108225
1 0.801205 0.078012 0.079845 0.058622
1 0.807295 0.119949 0.078492 0.059524
1 0.755531 0.144751 0.073755 0.091089
1 0.714932 0.174964 0.061575 0.075758
1 0.766019 0.221411 0.069019 0.064033
1 0.761959 0.270112 0.063605 0.073052
1 0.822181 0.181277 0.094731 0.090188
1 0.876426 0.120400 0.060222 0.134380
1 0.905184 0.017587 0.064959 0.035173
1 0.961684 0.016234 0.058869 0.032468
1 0.984690 0.092442 0.023683 0.051407
0 0.961346 0.059524 0.017593 0.023449
1 0.956652 0.072601 0.086696 0.112734
1 0.968155 0.148047 0.063690 0.106700
0 0.952888 0.150613 0.019623 0.030664
0 0.993868 0.187590 0.012264 0.027056
0 0.993529 0.227573 0.012941 0.018038
0 0.933057 0.220431 0.020039 0.021790
0 0.981981 0.289781 0.016841 0.025253
0 0.858831 0.353379 0.020350 0.017770
1 0.892513 0.225246 0.045611 0.101945
1 0.958825 0.277622 0.063154 0.073887
1 0.984675 0.289781 0.030649 0.148709
1 0.927949 0.349327 0.058944 0.111298
1 0.966895 0.442854 0.049822 0.092593
1 0.912512 0.446128 0.115081 0.093528
1 0.839534 0.276219 0.063154 0.074822
1 0.876023 0.329998 0.064558 0.122522
1 0.836376 0.453922 0.063856 0.119716
1 0.789712 0.421187 0.044910 0.078563
1 0.926195 0.526406 0.075083 0.083240
1 0.882338 0.578782 0.065961 0.109428
1 0.972395 0.576911 0.055209 0.079499
1 0.968649 0.649395 0.050523 0.095398
0 0.936019 0.676051 0.020350 0.025253
1 0.923739 0.630222 0.070171 0.107557
1 0.917073 0.724685 0.084907 0.111298
1 0.965378 0.717671 0.069244 0.138421
1 0.965140 0.817745 0.068768 0.114104
0 0.978122 0.905350 0.017543 0.024317
0 0.978473 0.921250 0.019648 0.028058
0 0.975666 0.944632 0.011227 0.020576
0 0.967245 0.928264 0.016841 0.021511
0 0.954965 0.942761 0.020350 0.020576
0 0.888653 0.920314 0.018245 0.018706
0 0.931809 0.923120 0.014736 0.020576
0 0.933212 0.955855 0.014736 0.022447
1 0.909354 0.907688 0.058242 0.075758
1 0.954615 0.919379 0.081399 0.065470
1 0.939879 0.960625 0.099643 0.078750
1 0.853217 0.958661 0.075083 0.080434
1 0.814974 0.971380 0.040699 0.057239
1 0.882338 0.778152 0.054734 0.074822
0 0.874268 0.726712 0.020350 0.024317
1 0.854971 0.632716 0.070171 0.090722
1 0.819886 0.689768 0.049120 0.115039
0 0.825148 0.691171 0.025963 0.024317
0 0.803395 0.722970 0.017543 0.018706
0 0.749363 0.696783 0.014736 0.028058
0 0.753223 0.721100 0.012631 0.020576
0 0.743048 0.720165 0.014736 0.022447
0 0.757082 0.696783 0.011929 0.009353
0 0.765503 0.701927 0.018946 0.023382
0 0.764450 0.898803 0.014034 0.020576
1 0.816728 0.849233 0.023157 0.089787
1 0.798132 0.763655 0.063154 0.072016
1 0.729364 0.850168 0.063154 0.080434
1 0.791817 0.834269 0.092626 0.142162
0 0.664105 0.776749 0.011227 0.030864
0 0.666210 0.794519 0.015438 0.019641
0 0.631826 0.819772 0.011227 0.014029
0 0.636738 0.805743 0.018245 0.019641
0 0.597793 0.804340 0.018946 0.026188
1 0.678841 0.884306 0.065961 0.105686
1 0.763748 0.930135 0.077189 0.055181
1 0.731470 0.972316 0.057541 0.055368
1 0.771818 0.979704 0.032981 0.036476
1 0.681999 0.971848 0.117186 0.056304
1 0.662000 0.914235 0.060347 0.085110
1 0.652176 0.829592 0.046313 0.132810
1 0.599898 0.818369 0.056839 0.043023
1 0.603758 0.874018 0.070171 0.094463
1 0.590425 0.948934 0.071575 0.102132
1 0.553585 0.842218 0.047015 0.079499
1 0.393243 0.948840 0.087013 0.064534
1 0.436750 0.912832 0.075785 0.054246
1 0.442363 0.872147 0.040699 0.085110
1 0.483414 0.852974 0.055435 0.059858
1 0.504465 0.901609 0.056839 0.067340
1 0.513938 0.937149 0.081399 0.108492
1 0.471134 0.963898 0.098240 0.072204
1 0.324358 0.949308 0.101749 0.084175
0 0.395582 0.917041 0.022455 0.034605
1 0.199804 0.899738 0.085609 0.086046
1 0.212786 0.960157 0.051225 0.079686
1 0.127528 0.966704 0.084206 0.066592
0 0.072092 0.946034 0.012631 0.014029
0 0.067882 0.961467 0.018245 0.016835
0 0.011745 0.992892 0.016841 0.014216
0 0.016657 0.975963 0.014034 0.017770
1 0.048234 0.944164 0.079995 0.043958
1 0.061567 0.974186 0.072978 0.051627
1 0.190799 0.823513 0.066663 0.070146
1 0.035252 0.806522 0.054032 0.069211
1 0.034292 0.824292 0.068584 0.071081
1 0.088583 0.844401 0.070873 0.051440
1 0.085074 0.782205 0.054032 0.087916
0 0.054549 0.769111 0.016841 0.024317
0 0.014201 0.769579 0.018946 0.021511
0 0.068584 0.716268 0.025262 0.021511
0 0.124370 0.334674 0.020350 0.017770
0 0.160157 0.337947 0.030174 0.018706
0 0.164017 0.292119 0.028069 0.031799
0 0.516277 0.455793 0.014034 0.018706
0 0.511014 0.366941 0.016139 0.016835
0 0.166846 0.747245 0.020669 0.016070
0 0.383723 0.751837 0.012918 0.020661
0 0.476673 0.698052 0.018946 0.016595
1 0.670823 0.291861 0.070684 0.115579
1 0.734220 0.321484 0.070684 0.087413
1 0.714181 0.417476 0.059754 0.115579
1 0.749523 0.447585 0.095460 0.136946
1 0.756081 0.530141 0.089630 0.119464
1 0.769926 0.592463 0.079429 0.077700
1 0.784500 0.665307 0.077971 0.108780
1 0.654427 0.580808 0.088902 0.132090
1 0.568440 0.744302 0.081615 0.089355
1 0.583743 0.671944 0.090359 0.080614
1 0.549129 0.601204 0.082343 0.083528
1 0.463142 0.573038 0.066312 0.081585
1 0.499942 0.574981 0.065583 0.058275
1 0.507229 0.661908 0.071413 0.063131
1 0.453305 0.706585 0.046637 0.076729
1 0.508686 0.749320 0.078700 0.140831
1 0.386629 0.709499 0.069227 0.059246
1 0.406668 0.752234 0.083072 0.105866
1 0.393916 0.779429 0.042993 0.090326
1 0.305378 0.808081 0.084530 0.102953
1 0.340356 0.770202 0.051009 0.093240
1 0.342663 0.621115 0.105662 0.098096
1 0.637424 0.441919 0.075785 0.087413
0 0.680417 0.488054 0.018946 0.026224
1 0.022494 0.439977 0.044988 0.087413
1 0.049725 0.355478 0.045908 0.089355
1 0.138627 0.300117 0.102747 0.091298
1 0.193279 0.303030 0.069227 0.067988
1 0.292383 0.334596 0.083801 0.057304
1 0.253762 0.284577 0.077971 0.064103
1 0.184778 0.458754 0.082343 0.089355
1 0.135590 0.365514 0.077243 0.087413
1 0.130125 0.417962 0.099832 0.099068
1 0.267486 0.383968 0.083072 0.083528
1 0.278052 0.408735 0.091088 0.098096
1 0.284610 0.464582 0.070684 0.083528
1 0.330154 0.406307 0.087444 0.106838
1 0.407397 0.307239 0.067041 0.081585
1 0.391001 0.363572 0.082343 0.102953
1 0.343756 0.477208 0.087444 0.112665
1 0.398045 0.483035 0.079429 0.073815
1 0.465814 0.455840 0.064855 0.101010
1 0.426100 0.431559 0.074328 0.064103
1 0.494112 0.377655 0.085987 0.107809
1 0.593580 0.386882 0.085258 0.118493
1 0.663536 0.385910 0.026962 0.058275
1 0.575120 0.487892 0.044451 0.067988
1 0.555080 0.473809 0.046637 0.049534
1 0.284246 0.686998 0.045180 0.058275
1 0.258377 0.792379 0.079429 0.076729
1 0.300642 0.732647 0.042993 0.089355
1 0.241252 0.716136 0.058296 0.106838
1 0.277323 0.626457 0.064855 0.066045
1 0.312665 0.582751 0.077243 0.089355
1 0.244896 0.518648 0.074328 0.081585
1 0.196801 0.574333 0.083072 0.052448
1 0.219391 0.601042 0.075785 0.078671
1 0.144456 0.646691 0.082343 0.084499
1 0.125874 0.585502 0.080157 0.082556
1 0.203845 0.675343 0.075785 0.095183
1 0.155751 0.708851 0.081615 0.088384
1 0.177612 0.758871 0.093274 0.067988
1 0.063570 0.584046 0.070684 0.093240
1 0.009013 0.582103 0.018026 0.097125
1 0.038161 0.645234 0.076322 0.083528
1 0.089075 0.647663 0.076514 0.119464
1 0.045813 0.720992 0.091625 0.110723
1 0.018851 0.727305 0.037701 0.043706