2 0.262057 0.592031 0.060808 0.048634
2 0.467661 0.448310 0.032991 0.044893
2 0.471866 0.488060 0.033638 0.034605
2 0.569223 0.609178 0.021347 0.052376
2 0.588953 0.645186 0.028463 0.032735
2 0.163406 0.748691 0.035579 0.051440
2 0.078987 0.595773 0.041401 0.046764
2 0.026912 0.603255 0.040754 0.035541
0 0.003624 0.557426 0.007116 0.016835
0 0.051818 0.617284 0.010350 0.020576
0 0.014945 0.668257 0.016819 0.014029
0 0.105186 0.818213 0.008410 0.014029
0 0.162436 0.829904 0.009056 0.014964
0 0.171493 0.798105 0.009056 0.018706
1 0.023031 0.568026 0.043342 0.074822
1 0.171493 0.826163 0.040107 0.037411
0 0.215805 0.779399 0.010997 0.018706
0 0.307016 0.527341 0.010997 0.012159
0 0.347124 0.608243 0.016172 0.016835
0 0.208042 0.822422 0.009703 0.014964
0 0.226478 0.783140 0.009056 0.014964
0 0.241033 0.832242 0.008410 0.010288
0 0.038113 0.947833 0.013435 0.020073
0 0.208519 0.864629 0.010301 0.020720
0 0.317720 0.925494 0.016123 0.015540
0 0.356906 0.911249 0.009405 0.012950
0 0.264873 0.948157 0.010748 0.018130
0 0.303836 0.931322 0.015227 0.014245
0 0.310106 0.909307 0.011644 0.011655
0 0.280772 0.841967 0.006718 0.016835
0 0.267784 0.812505 0.010301 0.012303
0 0.276070 0.821894 0.009853 0.011655
0 0.286146 0.828693 0.012092 0.017483
0 0.344143 0.788224 0.010748 0.018130
0 0.368998 0.976323 0.012988 0.014893
0 0.403706 0.887615 0.007166 0.012303
0 0.399004 0.901537 0.012092 0.014245
0 0.466405 0.953013 0.008957 0.017483
0 0.498874 0.951718 0.010301 0.014893
0 0.482528 0.974057 0.010748 0.016835
0 0.523506 0.987978 0.012092 0.014893
0 0.566723 0.812182 0.008957 0.015540
0 0.609716 0.804412 0.008957 0.016835
0 0.625167 0.934883 0.009405 0.016188
0 0.593370 0.914811 0.010301 0.018778
0 0.658308 0.740309 0.012988 0.012950
0 0.738249 0.757468 0.007166 0.011008
0 0.738249 0.773332 0.010748 0.011655
0 0.745862 0.768799 0.005374 0.010360
1 0.785273 0.772360 0.044785 0.062808
1 0.841254 0.930998 0.040306 0.039498
0 0.825803 0.922581 0.011196 0.017483
0 0.869916 0.886320 0.010748 0.017483
0 0.785497 0.833549 0.009405 0.018130
0 0.630168 0.647717 0.011644 0.014245
0 0.775719 0.678797 0.010748 0.020720
1 0.710109 0.667789 0.027319 0.028490
0 0.655994 0.662933 0.008957 0.009713
0 0.935601 0.617176 0.011644 0.021368
0 0.906714 0.521346 0.012092 0.021368
0 0.842224 0.447639 0.012092 0.012950
0 0.829013 0.398429 0.009853 0.012950
0 0.850733 0.405551 0.009405 0.014245
0 0.883426 0.360874 0.012988 0.014245
0 0.977474 0.359902 0.007613 0.013598
0 0.928435 0.389687 0.009853 0.009713
0 0.986655 0.366701 0.009853 0.014245
2 0.957993 0.580376 0.029558 0.042735
2 0.973220 0.569693 0.022392 0.035613
1 0.746833 0.458323 0.038963 0.060218
0 0.891040 0.313822 0.010301 0.016835
0 0.842000 0.299901 0.010748 0.016188
0 0.795648 0.341665 0.017466 0.012950
0 0.984640 0.082880 0.008509 0.015540
1 0.942766 0.159933 0.040306 0.040145
0 0.743175 0.198675 0.011644 0.011008
0 0.707646 0.368752 0.012540 0.013598
0 0.664876 0.243460 0.008509 0.011655
2 0.715035 0.163494 0.043441 0.045973
0 0.656815 0.122701 0.013883 0.013598
0 0.614941 0.108133 0.009853 0.016835
0 0.624794 0.184538 0.010748 0.014245
0 0.613598 0.202344 0.012540 0.014893
0 0.661294 0.138565 0.009405 0.018130
0 0.719514 0.270655 0.012092 0.020720
0 0.515519 0.152163 0.011644 0.014245
0 0.547988 0.224683 0.009405 0.019425
2 0.566126 0.268389 0.050159 0.065398
2 0.487753 0.209790 0.038515 0.072520
1 0.448790 0.279289 0.066282 0.068635
2 0.136192 0.093564 0.032245 0.049858
2 0.234793 0.101442 0.011495 0.031512
2 0.271442 0.079966 0.034036 0.061513
2 0.168885 0.158638 0.042098 0.040145
2 0.246138 0.114931 0.041650 0.042088
2 0.189038 0.047268 0.028662 0.022015
2 0.206504 0.204610 0.040306 0.033670
1 0.191725 0.188746 0.022392 0.016188
1 0.281966 0.488539 0.037171 0.033023
0 0.312868 0.470733 0.013883 0.022015
0 0.245467 0.355478 0.014331 0.016835
0 0.257783 0.328607 0.014779 0.017483
0 0.269427 0.364543 0.011196 0.024605
0 0.286669 0.387205 0.012540 0.015540
0 0.050653 0.342852 0.015227 0.016188
0 0.082002 0.289757 0.013435 0.022663
0 0.130370 0.244431 0.011644 0.017483
0 0.118502 0.376737 0.010301 0.013598
1 0.006965 0.303246 0.013929 0.045325
1 0.093198 0.470301 0.025079 0.034965
0 0.067223 0.171264 0.012540 0.017483
2 0.065880 0.137594 0.038515 0.047268
2 0.016616 0.138565 0.025975 0.036260
2 0.035202 0.154105 0.026423 0.041440
2 0.017960 0.206553 0.030454 0.042735
2 0.024454 0.216913 0.030006 0.040145
2 0.064312 0.193603 0.034484 0.047915
2 0.391316 0.106190 0.018212 0.046620
2 0.574336 0.018454 0.029558 0.029138
2 0.548809 0.020396 0.034036 0.026548
2 0.794081 0.241518 0.038515 0.032375
0 0.122532 0.033994 0.009405 0.017483
0 0.102155 0.047591 0.010748 0.012303
0 0.118054 0.082233 0.011196 0.011655
0 0.206952 0.118169 0.007166 0.014893
0 0.162839 0.069606 0.009405 0.014893
0 0.169780 0.104248 0.013435 0.022015
0 0.174408 0.189610 0.006270 0.011008
0 0.217849 0.182811 0.009853 0.011655
0 0.224343 0.089895 0.008509 0.009713
0 0.289729 0.204179 0.009405 0.012950
0 0.312569 0.231050 0.010301 0.016188
0 0.350188 0.213244 0.008509 0.012950
0 0.321153 0.059462 0.011644 0.017483
0 0.399079 0.061405 0.009853 0.018778
1 0.407812 0.101873 0.012988 0.038850
0 0.416769 0.155940 0.009405 0.014893
0 0.338843 0.285440 0.012092 0.023958
1 0.263828 0.188315 0.027767 0.026548
1 0.360116 0.216481 0.017018 0.050505
0 0.363923 0.348571 0.011196 0.019425
1 0.385195 0.360874 0.028662 0.031080
0 0.383852 0.348895 0.008061 0.014893
0 0.425949 0.390659 0.011644 0.015540
0 0.495739 0.438898 0.009405 0.013598
0 0.563812 0.438574 0.012092 0.018130
0 0.496859 0.497496 0.010748 0.016835
0 0.527312 0.522101 0.008957 0.016835
0 0.604566 0.576815 0.012092 0.016188
0 0.590086 0.454114 0.009405 0.012950
0 0.557617 0.091621 0.011644 0.014893
0 0.535896 0.062808 0.017466 0.014245
0 0.493127 0.083851 0.006270 0.009713
0 0.453268 0.010360 0.011644 0.018130
0 0.468719 0.026548 0.008509 0.015540
0 0.382508 0.010036 0.008957 0.012303
0 0.623492 0.281753 0.008733 0.009820
0 0.734353 0.306655 0.011159 0.011925
0 0.829041 0.308408 0.014555 0.015432
0 0.824028 0.382061 0.000323 0.000000
0 0.376686 0.316844 0.010748 0.009065
0 0.381613 0.324290 0.008957 0.013598
0 0.526790 0.482172 0.009405 0.018130
0 0.520296 0.521993 0.008061 0.012303
0 0.646888 0.151839 0.009853 0.016188