2 0.236908 0.542929 0.112121 0.065657
2 0.282642 0.626263 0.115072 0.060606
2 0.375585 0.906566 0.094418 0.065657
2 0.801940 0.954545 0.061962 0.080808
2 0.751781 0.507576 0.126874 0.075758
2 0.762108 0.135101 0.112121 0.068182
2 0.794564 0.087121 0.094418 0.053030
1 0.151342 0.333333 0.188836 0.116162
1 0.216255 0.099747 0.106220 0.098485
1 0.517212 0.056818 0.094418 0.113636
1 0.797515 0.017677 0.112121 0.035354
1 0.548192 0.289141 0.103270 0.113636
1 0.434596 0.353535 0.106220 0.111111
1 0.301821 0.469697 0.129825 0.070707
1 0.382961 0.522727 0.138676 0.217172
1 0.371159 0.678030 0.103270 0.068182
1 0.018135 0.680556 0.036270 0.068182
1 0.021086 0.799242 0.042172 0.058081
1 0.726701 0.696970 0.100319 0.090909
1 0.580649 0.406566 0.144577 0.146465
1 0.639660 0.554293 0.091467 0.093434
1 0.590975 0.202020 0.112121 0.131313
1 0.632283 0.114899 0.053110 0.103535
1 0.678017 0.186869 0.120973 0.090909
1 0.972521 0.364899 0.054958 0.073232
1 0.921438 0.866162 0.123923 0.085859
1 0.655888 0.948232 0.064912 0.103535