1 0.114865 0.150941 0.127027 0.220212
1 0.191892 0.306729 0.137838 0.189757
1 0.299324 0.270417 0.095946 0.163988
0 0.204730 0.305558 0.020270 0.037483
0 0.191216 0.285645 0.028378 0.039826
0 0.174324 0.341869 0.024324 0.035140
1 0.377027 0.341869 0.145946 0.208499
1 0.370946 0.106430 0.166216 0.206156
1 0.506757 0.283302 0.148649 0.213184
1 0.677703 0.278617 0.120270 0.245981
1 0.709459 0.135713 0.127027 0.203813
1 0.822973 0.340698 0.105405 0.234268
1 0.933108 0.227078 0.090541 0.236611
2 0.516892 0.762380 0.101351 0.149932
1 0.639865 0.598393 0.077027 0.173358
1 0.024324 0.507028 0.048648 0.159302
1 0.156081 0.747153 0.114865 0.217869
1 0.682432 0.849059 0.135135 0.257695
1 0.818243 0.887714 0.101351 0.180386
1 0.908108 0.911140 0.110811 0.124162
2 0.847297 0.730754 0.072973 0.091365
1 0.847297 0.634704 0.145946 0.241296
1 0.945946 0.737782 0.091892 0.138218
1 0.974324 0.806891 0.045946 0.173358
1 0.279730 0.680386 0.129730 0.248324
1 0.201351 0.944442 0.129730 0.111115
1 0.283784 0.899427 0.148649 0.189757