2 0.027506 0.480445 0.035057 0.036260
2 0.141550 0.540987 0.025103 0.042088
2 0.217940 0.587499 0.038519 0.054390
2 0.012130 0.702538 0.024260 0.042735
2 0.023178 0.732323 0.025535 0.024605
2 0.035080 0.690883 0.030296 0.040145
2 0.126835 0.837110 0.021640 0.026548
2 0.157275 0.847363 0.030008 0.027627
2 0.181801 0.840672 0.023371 0.040145
2 0.242970 0.875745 0.028565 0.040793
2 0.220320 0.869054 0.024526 0.030001
2 0.240373 0.988647 0.026834 0.022706
2 0.212169 0.889558 0.025535 0.047268
2 0.388320 0.759410 0.033326 0.056333
2 0.834756 0.741496 0.018178 0.049858
2 0.762694 0.900458 0.026401 0.051800
2 0.746897 0.894738 0.016447 0.038203
2 0.859426 0.264828 0.030296 0.047915
2 0.835478 0.355478 0.035490 0.045325
2 0.725113 0.347384 0.019043 0.026548
2 0.707801 0.352240 0.020775 0.031080
2 0.685728 0.468467 0.038952 0.027843
2 0.662140 0.346952 0.037654 0.033023
2 0.145157 0.465121 0.024237 0.047915
1 0.105194 0.464905 0.061458 0.049210
1 0.125320 0.417962 0.036788 0.049858
1 0.190024 0.325261 0.019909 0.047915
1 0.187211 0.575628 0.025535 0.036260
2 0.202142 0.373176 0.025968 0.025900
1 0.208634 0.338211 0.022506 0.029785
2 0.280191 0.219071 0.036355 0.034965
2 0.452447 0.264072 0.025103 0.043383
2 0.464998 0.302922 0.025968 0.022663
2 0.477766 0.283174 0.013417 0.028490
2 0.491183 0.301951 0.014283 0.024605
2 0.479930 0.382889 0.012551 0.015540
2 0.458506 0.341125 0.019043 0.023958
2 0.389258 0.282526 0.027699 0.042735
2 0.492120 0.486165 0.032027 0.043383
2 0.498612 0.343067 0.018178 0.018778
2 0.525879 0.376090 0.009522 0.016188
2 0.514626 0.337240 0.014715 0.039498
2 0.473077 0.356989 0.019909 0.015540
2 0.468100 0.374471 0.014283 0.016835
2 0.596210 0.326988 0.023804 0.027195
2 0.618715 0.365190 0.013417 0.033670
2 0.638408 0.191984 0.019909 0.035613
2 0.605731 0.170293 0.013417 0.020720
2 0.610925 0.163818 0.014283 0.027195
2 0.623476 0.154753 0.011686 0.034965
2 0.635162 0.165436 0.022073 0.029138
2 0.642736 0.146011 0.021640 0.039498
2 0.654854 0.125291 0.019909 0.042088
2 0.652258 0.054714 0.026834 0.033023
2 0.589501 0.103924 0.019043 0.031728
2 0.694239 0.182271 0.020775 0.030433
2 0.701381 0.084823 0.034191 0.041440
2 0.730162 0.155400 0.012984 0.046620
2 0.741848 0.154645 0.013850 0.040793
2 0.659615 0.229107 0.027699 0.020073
1 0.651392 0.213244 0.019909 0.028490
2 0.652258 0.176012 0.019909 0.034318
2 0.658100 0.250799 0.019476 0.023310
2 0.673248 0.183135 0.016014 0.040793
2 0.682452 0.210881 0.015103 0.021265
1 0.695778 0.222510 0.021321 0.045853
1 0.668238 0.262383 0.015991 0.033892
1 0.661575 0.287967 0.024875 0.022594
1 0.657577 0.313220 0.022210 0.049176
1 0.707327 0.277999 0.013326 0.046518
1 0.715988 0.271022 0.020877 0.039208
1 0.725539 0.247763 0.016879 0.043195
1 0.729980 0.298600 0.015103 0.053163
1 0.713990 0.326843 0.021321 0.027246
2 0.510803 0.241302 0.025535 0.025900
2 0.489379 0.244539 0.022506 0.032375
2 0.447253 0.366377 0.017312 0.027843
2 0.428859 0.309721 0.027267 0.041440
2 0.437299 0.338211 0.014715 0.027195
2 0.344246 0.471920 0.025968 0.036908
2 0.941803 0.211949 0.024237 0.041440
2 0.818021 0.135867 0.023371 0.036908
2 0.755409 0.154968 0.015581 0.036260
2 0.378942 0.388069 0.035057 0.044030
2 0.304572 0.498575 0.030296 0.034965
2 0.351532 0.501166 0.019476 0.034965
1 0.363866 0.497928 0.019909 0.016835
1 0.377716 0.477208 0.032893 0.050505
1 0.148114 0.811966 0.026401 0.029785
1 0.129936 0.805167 0.031595 0.039498
1 0.040058 0.758439 0.026401 0.032375
1 0.052825 0.732863 0.029431 0.023958
1 0.312762 0.271932 0.029070 0.046296
1 0.322139 0.198981 0.018755 0.039282
1 0.338080 0.174780 0.027194 0.024551
2 0.336439 0.198981 0.018286 0.032267
2 0.420526 0.279439 0.023098 0.033892
1 0.422728 0.350730 0.020775 0.032375
1 0.654277 0.782936 0.029431 0.058923
2 0.593685 0.588578 0.040683 0.050505
2 0.668776 0.505051 0.027267 0.018130
2 0.645621 0.490158 0.023371 0.033670
2 0.655792 0.516706 0.018611 0.020720
1 0.915402 0.495230 0.028565 0.026548
1 0.931199 0.475805 0.023804 0.036908
1 0.936176 0.431128 0.032027 0.064103
1 0.979673 0.436631 0.023804 0.047915
1 0.973614 0.211193 0.028132 0.034318
1 0.963876 0.225438 0.023371 0.042088
1 0.830356 0.160148 0.034191 0.049210
1 0.758705 0.107988 0.030205 0.025917
1 0.756040 0.131911 0.037312 0.033892
1 0.703773 0.111643 0.030205 0.021265
2 0.632702 0.081406 0.018656 0.043195
1 0.608938 0.124934 0.027984 0.039872
1 0.592947 0.153509 0.019989 0.038543
1 0.583841 0.129253 0.027540 0.028575
1 0.603608 0.186736 0.030649 0.034556
1 0.614046 0.084064 0.018656 0.041866
1 0.569627 0.326511 0.025763 0.039872
1 0.602941 0.290958 0.016879 0.036550
1 0.618044 0.297271 0.028428 0.021265
0 0.619821 0.284977 0.007995 0.013955
1 0.619599 0.334817 0.013770 0.024588
1 0.634657 0.379004 0.014715 0.028490
1 0.614748 0.400371 0.018178 0.029785
1 0.599167 0.357636 0.017312 0.022015
1 0.617561 0.421415 0.020342 0.021368
1 0.651753 0.386774 0.021207 0.031080
1 0.543119 0.246158 0.018611 0.036908
1 0.533525 0.317059 0.019909 0.024605
1 0.527466 0.300009 0.025968 0.027195
1 0.540450 0.314254 0.025968 0.046620
1 0.540017 0.351485 0.020775 0.036908
2 0.501065 0.368644 0.026834 0.028490
2 0.512101 0.388716 0.022073 0.022015
2 0.482743 0.322024 0.012118 0.011655
1 0.472356 0.326556 0.019909 0.027195
2 0.505959 0.264044 0.015103 0.015949
1 0.457949 0.394265 0.035937 0.034213
1 0.527873 0.267034 0.023986 0.057815