2 0.120720 0.171717 0.177821 0.202020
2 0.402269 0.419192 0.122781 0.156566
2 0.465777 0.641414 0.118547 0.141414
2 0.475303 0.789141 0.103729 0.123737
2 0.845763 0.744949 0.146067 0.237374
2 0.659474 0.407828 0.103729 0.133838
2 0.819301 0.295455 0.097378 0.126263
2 0.616077 0.244949 0.122781 0.161616
2 0.080498 0.710859 0.101612 0.103535
2 0.302774 0.486111 0.105846 0.103535
2 0.101667 0.815657 0.084677 0.116162
1 0.188461 0.787879 0.148184 0.151515
1 0.290073 0.756313 0.088910 0.154040
1 0.070972 0.415404 0.091027 0.108586
1 0.147181 0.358586 0.099495 0.121212
1 0.251968 0.026515 0.038104 0.053030
1 0.205396 0.098485 0.080443 0.075758
1 0.212805 0.126263 0.099495 0.116162
1 0.153532 0.049242 0.120664 0.098484
1 0.206455 0.411616 0.129132 0.166667
1 0.205396 0.616162 0.097378 0.121212
1 0.106960 0.496212 0.112196 0.138889
1 0.081557 0.603535 0.120664 0.126263
1 0.040249 0.532828 0.080498 0.136364
1 0.291131 0.588384 0.133366 0.156566
1 0.333469 0.830808 0.103729 0.136364
1 0.547278 0.955808 0.239211 0.088384
1 0.036015 0.954545 0.072030 0.090909
1 0.663708 0.786616 0.133366 0.128788
1 0.652065 0.638889 0.127015 0.156566
2 0.667942 0.526515 0.154535 0.118687
1 0.373691 0.146465 0.133366 0.202020
1 0.461543 0.205808 0.118547 0.159091
1 0.370515 0.306818 0.198990 0.148990
1 0.715572 0.132576 0.160885 0.184343
1 0.799190 0.089646 0.124898 0.179292
1 0.728274 0.050505 0.118547 0.085859
1 0.937848 0.198232 0.114313 0.234848
2 0.944199 0.508838 0.110080 0.073232
2 0.845763 0.434343 0.065624 0.101010
1 0.713455 0.301768 0.071975 0.113636
1 0.556804 0.353535 0.156652 0.161616
1 0.536693 0.520202 0.226510 0.131313
2 0.547278 0.758838 0.112196 0.244949
1 0.809775 0.904040 0.107963 0.101010
1 0.747326 0.821970 0.135482 0.123737
1 0.721923 0.665404 0.076209 0.108586
1 0.786489 0.635101 0.078326 0.118687
1 0.774846 0.457071 0.135482 0.146465
1 0.861639 0.574495 0.198990 0.154040
1 0.894452 0.378788 0.095261 0.151515
1 0.960456 0.406566 0.079087 0.126263
1 0.976333 0.864899 0.047333 0.270202
1 0.396977 0.796717 0.158769 0.184343