1 0.436676 0.384615 0.102172 0.120435
1 0.374403 0.436577 0.073087 0.076729
1 0.403861 0.522047 0.061900 0.076729
1 0.465761 0.514277 0.088748 0.101981
1 0.476575 0.445804 0.053696 0.052448
1 0.300570 0.581617 0.128275 0.173854
1 0.105175 0.266608 0.055188 0.047591
1 0.135753 0.277778 0.059663 0.046620
1 0.116735 0.467657 0.079799 0.105866
1 0.134261 0.394328 0.052205 0.073815
1 0.311757 0.324883 0.080544 0.100039
1 0.307655 0.349650 0.057425 0.069930
1 0.192432 0.439491 0.073087 0.047591
1 0.212568 0.411810 0.061154 0.073815
1 0.239416 0.343823 0.067120 0.062160
1 0.202873 0.289433 0.059663 0.060218
1 0.186466 0.334110 0.058171 0.050505
1 0.217043 0.726010 0.077561 0.078671
1 0.177516 0.785256 0.047730 0.039821
1 0.050733 0.830905 0.046238 0.065074
1 0.109277 0.903749 0.055934 0.086441
1 0.159990 0.870726 0.054442 0.100039
1 0.113752 0.828477 0.044001 0.073815
1 0.240162 0.857129 0.058171 0.067016
1 0.281180 0.896950 0.055188 0.045649
1 0.290129 0.836247 0.044747 0.060218
1 0.351284 0.900835 0.086511 0.094211
1 0.337859 0.822164 0.055188 0.080614
1 0.337487 0.757576 0.076816 0.069930
1 0.384844 0.804196 0.065629 0.050505
1 0.412313 0.686674 0.076816 0.085470
1 0.395160 0.747863 0.102172 0.079643
1 0.597640 0.799663 0.052205 0.044678
1 0.608454 0.743816 0.039526 0.061189
1 0.603234 0.791893 0.079799 0.073815
1 0.758356 0.521076 0.036543 0.067016
1 0.800120 0.393357 0.048476 0.056333
1 0.886631 0.340909 0.057425 0.099068
1 0.856427 0.399184 0.077561 0.083528
1 0.923547 0.400641 0.065629 0.063131
1 0.898936 0.424437 0.065629 0.114608
1 0.672218 0.068959 0.141699 0.091298
1 0.669235 0.154915 0.082036 0.078671
1 0.756119 0.254468 0.064883 0.066045
1 0.787069 0.185023 0.058171 0.101981
1 0.763204 0.096639 0.058171 0.082556
1 0.615912 0.276321 0.038035 0.039821
1 0.603606 0.179196 0.046238 0.100039
1 0.715847 0.297688 0.057425 0.076729
1 0.677439 0.317113 0.071595 0.078671
1 0.454752 0.130997 0.055747 0.089436
1 0.487473 0.131524 0.043628 0.052609
1 0.476566 0.273043 0.039589 0.078914