2 0.558703 0.510476 0.093242 0.088682
2 0.399940 0.542069 0.083162 0.088682
2 0.139513 0.622239 0.060265 0.064638
2 0.174110 0.803469 0.061009 0.072001
2 0.351558 0.706104 0.045385 0.078547
2 0.780457 0.886598 0.098433 0.089347
2 0.149233 0.952749 0.089059 0.094502
0 0.321101 0.650344 0.039061 0.039519
0 0.946075 0.668385 0.107808 0.171821
0 0.448440 0.298110 0.053123 0.073883
1 0.366412 0.197595 0.073434 0.127148
1 0.264072 0.260309 0.074997 0.108247
1 0.158608 0.224227 0.089059 0.108247
1 0.221105 0.666667 0.098433 0.123711
1 0.251573 0.747423 0.103121 0.075601
1 0.410941 0.747423 0.071872 0.109966
1 0.350787 0.810137 0.092184 0.101375
1 0.420316 0.890034 0.090621 0.127148
1 0.343757 0.879725 0.103121 0.134021
1 0.210168 0.868557 0.085934 0.118557
1 0.271103 0.841924 0.070310 0.089347
1 0.679680 0.880584 0.112495 0.108247
1 0.903889 0.890034 0.120307 0.134021
1 0.514843 0.941581 0.089059 0.089347
1 0.580465 0.897766 0.098433 0.104811
1 0.492188 0.884880 0.059373 0.116838
1 0.629682 0.861684 0.096871 0.146048
1 0.828111 0.461340 0.121870 0.115120
1 0.376568 0.447595 0.106246 0.152921
1 0.245323 0.375430 0.074997 0.128866
1 0.085944 0.508591 0.171888 0.089347
1 0.039853 0.234536 0.079705 0.135739
2 0.078143 0.062715 0.131245 0.115120
1 0.925763 0.329038 0.110933 0.146048
1 0.600777 0.152921 0.167181 0.137457
1 0.811706 0.336770 0.135932 0.109966
1 0.870297 0.223368 0.081247 0.103093
1 0.735928 0.225945 0.121870 0.121993
1 0.821080 0.118557 0.129682 0.140893
1 0.618745 0.041237 0.156243 0.075601
1 0.953106 0.120275 0.090621 0.113402
1 0.978897 0.254296 0.042206 0.075601
1 0.953887 0.237973 0.085934 0.108247
0 0.307039 0.103093 0.045311 0.051546
1 0.074237 0.642612 0.073434 0.113402