2 0.656118 0.483545 0.074543 0.112837
2 0.515120 0.327985 0.075246 0.137163
2 0.955696 0.273151 0.088608 0.166904
2 0.948664 0.122702 0.102672 0.124591
0 0.909283 0.183822 0.032349 0.054068
0 0.819269 0.695114 0.035162 0.051717
2 0.303797 0.073336 0.070323 0.115188
2 0.386779 0.264923 0.087201 0.150449
2 0.318565 0.253170 0.113924 0.155151
2 0.047820 0.702166 0.095640 0.202166
2 0.662447 0.070166 0.090014 0.140332
1 0.059775 0.137982 0.116737 0.263286
1 0.190577 0.391865 0.105485 0.159852
1 0.045007 0.344849 0.073136 0.211569
1 0.162447 0.110948 0.105485 0.199815
1 0.618143 0.791495 0.099859 0.183360
1 0.682841 0.885526 0.097046 0.178658
1 0.615331 0.929834 0.164557 0.140332
1 0.798172 0.815003 0.116737 0.188061
1 0.727145 0.676307 0.168776 0.230375
1 0.770042 0.562295 0.139241 0.166904
1 0.907876 0.401268 0.108298 0.197464
1 0.917018 0.544665 0.112518 0.131643
1 0.738397 0.271976 0.112518 0.122240
1 0.772152 0.097200 0.101266 0.194400
1 0.861463 0.059588 0.077356 0.119176
1 0.487714 0.558925 0.136510 0.123070
1 0.567966 0.379851 0.129892 0.121687
1 0.590717 0.493241 0.057913 0.149343
1 0.541905 0.510526 0.102590 0.172850