2 0.213041 0.195557 0.057336 0.109287
2 0.148117 0.117494 0.119730 0.115532
2 0.066329 0.172138 0.060708 0.106165
2 0.099213 0.256445 0.075885 0.062450
2 0.164980 0.256445 0.045531 0.049960
2 0.128724 0.181505 0.077572 0.087430
2 0.105115 0.331385 0.087690 0.112410
2 0.154862 0.336069 0.072513 0.109287
2 0.209668 0.297038 0.074199 0.106165
1 0.162581 0.542742 0.064859 0.098479
1 0.190470 0.593182 0.047996 0.055244
1 0.285813 0.551149 0.041510 0.086469
1 0.319540 0.589579 0.106369 0.134508
1 0.425260 0.453871 0.060968 0.093675
2 0.401263 0.539139 0.095992 0.120096
2 0.508280 0.596785 0.073940 0.139311
2 0.528387 0.812958 0.075237 0.091273
2 0.467419 0.762518 0.075237 0.086469
1 0.419423 0.680852 0.059671 0.067254
1 0.434341 0.637618 0.084317 0.115292
1 0.610109 0.150428 0.124530 0.184948
1 0.751286 0.352990 0.089506 0.252202
2 0.826307 0.369003 0.077831 0.132106
2 0.476716 0.897025 0.047996 0.086469
2 0.527954 0.899427 0.062265 0.081665
2 0.542223 0.941461 0.067454 0.079263
2 0.573356 0.883815 0.070048 0.127302
2 0.627838 0.888618 0.080425 0.146517
1 0.676482 0.945064 0.110261 0.096077
2 0.957323 0.126409 0.070048 0.136909
2 0.832793 0.463879 0.049293 0.086469
2 0.989687 0.344984 0.020625 0.117694
1 0.722492 0.623449 0.072723 0.117094
1 0.763069 0.554168 0.069562 0.154173
1 0.704574 0.820556 0.066400 0.066353
1 0.723019 0.766888 0.080101 0.111239
1 0.758853 0.714196 0.099073 0.126851
2 0.742517 0.835193 0.066400 0.142464
2 0.867938 0.946382 0.070616 0.107236
2 0.920110 0.570756 0.059022 0.081966
1 0.960160 0.691753 0.075885 0.222478
1 0.907462 0.785428 0.069562 0.120997
1 0.865304 0.858612 0.113828 0.072208
1 0.788364 0.887885 0.044266 0.142464
1 0.869519 0.546362 0.046374 0.048789
1 0.865304 0.407801 0.063238 0.130755
1 0.920637 0.495621 0.102234 0.099530
1 0.854764 0.630279 0.052698 0.095626
2 0.816294 0.534653 0.072723 0.154173
1 0.821564 0.779573 0.055860 0.093675
1 0.865831 0.740542 0.060076 0.117094