2 0.362204 0.926768 0.221175 0.095960
2 0.435929 0.513889 0.168514 0.068182
1 0.162805 0.125520 0.325610 0.135175
1 0.480495 0.322341 0.266401 0.115865
1 0.695785 0.222074 0.244718 0.108437
1 0.771678 0.143345 0.210643 0.075758
1 0.749995 0.358734 0.235425 0.111408
1 0.341099 0.420380 0.185861 0.056447
1 0.217192 0.642949 0.173471 0.099525
1 0.241973 0.475094 0.198252 0.084670
1 0.156787 0.553823 0.188959 0.075758
1 0.437128 0.691226 0.266401 0.095068
1 0.568780 0.515944 0.164178 0.068330
1 0.477398 0.508517 0.266401 0.184195
1 0.477398 0.593929 0.148689 0.057932