1 0.951500 0.052696 0.076448 0.105392
1 0.682952 0.046569 0.045085 0.093137
1 0.618266 0.019608 0.127413 0.039216
1 0.504574 0.067402 0.111732 0.134804
1 0.034214 0.034314 0.068428 0.068627
1 0.064657 0.172794 0.110069 0.159314
1 0.319704 0.196078 0.113256 0.119826
1 0.224961 0.273693 0.063162 0.068083
1 0.264710 0.104847 0.105633 0.089869
1 0.332228 0.046296 0.103455 0.092592
1 0.368709 0.102124 0.063162 0.068083
1 0.406825 0.051062 0.056628 0.088508
1 0.170874 0.083742 0.082764 0.093954
1 0.192654 0.135485 0.063162 0.069444
1 0.177953 0.222631 0.070785 0.099401
1 0.145283 0.284586 0.072963 0.078976
1 0.121869 0.236928 0.080586 0.084423
1 0.124047 0.419844 0.098010 0.133442
1 0.317889 0.404185 0.106722 0.145697
1 0.215523 0.501543 0.093654 0.068083
1 0.134937 0.617284 0.058806 0.068083
1 0.274874 0.639751 0.068607 0.077614
1 0.135482 0.534904 0.116523 0.113017
1 0.020097 0.486565 0.040194 0.147059
1 0.011385 0.610703 0.022770 0.066721
1 0.051133 0.678105 0.102266 0.108932
1 0.115335 0.695806 0.076230 0.111656
1 0.176319 0.725082 0.087120 0.113017
1 0.151272 0.861020 0.130680 0.138889
1 0.131125 0.946169 0.127413 0.107662
1 0.326057 0.745960 0.049005 0.061275
1 0.398475 0.756173 0.054450 0.098039
1 0.746412 0.662219 0.112167 0.144336
1 0.920652 0.633624 0.103455 0.098039
1 0.859123 0.757535 0.078408 0.138889
1 0.919563 0.768428 0.099099 0.084423
1 0.980547 0.722131 0.031581 0.117102
1 0.824275 0.929784 0.060984 0.083061
1 0.806851 0.894381 0.095832 0.151144
1 0.718642 0.826979 0.063162 0.136166
1 0.636422 0.764343 0.114345 0.141612
1 0.546943 0.856255 0.213444 0.126634
1 0.034467 0.401187 0.054679 0.064499