1 0.088257 0.039738 0.050167 0.066259
1 0.116128 0.137899 0.052025 0.058897
1 0.057599 0.188206 0.059457 0.066259
1 0.081289 0.270416 0.058528 0.083437
1 0.039483 0.355693 0.043664 0.065032
1 0.185340 0.223176 0.052954 0.057670
1 0.249907 0.152623 0.070606 0.078529
1 0.387402 0.101702 0.066890 0.072394
1 0.276849 0.240354 0.063174 0.055215
1 0.282423 0.252011 0.039019 0.083437
1 0.359532 0.293729 0.048309 0.068713
1 0.386009 0.388209 0.030658 0.063805
1 0.071999 0.407841 0.038090 0.046626
1 0.085470 0.381460 0.022297 0.052761
2 0.063174 0.562444 0.033445 0.073621
2 0.027406 0.553242 0.038090 0.101842
2 0.273597 0.720729 0.030658 0.053988
1 0.176050 0.674102 0.067819 0.071167
2 0.201598 0.743428 0.050167 0.033129
1 0.177908 0.834227 0.051096 0.084664
1 0.274062 0.852019 0.052025 0.063805
1 0.359996 0.837908 0.043664 0.084664
1 0.414809 0.920732 0.049238 0.068713
1 0.363248 0.918278 0.050167 0.073621
1 0.291249 0.953861 0.088257 0.056443
1 0.329803 0.509683 0.052025 0.071167
1 0.339558 0.591279 0.036232 0.042945
1 0.351171 0.615206 0.033445 0.056443
1 0.342345 0.716434 0.058528 0.082210
1 0.408305 0.726864 0.052954 0.083437
1 0.471944 0.193728 0.063174 0.082210
1 0.517001 0.309680 0.051096 0.078529
1 0.546265 0.294342 0.063174 0.077302
1 0.497027 0.271029 0.061315 0.084664
1 0.610832 0.204771 0.039948 0.062578
1 0.571349 0.236673 0.050167 0.099388
1 0.698625 0.369190 0.040877 0.069940
1 0.647529 0.454467 0.037161 0.046626
2 0.719064 0.494345 0.027871 0.052761
2 0.773876 0.563671 0.022297 0.031902
2 0.761334 0.547720 0.025084 0.039264
1 0.502137 0.420725 0.071535 0.079756
1 0.587607 0.566739 0.054812 0.079756
1 0.549981 0.671035 0.061315 0.082210
1 0.628948 0.735453 0.072464 0.105523
1 0.695373 0.818276 0.054812 0.084664
1 0.701877 0.631157 0.056670 0.058897
1 0.657962 0.588901 0.051025 0.052667
1 0.668039 0.573610 0.042878 0.076452
1 0.772232 0.486681 0.060887 0.079284
1 0.849841 0.664220 0.078038 0.111564
1 0.931953 0.625994 0.057028 0.081549
1 0.925521 0.609288 0.071606 0.074187
2 0.909656 0.795605 0.036446 0.034545
2 0.815539 0.962950 0.020581 0.021520
2 0.795172 0.963800 0.021868 0.025484
1 0.893362 0.850820 0.054455 0.054366
1 0.862490 0.898107 0.047595 0.063993
1 0.852843 0.925007 0.058314 0.056631
1 0.809750 0.914814 0.027013 0.056631
1 0.725281 0.954739 0.060458 0.053800
1 0.559557 0.935484 0.037733 0.049269
1 0.587643 0.964366 0.047595 0.028882
1 0.216534 0.014833 0.072035 0.029666
2 0.174942 0.069025 0.027442 0.040208
1 0.021868 0.051470 0.031730 0.077585
1 0.874025 0.348142 0.081382 0.069940
1 0.906633 0.281147 0.040691 0.055215
1 0.832776 0.256852 0.047938 0.077302
1 0.801839 0.203477 0.028428 0.050062
1 0.856187 0.201268 0.035674 0.044172
1 0.935619 0.525199 0.048495 0.044172
2 0.729933 0.053291 0.060758 0.075093
1 0.817726 0.039303 0.054627 0.058897
1 0.815775 0.097095 0.054069 0.053743
0 0.310758 0.144949 0.021739 0.022822
1 0.264214 0.022964 0.023411 0.045928
0 0.145485 0.774037 0.028986 0.035338
1 0.160535 0.482331 0.040134 0.053007
1 0.825313 0.163449 0.035241 0.033656
1 0.783785 0.593780 0.042735 0.025358