2 0.018270 0.075758 0.036540 0.065470
2 0.294241 0.151048 0.032653 0.062664
1 0.155947 0.254708 0.048019 0.059858
1 0.160749 0.297263 0.046098 0.047699
1 0.169392 0.337480 0.040336 0.042088
1 0.083279 0.284636 0.037135 0.043023
1 0.060550 0.293522 0.049299 0.058923
1 0.098645 0.328595 0.047379 0.041152
1 0.022112 0.321112 0.044223 0.037411
1 0.041982 0.350106 0.037775 0.033670
1 0.014108 0.356185 0.028216 0.042088
2 0.068553 0.435372 0.051220 0.073887
1 0.168112 0.651889 0.059543 0.069211
2 0.074635 0.576132 0.042897 0.048634
1 0.065031 0.617752 0.037775 0.045829
1 0.044543 0.619155 0.039055 0.048634
1 0.498161 0.573793 0.061464 0.072016
1 0.663986 0.443322 0.040976 0.048634
1 0.665267 0.398896 0.038415 0.042088
1 0.603483 0.587823 0.053141 0.081369
1 0.696959 0.567714 0.041616 0.067340
1 0.670709 0.768331 0.048019 0.072016
1 0.736975 0.844557 0.046098 0.043023
1 0.738576 0.901609 0.046738 0.087916
1 0.506485 0.692574 0.033293 0.036476
1 0.514808 0.710344 0.034574 0.040217
1 0.481515 0.722970 0.033293 0.039282
1 0.504884 0.748223 0.039055 0.033670
1 0.457825 0.756640 0.055062 0.069211
1 0.285918 0.841751 0.037775 0.041152
1 0.309927 0.885709 0.032013 0.044893
1 0.296162 0.977460 0.055702 0.045080
1 0.402764 0.923588 0.033293 0.030864
1 0.401483 0.897868 0.032013 0.048634
1 0.420371 0.933408 0.041616 0.041152
1 0.439898 0.953984 0.023049 0.029929
1 0.436057 0.979237 0.033293 0.031799
1 0.467109 0.980172 0.036494 0.033670
1 0.170033 0.985877 0.044177 0.028245
1 0.042302 0.800131 0.055062 0.043958
1 0.336335 0.047980 0.055318 0.053535
1 0.365723 0.086364 0.038031 0.051515
1 0.508166 0.232323 0.050477 0.056566
1 0.476012 0.312121 0.044254 0.042424
1 0.459763 0.388889 0.032499 0.014141
1 0.450774 0.386364 0.040797 0.041414
1 0.455268 0.411616 0.033191 0.027273
1 0.466332 0.430808 0.041488 0.039394
1 0.482927 0.363131 0.030425 0.049495
2 0.822134 0.027883 0.041776 0.055766
1 0.751186 0.187816 0.049699 0.064184
1 0.777477 0.172559 0.041776 0.046296
1 0.943021 0.029461 0.046818 0.058922
1 0.890081 0.014731 0.043217 0.029461
1 0.873514 0.024726 0.036014 0.041035
1 0.905927 0.073653 0.028811 0.033670
1 0.877116 0.083123 0.025930 0.027357
1 0.903046 0.119949 0.046098 0.042088
1 0.908448 0.158880 0.036734 0.048401
1 0.912409 0.180450 0.040336 0.043140
1 0.860909 0.227799 0.033853 0.032618
1 0.871353 0.207281 0.066266 0.094697
1 0.827856 0.463973 0.049094 0.064646
1 0.942870 0.497811 0.025584 0.047475
1 0.976061 0.522559 0.047712 0.088889
1 0.941833 0.620034 0.056701 0.089899
1 0.992352 0.745286 0.015295 0.053535
1 0.854708 0.817508 0.042871 0.044444
1 0.855399 0.842256 0.049786 0.051515
1 0.858165 0.867508 0.037339 0.059596
1 0.918323 0.920539 0.042871 0.050505
1 0.934919 0.950842 0.034574 0.032323
1 0.888936 0.625084 0.032499 0.047475
1 0.866463 0.658923 0.042871 0.044444
1 0.855745 0.697811 0.036648 0.037374
1 0.795933 0.641246 0.037339 0.045455
1 0.820134 0.604714 0.042871 0.038384
1 0.818060 0.645623 0.030425 0.041414
1 0.814257 0.698653 0.026967 0.034343
1 0.880984 0.693098 0.041488 0.057576
1 0.879601 0.960438 0.040105 0.047475
1 0.910026 0.985017 0.051169 0.029966
1 0.954971 0.977946 0.033191 0.044108
1 0.983017 0.942761 0.033965 0.060606