2 0.497636 0.364618 0.028767 0.082928
2 0.595096 0.354635 0.022319 0.109035
2 0.587905 0.199529 0.016863 0.087535
2 0.511027 0.057476 0.011904 0.039928
2 0.498628 0.062083 0.036703 0.086000
2 0.650398 0.091261 0.030751 0.064500
2 0.662302 0.151922 0.024799 0.069107
2 0.644695 0.185707 0.021327 0.090607
2 0.628823 0.183404 0.024303 0.122857
2 0.572281 0.033345 0.042159 0.066690
2 0.493668 0.159600 0.035711 0.053750
2 0.510779 0.133493 0.030255 0.062964
2 0.527147 0.218725 0.034223 0.079857
2 0.559386 0.254814 0.025295 0.069107
2 0.607744 0.631575 0.034719 0.115178
2 0.632543 0.662289 0.024799 0.062964
2 0.634031 0.724485 0.025791 0.061428
2 0.575505 0.896485 0.025791 0.116714
2 0.543762 0.944092 0.019839 0.082928
2 0.537562 0.850414 0.035215 0.110571
2 0.549962 0.745985 0.021327 0.067571
2 0.494164 0.937949 0.025791 0.113642
2 0.452749 0.947931 0.027279 0.056821
2 0.527643 0.941020 0.024303 0.082928
2 0.473829 0.885735 0.028767 0.082928
2 0.480028 0.779771 0.036207 0.092143
2 0.453659 0.755200 0.032735 0.141285
2 0.426132 0.829681 0.040175 0.133607
2 0.409764 0.971278 0.039183 0.057444
2 0.741411 0.519980 0.027279 0.105964
2 0.723308 0.336463 0.038687 0.129000
2 0.795721 0.187499 0.025791 0.101357
2 0.750835 0.052285 0.043150 0.104570
2 0.836392 0.022339 0.021823 0.044678
2 0.805641 0.354891 0.023807 0.076785
2 0.825232 0.341070 0.022319 0.064500
2 0.846064 0.284249 0.021327 0.098285
2 0.866151 0.285017 0.018847 0.093678
2 0.884998 0.330320 0.025791 0.104428
2 0.907813 0.371784 0.017855 0.101357
2 0.920461 0.252767 0.016367 0.078321
2 0.855735 0.395588 0.021823 0.059893
2 0.823248 0.423230 0.026287 0.069107
2 0.818537 0.524587 0.023807 0.078321
2 0.837384 0.507694 0.011904 0.050678
2 0.848295 0.486962 0.016863 0.144357
2 0.845320 0.579105 0.017855 0.079857
2 0.813081 0.641301 0.014879 0.072178
2 0.811097 0.627480 0.027775 0.084464
2 0.835648 0.661265 0.018351 0.093678
2 0.822008 0.850925 0.024799 0.082928
2 0.936415 0.916193 0.028767 0.127464
2 0.347456 0.467359 0.038997 0.130535
2 0.241270 0.794241 0.049009 0.094638
2 0.247593 0.842376 0.026876 0.073426
2 0.212286 0.817901 0.027930 0.073426
2 0.259451 0.927224 0.033727 0.070163
2 0.330066 0.921513 0.023187 0.062004
2 0.332964 0.981153 0.044793 0.037694
2 0.212198 0.539425 0.028457 0.086480
2 0.173465 0.459473 0.041632 0.083216
1 0.265159 0.635695 0.023714 0.076689
2 0.034956 0.624273 0.031619 0.050582
2 0.092924 0.674856 0.032673 0.073426
1 0.047077 0.664250 0.032673 0.104428
1 0.127178 0.775205 0.042159 0.110955
1 0.102147 0.758888 0.023714 0.048951
1 0.005358 0.401004 0.010715 0.091375
2 0.126388 0.049102 0.027930 0.091375
1 0.127178 0.107027 0.028457 0.053846
2 0.052874 0.290593 0.025295 0.094638
2 0.013789 0.495370 0.027578 0.089743
2 0.202800 0.126064 0.036362 0.102797
2 0.242499 0.085815 0.027930 0.093006
2 0.268058 0.036049 0.022133 0.062004
2 0.277017 0.068683 0.021079 0.055477
2 0.268848 0.154346 0.024768 0.076689
2 0.238810 0.146188 0.023714 0.073426
2 0.290718 0.205745 0.027403 0.062004
2 0.202976 0.203297 0.028984 0.050582
2 0.313905 0.034417 0.030565 0.065268
2 0.352111 0.156794 0.033200 0.062004
2 0.375562 0.282162 0.020025 0.057109
1 0.423254 0.473070 0.027930 0.053846
1 0.471736 0.677303 0.025822 0.101165
1 0.551837 0.654460 0.034254 0.143589
1 0.699304 0.470894 0.027403 0.125640
1 0.748577 0.331385 0.022660 0.084848
1 0.697196 0.096421 0.027403 0.091375
1 0.134556 0.546768 0.026349 0.104428
1 0.371873 0.652828 0.021079 0.075058
1 0.350004 0.661802 0.017390 0.053846
1 0.351584 0.899213 0.024768 0.058741
1 0.281759 0.745834 0.020025 0.062004
2 0.982645 0.048558 0.025295 0.091375
2 0.913083 0.030806 0.038997 0.061612
2 0.888052 0.051006 0.024768 0.073426
2 0.928366 0.120353 0.031619 0.117482
2 0.901490 0.151355 0.033727 0.088111
1 0.235577 0.278886 0.028617 0.090188
1 0.029043 0.138066 0.022996 0.074366
1 0.011413 0.092972 0.019418 0.053796
1 0.051016 0.042340 0.025040 0.041138
1 0.649071 0.818959 0.026062 0.077530
1 0.532251 0.049777 0.035835 0.099554
1 0.544547 0.127837 0.042159 0.091375
1 0.164634 0.205361 0.022701 0.046189
1 0.075777 0.021849 0.038267 0.043698
0 0.723397 0.857033 0.012972 0.052214
0 0.672807 0.755444 0.012107 0.038826
0 0.676914 0.636289 0.011675 0.028115
0 0.683184 0.722643 0.011242 0.032132
0 0.802525 0.848492 0.012972 0.037487
0 0.671509 0.456217 0.015566 0.040165
0 0.912714 0.679800 0.014269 0.042842
0 0.971087 0.677123 0.011675 0.037487
0 0.305271 0.161006 0.009513 0.028115
0 0.020250 0.352458 0.006486 0.030793
0 0.091812 0.431449 0.009513 0.022760
1 0.061977 0.545695 0.021620 0.076313
0 0.151482 0.547703 0.008648 0.026776
1 0.411592 0.093649 0.026232 0.077354
1 0.615202 0.308307 0.014990 0.042545
1 0.933004 0.704425 0.025607 0.067685
1 0.852435 0.651244 0.015614 0.061883
1 0.906148 0.618369 0.021860 0.054148