2 0.293528 0.143382 0.084658 0.075980
2 0.184883 0.183824 0.194714 0.151961
2 0.115746 0.390931 0.146741 0.120098
2 0.395118 0.029412 0.095946 0.058824
2 0.537626 0.183824 0.110056 0.151961
2 0.667435 0.221814 0.138275 0.134804
2 0.877670 0.240196 0.135453 0.117647
2 0.500941 0.270833 0.115700 0.095588
2 0.587010 0.302696 0.107234 0.090686
2 0.403584 0.333333 0.095946 0.073529
2 0.436036 0.401961 0.087480 0.068627
2 0.358433 0.425245 0.124165 0.075980
2 0.310460 0.465686 0.141097 0.107843
0 0.450146 0.470588 0.121343 0.058824
2 0.423337 0.542892 0.118521 0.066176
2 0.318925 0.590686 0.118521 0.122549
2 0.572900 0.379902 0.062083 0.083333
2 0.531982 0.403186 0.115700 0.120098
2 0.644860 0.426471 0.104412 0.156863
2 0.732340 0.500000 0.115700 0.127451
2 0.563023 0.725490 0.121343 0.166667
2 0.835340 0.660539 0.107234 0.120098
2 0.838162 0.752451 0.090302 0.073529
2 0.771847 0.921569 0.087480 0.137255
2 0.931286 0.830882 0.129809 0.093137