2 0.628949 0.450980 0.063269 0.078431
2 0.789835 0.906863 0.095808 0.088235
1 0.353275 0.801471 0.108462 0.063725
1 0.863046 0.824755 0.148231 0.164216
0 0.383102 0.523284 0.027115 0.051471
0 0.461737 0.654412 0.032539 0.044118
0 0.249332 0.612745 0.030731 0.039216
0 0.328871 0.577206 0.034346 0.046569
0 0.033312 0.825980 0.028923 0.024510
0 0.078505 0.924020 0.032539 0.034314
0 0.739219 0.844363 0.030731 0.031863
0 0.713007 0.950980 0.028923 0.044118
0 0.639795 0.948529 0.027115 0.039216
0 0.671430 0.561275 0.039769 0.034314
0 0.718430 0.536765 0.047000 0.034314
0 0.610872 0.194853 0.027115 0.031863
0 0.572911 0.073529 0.019885 0.019608
0 0.557545 0.035539 0.054231 0.041667
0 0.400275 0.084559 0.025308 0.036765
0 0.504218 0.180147 0.034346 0.041667
0 0.512353 0.286765 0.018077 0.024510
0 0.472583 0.321078 0.032539 0.024510
0 0.121889 0.212010 0.036154 0.031863
0 0.200524 0.080882 0.027115 0.014706
0 0.163467 0.024510 0.021692 0.019608
0 0.779892 0.131127 0.032539 0.026961
0 0.937162 0.063725 0.036154 0.044118
0 0.884739 0.291667 0.018077 0.034314
0 0.853104 0.257353 0.023500 0.034314
0 0.828700 0.310049 0.028923 0.031863
0 0.593699 0.381127 0.021692 0.036765
0 0.845873 0.535539 0.023500 0.036765
0 0.860335 0.412990 0.027115 0.031863
0 0.912758 0.569853 0.027115 0.041667
0 0.918181 0.676471 0.023500 0.029412
0 0.985066 0.504902 0.023500 0.029412
0 0.980547 0.938725 0.014462 0.034314
0 0.051389 0.666667 0.021692 0.019608
0 0.040543 0.498775 0.047000 0.012255
0 0.064043 0.338235 0.032539 0.034314
0 0.014848 0.023284 0.029696 0.017157