1 0.077525 0.236107 0.042159 0.040398
1 0.239835 0.282185 0.037943 0.079533
1 0.348745 0.326580 0.028106 0.055547
1 0.354717 0.406744 0.024592 0.069433
1 0.127764 0.325949 0.021782 0.046710
1 0.142871 0.334786 0.019674 0.029036
1 0.107036 0.349304 0.026700 0.063121
1 0.024475 0.535301 0.023187 0.047972
1 0.045203 0.541613 0.022485 0.045447
1 0.046609 0.577803 0.025295 0.045447
1 0.169220 0.541823 0.048482 0.066908
1 0.181867 0.597370 0.023187 0.051759
1 0.335394 0.669328 0.039348 0.079533
1 0.041690 0.664278 0.021079 0.046710
1 0.056094 0.651023 0.023187 0.060596
1 0.071201 0.669959 0.035132 0.037873
1 0.084551 0.715407 0.044969 0.055547
1 0.121791 0.696470 0.044969 0.090894
1 0.142519 0.698364 0.027403 0.082057
1 0.184678 0.815769 0.024592 0.056809
1 0.113360 0.820188 0.037943 0.060596
1 0.056094 0.825237 0.031619 0.058071
1 0.076822 0.866266 0.015458 0.041660
1 0.057148 0.898458 0.029511 0.063121
1 0.129872 0.896564 0.034429 0.034085
1 0.148140 0.880784 0.014755 0.035348
1 0.163598 0.900352 0.030214 0.056809
1 0.183272 0.950849 0.024592 0.056809
1 0.295578 0.853642 0.039348 0.069433
1 0.397812 0.895933 0.030214 0.058071
1 0.560123 0.962842 0.038645 0.058071
1 0.604038 0.888359 0.025295 0.053022
1 0.625117 0.961579 0.022485 0.065646
1 0.659898 0.897827 0.034429 0.066908
1 0.670438 0.842911 0.027403 0.065646
1 0.714001 0.904770 0.027403 0.068171
1 0.650529 0.978832 0.020377 0.032823
1 0.678284 0.968102 0.036537 0.049234
1 0.733441 0.971889 0.024592 0.051759
1 0.806165 0.704466 0.049185 0.061438
1 0.816353 0.653548 0.023187 0.040398
1 0.825136 0.558866 0.025295 0.060596
1 0.940720 0.507107 0.041456 0.085845
1 0.552394 0.687844 0.030214 0.077008
1 0.638116 0.557183 0.033024 0.088370
1 0.588228 0.409900 0.041456 0.053022
1 0.732270 0.380864 0.042861 0.080795
1 0.534828 0.490064 0.042861 0.071958
1 0.561528 0.447773 0.027403 0.047972
1 0.586823 0.502688 0.035835 0.082057
1 0.557781 0.262828 0.025998 0.071958
1 0.559537 0.157416 0.033727 0.047972
1 0.619964 0.340467 0.033727 0.060596
1 0.602047 0.302594 0.034429 0.058071
1 0.643854 0.303857 0.028106 0.055547
1 0.795859 0.252729 0.023890 0.041660
1 0.818344 0.228743 0.026700 0.059334
1 0.776888 0.113020 0.019674 0.061859
1 0.704516 0.040431 0.029511 0.037873
1 0.654628 0.027807 0.033727 0.053022
1 0.612118 0.081460 0.020377 0.059334
1 0.626874 0.092822 0.021782 0.051759
1 0.625117 0.154049 0.036537 0.073221
1 0.692219 0.193815 0.038645 0.054284
1 0.678518 0.278398 0.033727 0.056809
1 0.672897 0.217170 0.033727 0.058071