2 0.096683 0.373811 0.043845 0.067711
2 0.472737 0.092194 0.040472 0.076944
2 0.686060 0.339955 0.045531 0.092333
2 0.278808 0.439983 0.050590 0.120033
2 0.975267 0.666200 0.037099 0.104644
2 0.521641 0.644656 0.037099 0.080022
2 0.035975 0.398433 0.043845 0.080022
2 0.710511 0.806239 0.050590 0.138500
1 0.130410 0.512311 0.030354 0.055400
1 0.084879 0.481533 0.023609 0.036933
1 0.105958 0.513850 0.018550 0.040011
1 0.127881 0.470761 0.028668 0.046167
1 0.444070 0.513850 0.023609 0.064633
1 0.702080 0.470761 0.020236 0.046167
1 0.846262 0.784695 0.045531 0.046167
1 0.965992 0.512311 0.052277 0.067711
1 0.910343 0.272244 0.038786 0.086178
1 0.688589 0.178372 0.030354 0.107722
2 0.843732 0.709289 0.043845 0.086178
1 0.893479 0.595411 0.038786 0.129267
0 0.988758 0.843172 0.020236 0.046167
0 0.739179 0.052183 0.013491 0.046167
0 0.761945 0.210689 0.015177 0.067711
0 0.842889 0.324567 0.015177 0.055400
0 0.537662 0.767767 0.011804 0.030778
0 0.513210 0.795467 0.013491 0.036933
0 0.543564 0.913961 0.020236 0.027700
0 0.562957 0.958589 0.018550 0.043089
0 0.541877 0.964745 0.023609 0.043089
0 0.659921 0.958589 0.013491 0.043089
0 0.666667 0.913961 0.023609 0.046167
0 0.675098 0.878567 0.020236 0.055400
0 0.776279 0.909345 0.030354 0.030778
0 0.824339 0.963206 0.021922 0.046167
0 0.444913 0.909345 0.015177 0.043089
0 0.393479 0.944739 0.010118 0.040011
0 0.313378 0.847789 0.021922 0.030778
0 0.320967 0.921656 0.020236 0.036933
0 0.353007 0.900111 0.020236 0.036933
0 0.221473 0.780078 0.023609 0.043089
0 0.186903 0.963206 0.018550 0.040011
0 0.297358 0.595411 0.030354 0.067711
0 0.390107 0.587717 0.023609 0.046167
0 0.483699 0.603106 0.011804 0.021544
0 0.541877 0.363039 0.016863 0.040011
0 0.154862 0.121433 0.021922 0.030778
0 0.165823 0.416900 0.013491 0.043089
0 0.056211 0.175294 0.016863 0.027700
0 0.106802 0.139900 0.013491 0.030778
0 0.120292 0.066033 0.013491 0.030778
0 0.224845 0.022944 0.010118 0.018467
0 0.289769 0.079883 0.015177 0.040011
0 0.534289 0.032178 0.011804 0.024622
0 0.799044 0.212228 0.011804 0.040011
0 0.814221 0.196839 0.015177 0.040011
0 0.938167 0.067572 0.020236 0.040011
0 0.862282 0.367655 0.010118 0.018467
0 0.886734 0.326105 0.018550 0.040011
0 0.659078 0.450756 0.021922 0.043089
0 0.658235 0.587717 0.013491 0.021544
0 0.826869 0.509233 0.026981 0.043089