1 0.148117 0.207348 0.109612 0.119391
1 0.225689 0.141828 0.109612 0.209661
1 0.111017 0.446129 0.082631 0.131038
1 0.132097 0.581535 0.074199 0.081535
1 0.148960 0.674718 0.070826 0.081535
1 0.213041 0.834876 0.087690 0.110655
1 0.363125 0.871276 0.064081 0.084447
1 0.305790 0.695102 0.064081 0.116479
1 0.408657 0.783917 0.053963 0.125214
1 0.639685 0.927630 0.118044 0.144740
1 0.474424 0.714029 0.114671 0.125214
1 0.476953 0.601919 0.099494 0.1223032
1 0.586565 0.566975 0.086003 0.110655
1 0.648117 0.517472 0.067454 0.174718
1 0.637156 0.297618 0.055649 0.090271
1 0.826026 0.350034 0.079258 0.131038
1 0.866498 0.470880 0.139966 0.180542
1 0.897695 0.632494 0.101180 0.171806
1 0.643901 0.137460 0.079258 0.125214
1 0.491287 0.150564 0.114671 0.186366
1 0.511523 0.284515 0.064081 0.145598
1 0.225689 0.501456 0.096121 0.101919
1 0.172569 0.540768 0.060708 0.151422
1 0.256886 0.588815 0.060708 0.171806
1 0.276279 0.451953 0.069140 0.125214
1 0.317594 0.355858 0.087690 0.136862
1 0.361439 0.411185 0.067454 0.131038
1 0.354694 0.500000 0.047218 0.093183
1 0.351321 0.610655 0.080944 0.093183
1 0.319280 0.578623 0.077572 0.122303
2 0.705452 0.387889 0.047218 0.113567
2 0.672569 0.791196 0.062395 0.104831
2 0.281338 0.788285 0.069140 0.110655