0 0.071875 0.345696 0.034375 0.042358
0 0.260156 0.378977 0.039063 0.040341
0 0.092188 0.486889 0.031250 0.042358
0 0.034375 0.463693 0.028125 0.040341
0 0.203125 0.504034 0.028125 0.040341
0 0.242969 0.503026 0.026563 0.042358
0 0.308594 0.508068 0.029687 0.040341
0 0.135938 0.592784 0.031250 0.040341
0 0.087500 0.692628 0.028125 0.034290
0 0.046875 0.988011 0.034375 0.023977
0 0.310937 0.668423 0.028125 0.034290
0 0.297656 0.703722 0.035938 0.036307
0 0.313281 0.246861 0.023438 0.034290
0 0.352344 0.102642 0.035938 0.044375
0 0.345313 0.220639 0.028125 0.034290
0 0.358594 0.258963 0.035938 0.038324
0 0.389844 0.405199 0.032813 0.040341
0 0.529687 0.368892 0.028125 0.044375
0 0.596094 0.540341 0.035938 0.040341
0 0.675000 0.441506 0.034375 0.044375
0 0.735156 0.379986 0.032813 0.042358
0 0.601563 0.403182 0.037500 0.044375
0 0.861719 0.134915 0.035938 0.036307
0 0.972656 0.159119 0.035938 0.044375
0 0.885156 0.202486 0.029687 0.042358
0 0.907813 0.215597 0.031250 0.044375
0 0.925781 0.286193 0.032813 0.040341
0 0.953125 0.375952 0.028125 0.034290
0 0.682813 0.565554 0.037500 0.046392
0 0.602344 0.684560 0.032813 0.042358
0 0.546094 0.720866 0.026563 0.034290
0 0.596094 0.805582 0.035938 0.046392
0 0.624219 0.852983 0.035938 0.044375
0 0.738281 0.932656 0.026563 0.038324
0 0.888281 0.821719 0.029687 0.038324
0 0.900000 0.898366 0.031250 0.042358
0 0.473437 0.852983 0.028125 0.028239
0 0.502344 0.860043 0.032813 0.050426
0 0.476563 0.882230 0.028125 0.034290
0 0.275000 0.922571 0.034375 0.046392
0 0.544531 0.920554 0.032813 0.034290
0 0.660156 0.955852 0.020313 0.032273
0 0.678906 0.946776 0.029687 0.046392
0 0.838281 0.408224 0.029687 0.038324
0 0.325000 0.964929 0.025000 0.034290
0 0.419531 0.988011 0.039063 0.023977
1 0.510937 0.648253 0.071875 0.147244
1 0.292969 0.971875 0.139063 0.056250
1 0.643750 0.175256 0.137500 0.125057
0 0.577446 0.165211 0.021739 0.030694
0 0.596467 0.202921 0.020380 0.023678
0 0.608356 0.223530 0.016984 0.031571
0 0.668139 0.219584 0.023777 0.034202
0 0.955636 0.267538 0.015067 0.032417
0 0.970982 0.268618 0.017857 0.036019
0 0.832031 0.705525 0.024554 0.032417
0 0.761719 0.867248 0.022321 0.027374
0 0.754185 0.835912 0.022879 0.030976
0 0.775112 0.845637 0.023437 0.027374
0 0.734375 0.797372 0.022321 0.034578
0 0.807478 0.822945 0.025670 0.029535
0 0.823661 0.740823 0.025670 0.038180
0 0.778739 0.735780 0.030692 0.036739
0 0.776786 0.816462 0.023437 0.030976
0 0.812500 0.790529 0.029018 0.032417
0 0.786272 0.771439 0.018973 0.034578
0 0.766462 0.771439 0.020647 0.041782
0 0.753069 0.786927 0.020647 0.039621
1 0.777344 0.769278 0.128348 0.178653