2 0.131905 0.024767 0.033199 0.028166
2 0.256399 0.029138 0.027665 0.021368
2 0.122683 0.060703 0.029510 0.045649
2 0.344918 0.108456 0.029510 0.034318
2 0.405782 0.133061 0.035658 0.042088
2 0.461421 0.248209 0.026436 0.046620
2 0.307723 0.321052 0.038732 0.038203
2 0.067546 0.580053 0.042420 0.039498
2 0.116729 0.103924 0.025206 0.033023
2 0.109352 0.030109 0.028895 0.025253
2 0.135173 0.107809 0.023977 0.023958
1 0.176671 0.100686 0.036887 0.021368
1 0.162838 0.012303 0.041191 0.024605
1 0.153924 0.069283 0.020903 0.024605
1 0.181897 0.058599 0.023977 0.026548
1 0.267352 0.204934 0.053487 0.039498
1 0.251060 0.052448 0.029510 0.029785
1 0.148698 0.044030 0.021518 0.023310
1 0.385392 0.169969 0.039961 0.022663
1 0.356497 0.059894 0.065782 0.040793
1 0.510501 0.209359 0.056561 0.054390
1 0.381703 0.198675 0.028895 0.027843
1 0.551692 0.269037 0.035658 0.039498
2 0.583969 0.299793 0.033813 0.047915
2 0.594420 0.376845 0.033813 0.044030
2 0.399839 0.389795 0.019673 0.028490
2 0.385699 0.377493 0.023362 0.038850
2 0.414287 0.400803 0.022747 0.023310
2 0.426583 0.385587 0.012911 0.013598
1 0.601080 0.405335 0.035658 0.028490
2 0.693299 0.396918 0.029510 0.037555
2 0.663481 0.471380 0.030125 0.037555
1 0.637968 0.428645 0.039346 0.044030
1 0.689917 0.449365 0.028895 0.031080
1 0.739510 0.542174 0.039961 0.038850
1 0.747195 0.343931 0.067627 0.041656
1 0.733670 0.306915 0.035658 0.044030
1 0.874764 0.353751 0.023977 0.040145
1 0.886752 0.264504 0.022132 0.026548
1 0.714611 0.213891 0.027051 0.025900
1 0.623930 0.066261 0.023977 0.028490
1 0.821892 0.087305 0.033813 0.029138
2 0.642271 0.010360 0.035658 0.018130
1 0.725575 0.014245 0.041191 0.028490
2 0.721271 0.126263 0.042420 0.034965
2 0.694528 0.188099 0.044265 0.029138
2 0.804883 0.114931 0.031354 0.034318
2 0.783673 0.302383 0.033199 0.027195
2 0.872407 0.301088 0.045904 0.034965
1 0.906425 0.291375 0.017214 0.020720
2 0.959707 0.346737 0.041806 0.033023
2 0.961551 0.382025 0.052872 0.025900
1 0.922512 0.625809 0.048568 0.047268
1 0.988602 0.390443 0.020903 0.032375
1 0.908065 0.460373 0.030739 0.037555
1 0.737666 0.636385 0.026436 0.016188
1 0.764717 0.651602 0.025206 0.019425
2 0.838799 0.596240 0.051642 0.049858
2 0.865952 0.692502 0.038732 0.039498
2 0.723013 0.698653 0.049183 0.034965
2 0.639607 0.682466 0.039346 0.029785
2 0.532429 0.865277 0.036887 0.029785
2 0.558865 0.741928 0.054101 0.048563
1 0.785927 0.816714 0.039346 0.028490
1 0.899458 0.822218 0.038117 0.043383
2 0.647599 0.979906 0.028280 0.040188
1 0.330778 0.853298 0.040576 0.042088
1 0.321966 0.986359 0.047134 0.024605
2 0.179540 0.770094 0.031969 0.028490
1 0.182307 0.803440 0.033813 0.031728
1 0.169089 0.866248 0.029510 0.025253
1 0.082403 0.834520 0.027051 0.036908
1 0.051971 0.846175 0.020288 0.031728
1 0.019377 0.797181 0.038753 0.039498
1 0.155256 0.534404 0.035043 0.031080
1 0.175236 0.555124 0.036887 0.033670
1 0.224112 0.533109 0.043650 0.044030
2 0.110684 0.715920 0.034428 0.047915
2 0.327089 0.646314 0.040576 0.057628
1 0.401643 0.696387 0.045187 0.075758
1 0.528905 0.585664 0.041498 0.040793
1 0.918527 0.973679 0.049798 0.047591
1 0.929132 0.088384 0.056253 0.046620
2 0.389501 0.579675 0.029510 0.047591
1 0.461893 0.658832 0.037810 0.029138