1 0.112215 0.143434 0.060332 0.066667
1 0.085401 0.181818 0.033518 0.048485
1 0.127059 0.195960 0.065120 0.068687
2 0.165844 0.138889 0.087146 0.085859
1 0.218993 0.117172 0.049798 0.064646
1 0.250117 0.212121 0.043094 0.125253
2 0.273101 0.135354 0.048840 0.082828
2 0.312364 0.126263 0.037348 0.078788
2 0.267355 0.367677 0.087146 0.072727
1 0.260172 0.088889 0.038306 0.034343
1 0.145733 0.375758 0.075654 0.044444
1 0.326729 0.225758 0.037348 0.083838
1 0.345882 0.263131 0.033518 0.029293
1 0.336784 0.156061 0.024899 0.021212
1 0.388019 0.139899 0.163758 0.051515
1 0.428240 0.208081 0.108214 0.088889
1 0.488093 0.225253 0.053628 0.062626
1 0.380836 0.292929 0.049798 0.032323
1 0.380357 0.285859 0.115876 0.103030
1 0.404139 0.023232 0.040221 0.046464
1 0.428559 0.081313 0.089061 0.097980
1 0.487933 0.012121 0.100553 0.024242
1 0.482188 0.022222 0.048840 0.036364
1 0.516184 0.038384 0.082358 0.052525
1 0.555927 0.053535 0.048840 0.030303
1 0.528155 0.048990 0.054586 0.069697
1 0.544914 0.100505 0.080443 0.053535
2 0.530070 0.184848 0.075654 0.058586
2 0.659353 0.302525 0.087146 0.051515
2 0.638763 0.023232 0.063205 0.046464
2 0.704841 0.018182 0.061290 0.036364
2 0.679942 0.062121 0.053628 0.059596
2 0.789114 0.091919 0.057459 0.038384
2 0.725910 0.101515 0.044052 0.055556
2 0.714418 0.164141 0.053628 0.061616
2 0.915684 0.078283 0.052671 0.051515
2 0.882166 0.123232 0.041179 0.036364
2 0.862534 0.022222 0.084273 0.044444
1 0.882645 0.094444 0.036391 0.027273
1 0.845775 0.391414 0.023941 0.023232
2 0.775388 0.483838 0.067036 0.052525
2 0.876899 0.474747 0.068951 0.066667
2 0.866844 0.402020 0.046925 0.068687
2 0.900840 0.345455 0.034475 0.048485
2 0.841466 0.177778 0.038306 0.072727
2 0.771079 0.213131 0.037348 0.030303
2 0.739955 0.273737 0.051713 0.050505
2 0.929570 0.020707 0.042137 0.041414
2 0.986332 0.241751 0.027336 0.068687
2 0.893179 0.871044 0.042137 0.026263
2 0.911375 0.899327 0.053628 0.042424
2 0.942977 0.931145 0.026814 0.071717
2 0.981762 0.920034 0.027772 0.043434
2 0.909938 0.934680 0.039264 0.056566
2 0.842424 0.899327 0.059374 0.054545
2 0.839551 0.935690 0.045967 0.046465
2 0.765812 0.953872 0.059374 0.058586
2 0.866844 0.987037 0.066078 0.025926
2 0.827101 0.957912 0.047883 0.050505
2 0.806991 0.986532 0.045967 0.026936
1 0.806033 0.981987 0.090019 0.036026
1 0.885039 0.718519 0.085231 0.080808
1 0.930528 0.754377 0.109172 0.061616
1 0.360087 0.433838 0.057459 0.071717
2 0.387380 0.502525 0.052671 0.095960
2 0.320824 0.437879 0.059374 0.093939
2 0.130251 0.497980 0.080443 0.054545
2 0.100085 0.621549 0.069908 0.064646
2 0.056991 0.676094 0.079485 0.044444
2 0.022037 0.596296 0.044052 0.038384
1 0.017243 0.572559 0.034486 0.037374
1 0.124984 0.582155 0.079485 0.064646
1 0.239423 0.591246 0.067036 0.054545
1 0.179570 0.650842 0.102469 0.054545
1 0.107268 0.668013 0.034475 0.048485
1 0.185795 0.707407 0.065120 0.082828
2 0.070877 0.795286 0.072781 0.068687
2 0.228889 0.814478 0.101511 0.074747
2 0.320824 0.841751 0.093850 0.096970
1 0.021074 0.878620 0.042147 0.037374
1 0.016764 0.714983 0.033528 0.057576
1 0.019158 0.933670 0.038316 0.052525
1 0.010540 0.978620 0.021079 0.029293
1 0.032092 0.985522 0.037348 0.028956
1 0.162811 0.976094 0.045967 0.034343
1 0.285869 0.872054 0.077570 0.062626
1 0.305022 0.759933 0.106299 0.050505
1 0.335188 0.755387 0.042137 0.071717
1 0.346680 0.697306 0.042137 0.044444
1 0.376367 0.640741 0.055544 0.054545
1 0.370621 0.940236 0.055544 0.051515
1 0.471175 0.976936 0.095765 0.046128
2 0.321941 0.942761 0.077570 0.086869
2 0.399510 0.968519 0.048840 0.053535
2 0.620249 0.208586 0.047883 0.049495
2 0.639881 0.246465 0.035433 0.036364
1 0.584816 0.028788 0.080443 0.057576
1 0.595350 0.053030 0.059374 0.065657
2 0.614024 0.083333 0.058417 0.051515
1 0.606363 0.134343 0.077570 0.066667
1 0.640359 0.121717 0.042137 0.067677
1 0.677708 0.128788 0.063205 0.083838
1 0.546989 0.140404 0.119706 0.038384
1 0.551298 0.226768 0.068951 0.047475
1 0.512992 0.222222 0.045967 0.044444
1 0.555607 0.280808 0.064163 0.084848
1 0.591041 0.174242 0.062247 0.077778
1 0.699255 0.227273 0.087146 0.109091
1 0.790232 0.010101 0.104384 0.020202
1 0.791189 0.037374 0.079485 0.054545
1 0.842903 0.060101 0.119706 0.061616
2 0.757123 0.141803 0.040516 0.040145
1 0.825878 0.120759 0.056477 0.073168
1 0.778916 0.172883 0.028852 0.028490
1 0.785055 0.168998 0.054635 0.060865
1 0.952030 0.069283 0.049724 0.047915
2 0.969832 0.126586 0.031308 0.052448
1 0.915811 0.122701 0.074279 0.083528
1 0.889721 0.186480 0.063843 0.085470
1 0.931465 0.185185 0.071210 0.015540
1 0.972792 0.169321 0.054416 0.057628
1 0.935762 0.209682 0.054021 0.040793
1 0.749143 0.231697 0.056477 0.031728
1 0.803778 0.241410 0.058932 0.074463
1 0.803164 0.305189 0.047883 0.054390
1 0.842146 0.343067 0.064457 0.053743
1 0.852582 0.282850 0.069368 0.082233
1 0.873760 0.269900 0.074893 0.110723
1 0.935455 0.267634 0.064457 0.063455
1 0.931772 0.377385 0.065685 0.047268
1 0.980882 0.305512 0.031308 0.040793
1 0.982307 0.482928 0.035386 0.060218
1 0.952337 0.536023 0.090854 0.114608
2 0.981803 0.605629 0.035605 0.054390
2 0.961238 0.698222 0.047269 0.051800
2 0.825264 0.731892 0.067527 0.041440
2 0.729806 0.757468 0.039902 0.034318
2 0.760500 0.743870 0.037447 0.030433
2 0.795184 0.781102 0.050338 0.029785
2 0.793342 0.754230 0.045427 0.026548
1 0.988446 0.649012 0.023108 0.054390
2 0.987021 0.692718 0.021486 0.036908
2 0.691439 0.808836 0.034377 0.033023
1 0.689904 0.788116 0.060774 0.027843
1 0.885424 0.816390 0.040516 0.057628
1 0.843373 0.827722 0.063229 0.044030
1 0.948347 0.865600 0.050952 0.034318
1 0.988139 0.866572 0.023722 0.050505
1 0.831914 0.880817 0.097607 0.055685
1 0.796002 0.908983 0.051566 0.038203
1 0.964512 0.976971 0.041130 0.036908
1 0.991004 0.966287 0.017992 0.031080
1 0.982621 0.987352 0.034377 0.025296
1 0.718449 0.929379 0.051566 0.054390
1 0.684379 0.941034 0.038674 0.044030
1 0.722746 0.952366 0.042971 0.088708
1 0.678547 0.975028 0.056477 0.023958
1 0.599561 0.982820 0.105587 0.034360
1 0.661256 0.982798 0.055863 0.022663
2 0.573472 0.899271 0.044813 0.036908
2 0.616750 0.913516 0.054021 0.030433
2 0.670771 0.879198 0.051566 0.047268
2 0.668623 0.846499 0.046041 0.020720
2 0.733080 0.826750 0.042358 0.039498
2 0.528147 0.876284 0.042971 0.041440
2 0.504206 0.911573 0.052794 0.036908
2 0.485482 0.847470 0.041130 0.044678
1 0.625140 0.946214 0.116637 0.042735
2 0.668725 0.816930 0.035605 0.029785
2 0.662279 0.772252 0.038674 0.028490
2 0.734103 0.798800 0.028852 0.044030
2 0.537355 0.587067 0.045427 0.040145
2 0.584624 0.587067 0.035605 0.036260
2 0.603961 0.619119 0.037447 0.020073
2 0.423992 0.675235 0.049110 0.040793
2 0.469419 0.680739 0.054021 0.036260
2 0.433814 0.750993 0.047883 0.030433
2 0.581304 0.458754 0.059374 0.039394
1 0.542471 0.481956 0.062616 0.032375
1 0.518223 0.517245 0.054635 0.036908
1 0.533876 0.536994 0.052794 0.049210
1 0.569481 0.539584 0.038060 0.031080
1 0.587284 0.507209 0.058932 0.025900
1 0.637622 0.515626 0.041744 0.040145
1 0.608770 0.493611 0.076121 0.047915
1 0.659415 0.559333 0.065685 0.051153
1 0.617364 0.539260 0.060160 0.043383
1 0.602017 0.566995 0.044199 0.058275
1 0.639770 0.589981 0.063229 0.036908
1 0.708218 0.601960 0.042971 0.042735
1 0.664939 0.614910 0.043585 0.029785
2 0.624117 0.638004 0.051566 0.032375
2 0.671999 0.652249 0.029466 0.036260
1 0.719268 0.637356 0.072438 0.027195
1 0.736763 0.652573 0.033763 0.040793
1 0.703000 0.665847 0.052180 0.042735
1 0.652969 0.678797 0.045427 0.042735
2 0.608770 0.672969 0.065071 0.032375
2 0.598027 0.651602 0.052180 0.022015
2 0.462053 0.649012 0.051566 0.031080
1 0.501955 0.641889 0.035605 0.050505
2 0.480469 0.730597 0.054021 0.034965
1 0.525282 0.688185 0.069982 0.042088
1 0.603245 0.712143 0.071210 0.045973
1 0.640384 0.712467 0.054635 0.040145
1 0.685811 0.753907 0.057091 0.042735
1 0.685811 0.711819 0.049724 0.053095
2 0.375700 0.809592 0.066299 0.053095
1 0.436781 0.837110 0.044813 0.069283
1 0.425731 0.818333 0.060774 0.106838
1 0.473000 0.796642 0.058318 0.045325
1 0.510447 0.837434 0.030080 0.036260
1 0.506763 0.765885 0.032536 0.064103
1 0.522110 0.729625 0.033763 0.039498
1 0.557408 0.765562 0.046655 0.040145
1 0.578280 0.745165 0.058932 0.065398
1 0.539299 0.806678 0.043585 0.033023
1 0.554032 0.848118 0.034991 0.036908
1 0.387364 0.771389 0.030694 0.025900
1 0.625856 0.768799 0.037447 0.066045
2 0.562626 0.819304 0.048496 0.028490
2 0.567844 0.854593 0.042971 0.035613
1 0.606826 0.841643 0.030080 0.060218
1 0.593320 0.795670 0.071824 0.029138