1 0.116741 0.047980 0.087947 0.065657
2 0.142607 0.087121 0.103467 0.103535
2 0.132261 0.190657 0.124161 0.108586
2 0.334021 0.286616 0.113814 0.058081
2 0.278408 0.335859 0.090534 0.090909
2 0.477582 0.258838 0.116400 0.083333
2 0.393515 0.345960 0.129334 0.090909
2 0.581049 0.297980 0.090534 0.101010
2 0.403862 0.896465 0.118987 0.065657
2 0.419382 0.823232 0.098294 0.055556
2 0.517676 0.929293 0.062080 0.060606
2 0.680636 0.967172 0.108640 0.065656
2 0.882397 0.938131 0.165547 0.123737
1 0.878517 0.978535 0.038800 0.042929
1 0.566822 0.838384 0.129334 0.131313
1 0.705210 0.904040 0.085360 0.090909
1 0.472409 0.949495 0.038800 0.050505
1 0.612089 0.978535 0.049147 0.042929
1 0.209861 0.266414 0.093120 0.108586
1 0.372822 0.101010 0.181067 0.181818
1 0.462062 0.410354 0.126747 0.083333
1 0.515089 0.356061 0.144854 0.126263
1 0.182701 0.354798 0.116400 0.143939
1 0.304956 0.422191 0.079217 0.064710
1 0.237864 0.467961 0.084067 0.083649
1 0.249989 0.548453 0.088917 0.033144
1 0.262114 0.635259 0.126101 0.077336
1 0.321931 0.538194 0.109934 0.069444
1 0.374472 0.511364 0.114784 0.271465
1 0.445606 0.478220 0.092150 0.053662
1 0.479556 0.544508 0.085684 0.072601
1 0.579790 0.636048 0.111550 0.075758
1 0.545032 0.586332 0.090534 0.105745
1 0.469856 0.624211 0.079217 0.083649
1 0.532906 0.700758 0.127717 0.113636
1 0.308728 0.724432 0.121251 0.116793