2 0.131748 0.580882 0.063986 0.063725
1 0.842591 0.229167 0.069985 0.154412
1 0.136747 0.502451 0.093979 0.083333
1 0.703622 0.867647 0.087981 0.147059
0 0.685626 0.851716 0.011997 0.031863
0 0.709621 0.877451 0.027994 0.039216
0 0.712620 0.835784 0.017996 0.063725
0 0.833593 0.736520 0.027994 0.041667
0 0.821596 0.443627 0.023995 0.053922
0 0.908577 0.421569 0.025994 0.019608
0 0.989781 0.500000 0.020438 0.039216
0 0.719618 0.485294 0.023995 0.029412
0 0.794602 0.578431 0.025994 0.029412
0 0.547656 0.852941 0.035992 0.039216
0 0.509665 0.761029 0.031993 0.031863
0 0.511664 0.426471 0.031993 0.019608
0 0.505665 0.458333 0.019996 0.014706
0 0.753611 0.096814 0.019996 0.031863
0 0.658632 0.017157 0.025994 0.029412
0 0.293712 0.041667 0.023995 0.044118
0 0.401688 0.148284 0.027994 0.026961
0 0.283714 0.422794 0.023995 0.026961
0 0.286714 0.459559 0.029993 0.041667
0 0.161741 0.650735 0.023995 0.026961
0 0.120750 0.856618 0.053988 0.036765
1 0.715619 0.398284 0.087981 0.056373