2 0.481127 0.080906 0.072974 0.045307
2 0.502516 0.146440 0.145949 0.101942
2 0.629593 0.144822 0.113236 0.066343
2 0.258429 0.307443 0.100654 0.110032
2 0.116255 0.341424 0.108203 0.055016
2 0.503775 0.414239 0.108203 0.058252
2 0.664822 0.427184 0.108203 0.058252
2 0.604429 0.394822 0.108203 0.077670
2 0.576749 0.340615 0.128334 0.072816
2 0.179164 0.550162 0.118269 0.058252
2 0.172873 0.695793 0.090589 0.061489
2 0.199295 0.761327 0.093105 0.066343
2 0.298691 0.648867 0.110720 0.074434
2 0.697534 0.648058 0.062909 0.056634
2 0.830901 0.741909 0.093105 0.050162
2 0.760947 0.628641 0.062909 0.042611
1 0.832663 0.627023 0.082201 0.108414
1 0.811274 0.703074 0.138400 0.060949
1 0.789046 0.766181 0.104010 0.045847
1 0.547811 0.745146 0.100654 0.105178
1 0.632109 0.911003 0.163563 0.087379
2 0.795672 0.981392 0.098138 0.037216
1 0.088575 0.733819 0.083040 0.066343
1 0.578007 0.498382 0.085556 0.090615
1 0.193004 0.343851 0.080524 0.076052
1 0.711374 0.094660 0.125818 0.063107
2 0.588073 0.064725 0.090589 0.080906
1 0.546553 0.033172 0.108203 0.056634
1 0.113739 0.776699 0.118269 0.071197
1 0.223200 0.809061 0.115753 0.080906
0 0.308757 0.574434 0.035229 0.022654
0 0.658301 0.349655 0.030634 0.019699