1 0.472680 0.165441 0.131135 0.125000
1 0.590404 0.448529 0.175841 0.112745
1 0.386250 0.351716 0.131135 0.149510
1 0.424994 0.832108 0.160939 0.129902
1 0.891419 0.830882 0.157959 0.181373
1 0.438406 0.577206 0.181801 0.080882
1 0.331113 0.502451 0.128155 0.073529
1 0.438406 0.514706 0.110273 0.088235
1 0.271506 0.594363 0.163919 0.095588
1 0.278957 0.683824 0.101332 0.083333
1 0.085235 0.600490 0.065568 0.117647
1 0.161234 0.666667 0.116234 0.112745
1 0.192527 0.762255 0.160939 0.112745
1 0.213390 0.844363 0.137096 0.090686
2 0.054539 0.720588 0.109077 0.117647