2 0.169475 0.388480 0.111727 0.095588
2 0.226608 0.210784 0.119344 0.117647
2 0.323099 0.121324 0.124423 0.085784
2 0.641774 0.113971 0.101570 0.085784
2 0.678593 0.243873 0.144737 0.169118
2 0.673515 0.397059 0.119344 0.102941
2 0.342144 0.487745 0.132041 0.161765
2 0.486881 0.520833 0.086334 0.090686
2 0.040301 0.617647 0.080602 0.078431
2 0.245652 0.748775 0.101570 0.080882
2 0.218990 0.840686 0.093952 0.102941
2 0.199946 0.932598 0.091413 0.085784
2 0.556710 0.784314 0.159972 0.098039
2 0.621460 0.627451 0.111727 0.176471
2 0.773815 0.775735 0.101570 0.129902
2 0.880463 0.672794 0.121884 0.149510
2 0.637965 0.879902 0.149815 0.117647