2 0.155705 0.144622 0.074199 0.189897
2 0.210511 0.194809 0.065767 0.105800
2 0.261945 0.179889 0.057336 0.086810
2 0.477796 0.399626 0.050590 0.108512
2 0.515739 0.337231 0.059022 0.097661
2 0.493817 0.201591 0.065767 0.097661
2 0.560427 0.205660 0.094435 0.132928
2 0.537662 0.529841 0.055649 0.092236
2 0.300731 0.418616 0.114671 0.119364
2 0.458404 0.768568 0.092749 0.124789
2 0.135469 0.948035 0.128162 0.103930
2 0.057067 0.140135 0.063788 0.079025
2 0.102525 0.216212 0.035926 0.087282
1 0.251973 0.293468 0.082117 0.067230
1 0.136496 0.271647 0.053523 0.117948
1 0.191852 0.300545 0.074786 0.123846
1 0.305863 0.020431 0.088716 0.040862
1 0.304885 0.194981 0.057922 0.077846
1 0.437308 0.270194 0.061425 0.152784
1 0.634455 0.341827 0.089449 0.088461
1 0.591930 0.476288 0.092382 0.116769
1 0.587531 0.656159 0.077718 0.082564
1 0.545739 0.722210 0.073319 0.073128
1 0.491849 0.603672 0.071120 0.121487
1 0.707041 0.609569 0.121710 0.180461
1 0.778212 0.896183 0.065885 0.178102
1 0.863313 0.234306 0.067454 0.126598
1 0.777590 0.094546 0.101180 0.189092
1 0.882987 0.392553 0.118044 0.198939
1 0.564690 0.815676 0.139123 0.119816
1 0.717866 0.909533 0.161608 0.180933
1 0.218287 0.644995 0.073075 0.144683
1 0.052230 0.626909 0.104459 0.094948
0 0.161373 0.597521 0.026700 0.045213
0 0.212666 0.386148 0.028106 0.042953
0 0.383408 0.323979 0.023890 0.067820
0 0.431188 0.685687 0.029511 0.054256
0 0.494426 0.521788 0.023890 0.051996
0 0.569608 0.399712 0.022485 0.038431
0 0.708731 0.119388 0.033727 0.051996
0 0.543611 0.115997 0.037943 0.045213
0 0.748079 0.277635 0.039348 0.061038
0 0.815533 0.745595 0.022485 0.056517
0 0.835207 0.812285 0.028106 0.049735
0 0.623009 0.908363 0.019674 0.056517
0 0.741756 0.943404 0.035132 0.049735
1 0.679923 0.698121 0.046374 0.088166