0 0.178471 0.032056 0.021079 0.022035
0 0.121791 0.062905 0.021079 0.024238
0 0.173084 0.070066 0.011242 0.025340
0 0.178705 0.110830 0.012648 0.025340
0 0.078930 0.129560 0.022485 0.036357
0 0.090172 0.201172 0.019674 0.029747
0 0.011125 0.071719 0.010540 0.022035
0 0.005738 0.255708 0.011476 0.033052
0 0.066634 0.289861 0.018971 0.030848
0 0.020962 0.346050 0.013350 0.019831
0 0.036069 0.398382 0.012648 0.025340
0 0.108441 0.343846 0.016863 0.026442
0 0.128115 0.389017 0.019674 0.028645
0 0.228593 0.144984 0.018269 0.027543
0 0.270751 0.176934 0.012648 0.025340
1 0.246159 0.228164 0.039348 0.072714
1 0.333989 0.236978 0.051996 0.110173
0 0.296046 0.231470 0.018269 0.028645
0 0.269346 0.266725 0.018269 0.024238
0 0.328368 0.304184 0.015458 0.019831
0 0.198731 0.343846 0.020377 0.024238
0 0.221215 0.359821 0.011945 0.020933
0 0.279886 0.332829 0.014053 0.033052
1 0.172733 0.016028 0.052698 0.032056
0 0.305883 0.112483 0.016863 0.024238
0 0.325557 0.113034 0.015458 0.018729
0 0.393714 0.198785 0.016863 0.030848
0 0.370878 0.231837 0.007729 0.017628
0 0.393714 0.060518 0.011242 0.020933
0 0.480139 0.048950 0.009837 0.017628
0 0.505082 0.037382 0.013350 0.025340
1 0.445358 0.037382 0.061130 0.062799
2 0.473112 0.173445 0.056211 0.085935
0 0.480490 0.199887 0.016161 0.024238
0 0.504380 0.074840 0.016161 0.014322
0 0.539863 0.177301 0.015458 0.016526
0 0.563753 0.199336 0.011242 0.016526
0 0.572887 0.215862 0.014053 0.023136
0 0.584130 0.240651 0.009837 0.019831
0 0.509298 0.234591 0.018971 0.029747
0 0.458708 0.253872 0.018971 0.030848
0 0.406244 0.044543 0.016161 0.017628
0 0.444187 0.320526 0.011945 0.025340
0 0.469833 0.304000 0.012648 0.023136
2 0.504614 0.272050 0.055509 0.049578
0 0.552745 0.293534 0.012648 0.024238
0 0.604038 0.196765 0.016863 0.027543
0 0.603335 0.277742 0.015458 0.024238
0 0.616803 0.034811 0.018971 0.020933
0 0.651583 0.049684 0.008432 0.022035
0 0.621370 0.096508 0.011242 0.012119
0 0.636828 0.122949 0.016863 0.020933
0 0.666690 0.195113 0.013350 0.022035
0 0.671257 0.215495 0.014053 0.023136
0 0.695498 0.233122 0.013350 0.023136
0 0.719388 0.240284 0.013350 0.028645
0 0.734144 0.355965 0.014755 0.024238
1 0.766465 0.310243 0.044266 0.078223
0 0.629099 0.378000 0.016863 0.026442
0 0.813542 0.454019 0.017566 0.028645
0 0.747143 0.464302 0.021079 0.024238
0 0.787545 0.490193 0.014755 0.029747
0 0.819866 0.583289 0.016161 0.024238
0 0.801949 0.659859 0.021079 0.031950
0 0.829703 0.736429 0.017566 0.033052
1 0.796679 0.591552 0.045672 0.062799
0 0.775951 0.776643 0.008432 0.018729
0 0.742224 0.749099 0.005621 0.012119
2 0.758034 0.769481 0.044266 0.074918
0 0.752412 0.704479 0.017566 0.022035
0 0.727469 0.729819 0.019674 0.022035
0 0.773843 0.668122 0.014053 0.013221
0 0.767285 0.554208 0.009945 0.020340
0 0.749557 0.633193 0.013404 0.015594
0 0.768798 0.650482 0.008648 0.014916
0 0.700912 0.666188 0.013837 0.018306
0 0.689670 0.648222 0.012107 0.017628
0 0.739828 0.829923 0.006918 0.016272
0 0.731396 0.827211 0.009080 0.016272
0 0.686860 0.878060 0.010810 0.016272
0 0.693562 0.862466 0.012972 0.023052
0 0.798850 0.825177 0.017728 0.024408
0 0.803174 0.844160 0.014269 0.024408
0 0.809876 0.867212 0.012107 0.020340
0 0.889004 0.810939 0.015566 0.023052
0 0.978726 0.623362 0.009945 0.013560
0 0.937432 0.635227 0.016431 0.022374
0 0.956458 0.952186 0.009513 0.018984
0 0.941108 0.945067 0.010810 0.018306
0 0.912137 0.908117 0.014269 0.017628
0 0.918407 0.886761 0.012972 0.015594
0 0.933757 0.894557 0.014269 0.020340
0 0.965754 0.933542 0.012539 0.025086
0 0.948026 0.868455 0.011675 0.018306
0 0.960133 0.874218 0.010810 0.020340
0 0.977213 0.849471 0.009513 0.014238
0 0.977645 0.824386 0.013837 0.015594
0 0.996822 0.785740 0.006356 0.015594
0 0.997254 0.833538 0.005491 0.028475
0 0.887275 0.885744 0.012107 0.018984
0 0.888139 0.903710 0.012972 0.014238
0 0.820470 0.921677 0.014269 0.017628
0 0.821551 0.905066 0.017296 0.022374
0 0.766853 0.935576 0.015999 0.023730
0 0.776798 0.992026 0.016863 0.015948
1 0.819605 0.947779 0.049725 0.065765
0 0.947594 0.810487 0.011675 0.017628
0 0.930082 0.763028 0.013837 0.025764
0 0.946513 0.756926 0.015566 0.020340
0 0.955377 0.771164 0.009945 0.017628
0 0.966835 0.782350 0.007783 0.018306
0 0.966187 0.723026 0.015999 0.021696
0 0.876897 0.689805 0.011242 0.020340
0 0.893112 0.685737 0.008216 0.014916
0 0.889869 0.702687 0.012972 0.016272
0 0.903922 0.636583 0.013404 0.022374
0 0.916677 0.658279 0.012972 0.021018
0 0.850089 0.633871 0.011242 0.022374
0 0.945432 0.588446 0.015999 0.022374
1 0.943918 0.776136 0.055347 0.082715
0 0.927704 0.550366 0.012539 0.013560
0 0.941973 0.534094 0.014269 0.021696
0 0.849440 0.445051 0.013404 0.018984
0 0.870411 0.312505 0.010377 0.016950
0 0.879924 0.241881 0.014701 0.023052
0 0.881005 0.146624 0.013404 0.022374
0 0.844468 0.167641 0.022485 0.033221
0 0.865871 0.011930 0.007351 0.012882
0 0.863493 0.082780 0.009513 0.014916
0 0.913867 0.009864 0.016863 0.019727
0 0.984563 0.011220 0.015566 0.022439
0 0.986942 0.129222 0.011675 0.018306
2 0.872141 0.042779 0.053617 0.067799
2 0.937865 0.134646 0.035456 0.096952
2 0.992282 0.074305 0.015436 0.048137
0 0.051599 0.497031 0.016431 0.027120
0 0.048789 0.524489 0.011675 0.011526
0 0.243583 0.418384 0.012972 0.020340
0 0.240988 0.447876 0.011242 0.023730
0 0.183263 0.475335 0.013404 0.013560
0 0.182399 0.488217 0.015134 0.020340
0 0.192992 0.533642 0.015566 0.027120
0 0.240988 0.612966 0.012107 0.021696
0 0.264337 0.620763 0.012972 0.018306
0 0.260662 0.653307 0.008216 0.012882
0 0.315288 0.640425 0.015134 0.018306
0 0.324585 0.537032 0.014701 0.025764
1 0.353987 0.520760 0.038051 0.054239
0 0.344475 0.485844 0.014701 0.021018
0 0.363428 0.483810 0.011963 0.022374
0 0.434701 0.521438 0.016431 0.024408
0 0.509505 0.506522 0.008648 0.012204
0 0.542368 0.613644 0.015566 0.021696
0 0.477292 0.592627 0.009945 0.021696
0 0.459348 0.607543 0.008648 0.016272
0 0.512532 0.622797 0.009513 0.018306
0 0.458699 0.675341 0.015134 0.014916
0 0.351465 0.662799 0.008216 0.014238
0 0.565284 0.477708 0.018161 0.018306
1 0.530260 0.540083 0.065724 0.067121
1 0.651115 0.630933 0.043672 0.060341
2 0.462374 0.633984 0.045834 0.070511
0 0.586904 0.727433 0.014701 0.031865
0 0.638792 0.738620 0.014701 0.020340
0 0.626901 0.797944 0.018593 0.019662
0 0.637711 0.818962 0.011675 0.021018
0 0.647223 0.448102 0.014269 0.022374
0 0.674032 0.494206 0.008216 0.015594
0 0.673599 0.459289 0.014269 0.020340
0 0.689166 0.525054 0.013404 0.018984
1 0.704299 0.521664 0.040213 0.061019
0 0.734567 0.543699 0.009080 0.016950
0 0.620415 0.542343 0.021187 0.014238
0 0.646575 0.573191 0.009513 0.014916
0 0.636846 0.504375 0.014269 0.015594
0 0.636630 0.517935 0.012107 0.015594
0 0.587120 0.459967 0.008216 0.010848
0 0.597282 0.462679 0.009513 0.016272
0 0.577175 0.567428 0.009080 0.016950
0 0.583229 0.575903 0.010810 0.018984
0 0.631009 0.915914 0.011242 0.011526
0 0.652412 0.931508 0.011675 0.022374
0 0.556564 0.896591 0.009945 0.016272
2 0.569320 0.953542 0.040645 0.054239
1 0.582724 0.910829 0.046699 0.052883
1 0.616235 0.899303 0.036754 0.066443
0 0.488252 0.817850 0.016863 0.024326
0 0.502417 0.648625 0.012816 0.024326
0 0.438304 0.830827 0.013837 0.025764
0 0.454519 0.851844 0.007351 0.018984
0 0.445007 0.803029 0.009945 0.018984
0 0.473932 0.380754 0.017566 0.027543
0 0.377319 0.390119 0.019674 0.024238
0 0.513280 0.368635 0.011945 0.025340
0 0.528738 0.352660 0.011945 0.026442
0 0.007963 0.611934 0.015458 0.024238
0 0.016044 0.651596 0.013350 0.019831
2 0.017683 0.567314 0.035366 0.051781
0 0.060310 0.613036 0.014755 0.024238
2 0.051527 0.572272 0.061832 0.074918
2 0.022719 0.754057 0.036537 0.055087
0 0.101415 0.600917 0.012648 0.019831
0 0.042393 0.698420 0.018269 0.018729
0 0.121791 0.636723 0.015458 0.016526
0 0.127764 0.673631 0.017566 0.024238
0 0.207514 0.643884 0.015458 0.022035
0 0.140763 0.530406 0.019674 0.028645
0 0.221566 0.658757 0.009837 0.023136
0 0.191353 0.689606 0.019674 0.029747
0 0.158329 0.670326 0.018269 0.017628
0 0.276021 0.750752 0.020377 0.033052
0 0.211027 0.757913 0.030916 0.014322
0 0.073309 0.808593 0.011242 0.025340
0 0.078227 0.837789 0.015458 0.017628
0 0.017098 0.887917 0.014053 0.020933
0 0.030096 0.896731 0.010540 0.025340
0 0.041339 0.875247 0.006324 0.022035
0 0.058202 0.879654 0.006324 0.022035
2 0.032790 0.882409 0.065580 0.078223
2 0.138303 0.902240 0.041456 0.080426
2 0.178120 0.896731 0.040987 0.062799
2 0.265482 0.821263 0.051293 0.059493
1 0.151654 0.974348 0.040051 0.051304
0 0.027989 0.939882 0.011945 0.017628
0 0.047311 0.969078 0.018269 0.023136
0 0.033961 0.993628 0.021079 0.012743
0 0.192407 0.983951 0.013350 0.017628
0 0.208450 0.872677 0.012648 0.022035
0 0.213369 0.902423 0.019674 0.017628
0 0.245339 0.868821 0.010540 0.020933
0 0.263257 0.866066 0.009837 0.019831
0 0.245690 0.840726 0.025295 0.026442
0 0.344060 0.925560 0.012648 0.015424
0 0.310685 0.894160 0.014755 0.025340
0 0.126944 0.831362 0.012648 0.020933
0 0.166292 0.824201 0.014053 0.024238
2 0.361978 0.830260 0.051293 0.062799
2 0.323684 0.983713 0.043564 0.032574
2 0.458591 0.967187 0.063238 0.065626
0 0.402731 0.936026 0.013350 0.025340
0 0.402028 0.982850 0.017566 0.028645
1 0.435404 0.893610 0.075885 0.068307
1 0.435052 0.952864 0.051293 0.094271
0 0.188542 0.611383 0.018269 0.023136
0 0.539043 0.409766 0.017566 0.027543
0 0.886194 0.466384 0.020755 0.033560
0 0.139339 0.631135 0.014918 0.025425
0 0.932607 0.312038 0.013852 0.033996
0 0.160343 0.177726 0.026138 0.029086
0 0.103991 0.041773 0.015177 0.014543
0 0.377349 0.764041 0.004399 0.012646
0 0.379915 0.775537 0.005132 0.008047
0 0.387247 0.762317 0.016863 0.022993
0 0.655962 0.353431 0.008798 0.016095
0 0.626634 0.331588 0.011731 0.011496
0 0.632985 0.347263 0.007748 0.010720
0 0.677195 0.337973 0.007748 0.012149
0 0.683576 0.333685 0.005925 0.012149
0 0.649393 0.370846 0.007748 0.009290
0 0.637543 0.261864 0.004102 0.007146
0 0.640050 0.250787 0.010027 0.009290
0 0.640506 0.244355 0.008204 0.009290
0 0.647798 0.254360 0.006381 0.007861
0 0.533324 0.440761 0.005925 0.015722
0 0.542212 0.446478 0.004558 0.011434
0 0.413457 0.519371 0.013217 0.015722
0 0.416876 0.507580 0.012761 0.013578