1 0.051406 0.032828 0.087344 0.065656
2 0.113466 0.030303 0.082747 0.060606
2 0.250228 0.337121 0.080448 0.063131
2 0.312288 0.337121 0.085045 0.068182
2 0.198511 0.470960 0.068956 0.058081
2 0.389288 0.746212 0.091941 0.063131
2 0.274362 0.611111 0.110329 0.060606
2 0.097376 0.654040 0.096538 0.070707
2 0.485826 0.921717 0.096538 0.085859
2 0.495020 0.790404 0.128717 0.045455
2 0.612244 0.655303 0.105732 0.063131
2 0.496169 0.546717 0.057463 0.068182
2 0.552483 0.202020 0.050567 0.090909
2 0.632931 0.231061 0.091941 0.093434
2 0.714528 0.104798 0.085045 0.093434
2 0.824857 0.449495 0.062060 0.111111
2 0.597304 0.424242 0.062060 0.101010
1 0.153690 0.092172 0.112627 0.103535
1 0.694991 0.366162 0.078150 0.070707
1 0.621438 0.330808 0.101135 0.060606
1 0.453647 0.281566 0.110329 0.118687
1 0.834051 0.147727 0.075851 0.068182
1 0.809917 0.297980 0.124120 0.121212
1 0.766245 0.422980 0.064359 0.078283
2 0.936335 0.611111 0.064359 0.090909
2 0.803021 0.770202 0.087344 0.075758
1 0.753603 0.864899 0.085045 0.063131
2 0.684648 0.880051 0.057463 0.078283
2 0.713379 0.922980 0.078150 0.053030
1 0.536393 0.871212 0.101135 0.065657
1 0.175526 0.816919 0.073553 0.053030
1 0.268616 0.467172 0.080448 0.116162
1 0.465139 0.611111 0.105732 0.090909
1 0.514557 0.497475 0.112627 0.075758
1 0.665110 0.174242 0.091941 0.095960
1 0.017658 0.853535 0.035316 0.060606
1 0.022255 0.946970 0.044510 0.085859