2 0.766467 0.203283 0.154367 0.128788
2 0.777494 0.381313 0.083799 0.085859
2 0.881140 0.407828 0.119083 0.103535
2 0.767570 0.684343 0.125699 0.126263
2 0.119227 0.526515 0.147752 0.138889
1 0.119227 0.861111 0.068363 0.055556
1 0.162229 0.762626 0.048515 0.070707
1 0.252645 0.724747 0.114673 0.136364
1 0.352983 0.751263 0.116878 0.083333
1 0.388267 0.631313 0.108057 0.151515
1 0.457733 0.573232 0.083799 0.085859
1 0.627537 0.851010 0.105852 0.095960
1 0.712439 0.882576 0.059542 0.053030
1 0.380549 0.441919 0.149957 0.075758
1 0.351881 0.347222 0.119083 0.123737
1 0.399294 0.301768 0.072773 0.098485
1 0.465451 0.327020 0.130110 0.098485
1 0.380549 0.184343 0.149957 0.176768
1 0.822701 0.848485 0.138931 0.111111