1 0.883000 0.333333 0.085180 0.117647
1 0.935774 0.039216 0.046293 0.078431
1 0.586723 0.138480 0.099994 0.174020
1 0.586723 0.274510 0.092587 0.107843
1 0.726528 0.294118 0.075921 0.102941
1 0.652459 0.421569 0.098142 0.127451
1 0.531171 0.443627 0.070366 0.191176
1 0.439510 0.317402 0.061107 0.031863
1 0.440436 0.232843 0.074069 0.083333
1 0.438584 0.136029 0.085180 0.095588
1 0.009121 0.074755 0.018241 0.075980
1 0.116383 0.666667 0.111104 0.088235
1 0.008195 0.620098 0.016389 0.112745
1 0.194156 0.835784 0.125918 0.117647
1 0.135826 0.938725 0.146287 0.122549
1 0.403401 0.970588 0.077773 0.058824
1 0.165454 0.303922 0.101845 0.107843
1 0.207118 0.405637 0.088883 0.090686
1 0.179342 0.530637 0.077773 0.178922
1 0.110828 0.518382 0.059255 0.110294
1 0.336739 0.754902 0.096290 0.147059
1 0.417289 0.735294 0.046293 0.088235
1 0.392291 0.840686 0.096290 0.117647
1 0.381180 0.616422 0.081476 0.139706
1 0.636719 0.634804 0.081476 0.112745
1 0.612647 0.812500 0.077773 0.183824
1 0.846891 0.887255 0.075921 0.142157
1 0.895036 0.725490 0.183321 0.166667
1 0.745046 0.583333 0.087031 0.117647
1 0.747823 0.689951 0.074069 0.129902
1 0.909850 0.550245 0.090735 0.149510
2 0.783006 0.379902 0.085180 0.073529
2 0.310815 0.455882 0.074069 0.122549
2 0.387662 0.486520 0.105549 0.095588
0 0.276558 0.064951 0.027776 0.036765
0 0.687642 0.012255 0.020369 0.024510
0 0.563576 0.875000 0.024073 0.044118
0 0.927441 0.454657 0.025924 0.036765