2 0.370859 0.504668 0.046054 0.064279
2 0.056028 0.709366 0.040495 0.050505
2 0.012356 0.709366 0.024615 0.050505
2 0.063183 0.756497 0.034937 0.042735
2 0.112454 0.790814 0.031354 0.046620
2 0.200618 0.852327 0.034489 0.042735
2 0.238466 0.939739 0.022396 0.047915
2 0.439430 0.805059 0.034937 0.056980
2 0.587390 0.905098 0.053750 0.040793
2 0.811421 0.879522 0.030010 0.029785
2 0.773797 0.719913 0.037177 0.051153
2 0.778425 0.261590 0.031802 0.041440
2 0.278181 0.067016 0.049270 0.047268
2 0.134177 0.169321 0.035385 0.055038
2 0.587763 0.484978 0.029114 0.050505
2 0.604112 0.529008 0.034041 0.054390
2 0.166550 0.771017 0.045644 0.049690
2 0.628246 0.129928 0.041136 0.065982
1 0.904457 0.215868 0.028175 0.066797
1 0.934886 0.225236 0.031556 0.048061
1 0.983347 0.317557 0.030429 0.069241
1 0.983911 0.400239 0.024794 0.058651
1 0.893750 0.687792 0.027048 0.058651
1 0.830920 0.868633 0.028739 0.032584
1 0.789221 0.864560 0.037755 0.045617
1 0.854023 0.945205 0.033247 0.053763
1 0.653041 0.859672 0.045644 0.048876
1 0.542406 0.911399 0.036628 0.056207
1 0.528600 0.978603 0.031556 0.042359
1 0.584387 0.702047 0.033810 0.057836
1 0.435904 0.885332 0.067057 0.056207
1 0.446611 0.895107 0.021977 0.021994
1 0.298879 0.888998 0.023667 0.032584
1 0.378615 0.694309 0.038882 0.066797
1 0.250418 0.667427 0.028175 0.045617
1 0.254738 0.762463 0.029302 0.055393
1 0.243186 0.819485 0.024231 0.030955
1 0.230695 0.876914 0.027048 0.030140
1 0.234921 0.856549 0.024231 0.036657
1 0.175190 0.812968 0.038882 0.029326
1 0.217171 0.828446 0.033810 0.053763
1 0.020867 0.839036 0.041734 0.052134
1 0.079488 0.811746 0.030429 0.065982
1 0.072726 0.619773 0.050715 0.064353
1 0.144291 0.396573 0.024794 0.035028
1 0.163732 0.405127 0.027612 0.052134
1 0.175847 0.366840 0.020286 0.050505
1 0.195007 0.376616 0.018032 0.037471
1 0.257274 0.367655 0.021977 0.063539
1 0.237551 0.440154 0.021977 0.043988
1 0.124569 0.263115 0.061985 0.047247
1 0.112735 0.210981 0.056350 0.057022
1 0.324800 0.180433 0.034937 0.074128
1 0.305205 0.023634 0.044791 0.039498
2 0.567981 0.034641 0.035833 0.036908
1 0.582762 0.164465 0.036729 0.063455
0 0.661669 0.041440 0.009406 0.015540
2 0.778276 0.563649 0.043448 0.049858
1 0.740203 0.466093 0.016573 0.043383
2 0.690933 0.575952 0.033593 0.053743
1 0.518860 0.554476 0.031354 0.022015
1 0.484146 0.533109 0.047031 0.044030
1 0.214578 0.927761 0.024187 0.077053
1 0.718480 0.380752 0.032026 0.028620
1 0.005550 0.546857 0.011099 0.040404
1 0.103392 0.065236 0.021545 0.049663