1 0.019809 0.159465 0.038401 0.086981
1 0.118897 0.161336 0.077488 0.081369
1 0.040038 0.246914 0.034973 0.059858
0 0.061296 0.228208 0.015772 0.022447
0 0.127469 0.263749 0.012343 0.022447
0 0.215768 0.339325 0.007907 0.017197
0 0.197757 0.447063 0.011658 0.018706
1 0.016076 0.285260 0.032152 0.069211
1 0.053410 0.299757 0.057602 0.034605
1 0.087354 0.300224 0.026744 0.071081
1 0.081868 0.348859 0.044573 0.037411
1 0.025637 0.388141 0.048687 0.080434
1 0.074325 0.404040 0.054173 0.056117
1 0.145641 0.349327 0.029487 0.062664
1 0.156613 0.288533 0.052802 0.042088
1 0.118212 0.366629 0.059659 0.059858
1 0.112726 0.420408 0.043201 0.090722
1 0.148384 0.441452 0.041830 0.063599
1 0.141527 0.543397 0.045944 0.086046
0 0.031466 0.594370 0.020572 0.025253
0 0.011237 0.667789 0.014400 0.018706
0 0.009180 0.720165 0.017143 0.022447
0 0.133298 0.783140 0.013029 0.018706
1 0.034934 0.821642 0.069867 0.073887
1 0.132955 0.912832 0.071317 0.074822
1 0.198100 0.932473 0.045259 0.080434
1 0.237530 0.951272 0.052802 0.097456
1 0.190214 0.644719 0.062402 0.052376
1 0.199128 0.682598 0.050059 0.027123
1 0.177871 0.706447 0.040458 0.059858
1 0.241987 0.720476 0.064459 0.080434
1 0.315704 0.731232 0.052802 0.068275
1 0.297189 0.824760 0.054173 0.113169
1 0.385306 0.863574 0.043887 0.082305
0 0.346219 0.793896 0.017829 0.015900
0 0.197300 0.779867 0.011658 0.014029
0 0.291931 0.682598 0.013029 0.012159
0 0.401972 0.769447 0.009970 0.014245
1 0.410992 0.728330 0.045100 0.082233
1 0.435204 0.809915 0.061241 0.075758
1 0.444936 0.882759 0.068363 0.045325
1 0.485526 0.886968 0.035606 0.064103
1 0.441375 0.921286 0.056494 0.045973
1 0.436865 0.975050 0.057918 0.049900
1 0.499056 0.963373 0.066464 0.045973
1 0.529202 0.868083 0.051747 0.038850
1 0.575964 0.841211 0.036080 0.095183
1 0.530152 0.815311 0.060292 0.080938
1 0.602550 0.840348 0.049373 0.058923
1 0.614893 0.864629 0.070262 0.062160
1 0.582136 0.937149 0.050322 0.028490
1 0.569793 0.915134 0.052221 0.041440
1 0.639817 0.900889 0.028959 0.071225
1 0.625575 0.968229 0.046999 0.050505
1 0.704856 0.867219 0.030858 0.088060
1 0.692750 0.897652 0.051272 0.086765
1 0.730444 0.975697 0.042156 0.048606
1 0.661022 0.756065 0.043201 0.055685
1 0.632775 0.712682 0.068363 0.077700
2 0.566311 0.713093 0.027535 0.042262
0 0.315282 0.672315 0.017918 0.022809
1 0.309310 0.556370 0.083616 0.060280
1 0.382175 0.636880 0.060920 0.054578
1 0.217930 0.574563 0.051364 0.099381
1 0.257050 0.457261 0.055545 0.029326
0 0.246001 0.435267 0.009556 0.017921
0 0.363361 0.479255 0.017320 0.014663
1 0.466985 0.390464 0.060920 0.042359
1 0.402481 0.246823 0.027474 0.073314
1 0.456234 0.294477 0.035835 0.074128
0 0.365153 0.246823 0.010153 0.014663
1 0.367841 0.357608 0.054947 0.043988
1 0.406065 0.371864 0.083616 0.056207
1 0.352312 0.419518 0.047780 0.060280
1 0.318269 0.406077 0.041808 0.080645
1 0.292288 0.444770 0.034043 0.039101
1 0.269294 0.416259 0.039419 0.040730
1 0.316477 0.326246 0.038224 0.049690
1 0.248091 0.382046 0.056739 0.040730
1 0.224798 0.402411 0.035238 0.026067
1 0.255855 0.351499 0.055545 0.033399
1 0.245404 0.312398 0.054947 0.038286
1 0.260036 0.265966 0.067490 0.033399
1 0.233757 0.244787 0.049572 0.035028
1 0.194040 0.170930 0.039419 0.043174
1 0.235250 0.208809 0.088394 0.057022
1 0.286614 0.217362 0.066892 0.046432
1 0.271981 0.159933 0.036432 0.063539
1 0.300052 0.176225 0.036432 0.050505
1 0.319463 0.106169 0.058531 0.060280
1 0.380084 0.148121 0.051961 0.085533
1 0.482591 0.194619 0.025538 0.028736
1 0.565695 0.249478 0.070867 0.063567
1 0.592829 0.289098 0.040860 0.073145
1 0.631455 0.137147 0.063206 0.047893
1 0.765528 0.229885 0.064483 0.048763
1 0.702641 0.152386 0.063844 0.034831
1 0.702960 0.202456 0.037668 0.061825
1 0.811177 0.117555 0.058737 0.095785
1 0.825861 0.012626 0.042137 0.025252
1 0.855868 0.075758 0.063844 0.064437
1 0.806282 0.349472 0.040860 0.094044
1 0.831181 0.352955 0.044691 0.090561
1 0.758718 0.421311 0.041499 0.089690
1 0.785213 0.433066 0.049799 0.087078
0 0.821285 0.420005 0.012130 0.020899
0 0.871722 0.441774 0.012130 0.017416
1 0.807240 0.493585 0.054268 0.061825
1 0.877788 0.518838 0.082998 0.084465
1 0.895664 0.564989 0.070229 0.060084
1 0.810751 0.618251 0.053629 0.101010
1 0.732542 0.538140 0.058098 0.064437
1 0.755845 0.509404 0.074059 0.071404
0 0.577407 0.400628 0.012010 0.017745
0 0.677988 0.412344 0.013010 0.014333
1 0.800702 0.911984 0.067116 0.042614
1 0.954318 0.945918 0.052652 0.069444
1 0.912949 0.943945 0.037030 0.049716
1 0.889805 0.932897 0.027772 0.041824
1 0.899063 0.964068 0.030087 0.052083
1 0.992926 0.989925 0.014148 0.020149
1 0.777848 0.976904 0.041080 0.046191
0 0.934710 0.184754 0.008545 0.012950
0 0.823620 0.260511 0.010444 0.011655
0 0.783953 0.172073 0.011394 0.024281