1 0.255200 0.148842 0.091062 0.146753
1 0.210511 0.057387 0.096121 0.114774
1 0.091624 0.096430 0.104553 0.125788
1 0.087971 0.090144 0.175942 0.180288
1 0.044969 0.272009 0.089938 0.162476
1 0.164980 0.227459 0.109612 0.188682
1 0.207982 0.320490 0.124789 0.102203
1 0.263631 0.451519 0.101180 0.154615
1 0.311692 0.018078 0.123103 0.036156
1 0.199550 0.575997 0.151771 0.131029
1 0.062114 0.748956 0.089376 0.131029
1 0.046655 0.680820 0.093310 0.094341
1 0.107645 0.893088 0.082631 0.136270
1 0.015458 0.937638 0.030916 0.120547
1 0.342889 0.819711 0.111298 0.167717
1 0.345419 0.621857 0.092749 0.175579
1 0.385891 0.511793 0.146712 0.128409
1 0.439011 0.399107 0.134907 0.128409
1 0.606802 0.400418 0.092749 0.146753
1 0.525014 0.556343 0.097808 0.275161
1 0.720630 0.818401 0.151771 0.207026
1 0.616920 0.684751 0.116358 0.186062
1 0.680157 0.582548 0.101180 0.149373
1 0.754356 0.575997 0.134907 0.162476
1 0.788926 0.447588 0.129848 0.157235
1 0.758572 0.400418 0.109612 0.241094
1 0.868184 0.367660 0.089376 0.212267
1 0.903597 0.447588 0.119730 0.141512
1 0.949972 0.202564 0.077572 0.096962
1 0.801574 0.077041 0.077572 0.154082
1 0.612704 0.040353 0.151771 0.080706
1 0.854694 0.044284 0.072513 0.088568
1 0.912872 0.106912 0.091062 0.157235