0 0.363057 0.823024 0.046448 0.044674
0 0.289381 0.091065 0.043245 0.048110
0 0.403099 0.177835 0.043245 0.049828
0 0.517618 0.190722 0.041643 0.041237
0 0.589693 0.157216 0.035237 0.042955
0 0.632938 0.065292 0.041643 0.041237
2 0.849164 0.025773 0.054457 0.048110
0 0.876392 0.157216 0.032033 0.042955
0 0.851566 0.115979 0.036838 0.042955
0 0.809923 0.132302 0.036838 0.041237
0 0.775487 0.202749 0.032033 0.030928
0 0.756267 0.188144 0.038440 0.042955
0 0.681789 0.192440 0.040042 0.041237
0 0.969289 0.201890 0.032033 0.036082
0 0.942861 0.231959 0.033635 0.037801
0 0.968488 0.249141 0.024025 0.030928
0 0.984644 0.341065 0.030711 0.049828
0 0.862778 0.273196 0.033635 0.037801
0 0.829143 0.266323 0.030432 0.037801
0 0.839554 0.441581 0.032033 0.037801
0 0.906824 0.541237 0.035237 0.041237
0 0.873189 0.552405 0.038440 0.039519
0 0.879595 0.583333 0.032033 0.036082
0 0.611316 0.365979 0.040042 0.044674
0 0.536038 0.304983 0.033635 0.032646
0 0.463162 0.292955 0.041643 0.029210
0 0.457556 0.315292 0.040042 0.029210
0 0.444742 0.335911 0.033635 0.036082
0 0.323817 0.304124 0.038440 0.041237
0 0.246136 0.279210 0.033635 0.039519
0 0.170857 0.341924 0.040042 0.041237
0 0.186874 0.270619 0.033635 0.036082
0 0.160446 0.278351 0.035237 0.037801
0 0.034716 0.330756 0.033635 0.039519
0 0.071554 0.472509 0.027228 0.030928
0 0.236386 0.432560 0.035237 0.042096
0 0.300853 0.371134 0.032834 0.036082
0 0.282834 0.433849 0.032033 0.032646
0 0.429787 0.413660 0.047249 0.045533
0 0.446204 0.463488 0.049652 0.054124
0 0.513875 0.500000 0.036038 0.037801
0 0.494655 0.515034 0.032834 0.042096
0 0.569933 0.485395 0.040843 0.044674
0 0.563927 0.348368 0.030432 0.038660
0 0.542304 0.348797 0.032033 0.037801
0 0.528290 0.336770 0.039241 0.036082
0 0.684052 0.398196 0.022423 0.026632
0 0.705274 0.421821 0.024826 0.034364
0 0.754525 0.477234 0.033635 0.030069
0 0.768139 0.512887 0.027228 0.034364
0 0.663631 0.485825 0.028029 0.024914
0 0.655222 0.466924 0.033635 0.031787
0 0.755727 0.609536 0.028029 0.038660
0 0.776949 0.622852 0.032033 0.034364
0 0.463422 0.632302 0.037639 0.041237
0 0.491051 0.621564 0.032033 0.033505
0 0.558721 0.660223 0.034436 0.038660
0 0.592757 0.630584 0.027228 0.030928
0 0.659626 0.698024 0.032834 0.033505
0 0.664031 0.643041 0.025627 0.028351
0 0.646813 0.658935 0.026428 0.027491
0 0.624790 0.649055 0.025627 0.024914
0 0.650817 0.625430 0.031233 0.032646
0 0.619184 0.632732 0.028830 0.030069
0 0.515076 0.720361 0.036838 0.040378
0 0.299652 0.643900 0.033635 0.038660
0 0.324077 0.541237 0.037639 0.046392
0 0.558721 0.792526 0.028029 0.028351
0 0.598763 0.789089 0.031233 0.031787
0 0.667234 0.838488 0.035237 0.039519
0 0.927505 0.880584 0.032033 0.032646
0 0.955535 0.874570 0.028830 0.032646
0 0.957937 0.955756 0.027228 0.030069
0 0.897474 0.718643 0.024826 0.031787
0 0.943122 0.693299 0.028029 0.025773
0 0.967547 0.664948 0.027228 0.032646
0 0.983774 0.809278 0.032452 0.029210
0 0.793766 0.899485 0.027228 0.030928
0 0.833007 0.924828 0.022423 0.026632
0 0.792164 0.862973 0.027228 0.028351
0 0.773345 0.856529 0.032834 0.032646
0 0.737708 0.868127 0.036838 0.035223
0 0.712081 0.876289 0.028830 0.029210
0 0.706475 0.897337 0.027228 0.021478
0 0.688457 0.882302 0.028029 0.030928
0 0.466626 0.845790 0.032834 0.036942
0 0.395351 0.961340 0.028029 0.029210
0 0.276027 0.985395 0.032834 0.029210
0 0.214763 0.945876 0.033635 0.030928
0 0.312065 0.895189 0.039241 0.036082
0 0.256006 0.880584 0.028029 0.034364
0 0.271222 0.835481 0.026428 0.024914
0 0.274025 0.810567 0.030432 0.030069
0 0.304056 0.789948 0.029631 0.028351
0 0.316069 0.739261 0.028029 0.035223
0 0.282434 0.722079 0.029631 0.031787
0 0.206755 0.566151 0.046448 0.044674
0 0.085829 0.490120 0.030432 0.028351
0 0.092636 0.509880 0.029631 0.026632
0 0.059001 0.578179 0.031233 0.042955
0 0.075819 0.559708 0.034436 0.030069
0 0.073817 0.538230 0.036838 0.035223
0 0.217967 0.924399 0.033635 0.034364
0 0.291643 0.842784 0.030432 0.030928
0 0.302054 0.820017 0.032033 0.030069
0 0.453812 0.945017 0.032834 0.032646
0 0.547910 0.904639 0.027228 0.030928
0 0.551114 0.952320 0.027228 0.028351
0 0.528690 0.954467 0.024025 0.025773
0 0.557120 0.986254 0.028029 0.025773
0 0.533095 0.990550 0.024826 0.017182
0 0.758207 0.361866 0.028151 0.026034
0 0.730300 0.357440 0.025724 0.028637
0 0.748500 0.332969 0.025238 0.023430
0 0.720350 0.338436 0.027180 0.028116
0 0.711128 0.314485 0.025238 0.023951
0 0.725689 0.291055 0.028151 0.030199
0 0.741948 0.311621 0.025724 0.029678
0 0.766701 0.317088 0.021841 0.033323
0 0.803588 0.343643 0.029607 0.027075
0 0.751170 0.278038 0.032519 0.033323
0 0.426544 0.316642 0.029173 0.035592
0 0.988273 0.045410 0.023454 0.029455
0 0.985698 0.072717 0.028603 0.026387
0 0.959670 0.743741 0.023453 0.025773
0 0.979977 0.735150 0.022881 0.031910
0 0.983981 0.688819 0.026313 0.026387
0 0.633739 0.958763 0.033635 0.034364
1 0.410288 0.296579 0.065459 0.068729
1 0.486193 0.971762 0.140668 0.056476
1 0.049931 0.501718 0.076880 0.065292
1 0.299792 0.425258 0.080083 0.060137