1 0.005821 0.782720 0.011642 0.040793
1 0.020152 0.782073 0.021274 0.040793
1 0.006885 0.868838 0.013770 0.022663
1 0.010608 0.907041 0.021216 0.048563
1 0.041426 0.901213 0.032974 0.036908
1 0.042490 0.948481 0.054248 0.057628
1 0.203904 0.897328 0.042016 0.043383
1 0.236524 0.714301 0.057971 0.099068
1 0.264446 0.690020 0.026592 0.022015
1 0.349806 0.692934 0.028188 0.057628
1 0.398204 0.663472 0.024997 0.038850
1 0.381451 0.743115 0.029783 0.040145
1 0.414425 0.729517 0.026592 0.037555
1 0.425328 0.701027 0.027124 0.033670
1 0.351934 0.867219 0.030315 0.040145
1 0.343956 0.912221 0.040952 0.043383
1 0.370282 0.933264 0.034038 0.036260
1 0.406182 0.865924 0.030315 0.038850
1 0.506257 0.675559 0.025528 0.044030
1 0.470357 0.622464 0.029251 0.059570
1 0.452275 0.671674 0.056907 0.036260
2 0.384199 0.539908 0.037761 0.053743
1 0.377551 0.506238 0.025528 0.030433
1 0.533913 0.601744 0.027656 0.044030
1 0.553059 0.601096 0.018083 0.042735
1 0.572205 0.592679 0.027656 0.033670
0 0.211527 0.609190 0.013296 0.013598
0 0.201156 0.562894 0.011701 0.018130
0 0.336244 0.635090 0.010637 0.012303
0 0.343158 0.656458 0.009573 0.009713
0 0.383047 0.617284 0.006382 0.011655
0 0.924285 0.217560 0.011701 0.015540
0 0.920563 0.342096 0.008509 0.016835
0 0.942900 0.364759 0.012764 0.012950
0 0.903810 0.617284 0.012232 0.010360
0 0.784677 0.660019 0.006914 0.012950
0 0.753032 0.622140 0.011701 0.018778
0 0.780954 0.682034 0.010105 0.016835
0 0.739470 0.644155 0.010105 0.009713
0 0.746118 0.522749 0.010637 0.012950
0 0.568926 0.168998 0.015423 0.016835
1 0.060572 0.560196 0.024465 0.022663
1 0.253366 0.527497 0.022869 0.034965
1 0.136892 0.448178 0.030315 0.040793
1 0.117746 0.410084 0.026060 0.020720
1 0.114289 0.375442 0.014892 0.035613
1 0.200181 0.291807 0.020742 0.015540
1 0.207627 0.315441 0.034570 0.034318
1 0.241399 0.265259 0.027656 0.045325
1 0.227039 0.360118 0.015955 0.040793
1 0.250174 0.374363 0.027124 0.047268
1 0.070677 0.234287 0.017019 0.047268
1 0.176780 0.222309 0.019678 0.031080
1 0.187417 0.170509 0.028188 0.033670
1 0.191938 0.155940 0.014892 0.017483
1 0.112338 0.211949 0.045738 0.041440
1 0.097713 0.250475 0.022869 0.039498
1 0.127762 0.252417 0.025528 0.044678
1 0.126166 0.285440 0.032974 0.035613
2 0.092926 0.114823 0.024997 0.050505
2 0.119784 0.119032 0.038293 0.036908
1 0.094788 0.033023 0.035102 0.051800
1 0.137069 0.019101 0.040952 0.038202
1 0.186619 0.017267 0.014892 0.034533
2 0.193267 0.031943 0.027124 0.029785
1 0.211882 0.044570 0.023933 0.035613
1 0.294761 0.050397 0.021274 0.039498
1 0.336510 0.073707 0.032442 0.042088
1 0.351136 0.256302 0.031911 0.045973
1 0.403788 0.248964 0.055312 0.033023
1 0.439422 0.233748 0.034038 0.047915
2 0.388631 0.278749 0.023933 0.026548
2 0.393683 0.420120 0.040420 0.031728
2 0.449527 0.390659 0.020210 0.020720
2 0.480640 0.403609 0.034570 0.034965
1 0.417882 0.342096 0.029251 0.042735
1 0.425062 0.350514 0.022337 0.025900
1 0.444209 0.323642 0.032974 0.026548
1 0.440486 0.338859 0.048930 0.041440
1 0.483033 0.340154 0.037229 0.046620
1 0.503509 0.348571 0.028188 0.047915
1 0.529126 0.247561 0.027656 0.040145
1 0.488972 0.489403 0.033506 0.040793
1 0.535242 0.555448 0.026060 0.033023
1 0.701016 0.578380 0.026326 0.072844
1 0.894208 0.666602 0.060630 0.099068
1 0.975181 0.564621 0.024731 0.060218
1 0.976377 0.526742 0.027124 0.036908
1 0.870275 0.550052 0.022337 0.025253
2 0.892213 0.562678 0.034304 0.038850
1 0.818819 0.475751 0.035899 0.033994
1 0.840757 0.490320 0.036697 0.032051
1 0.857510 0.464582 0.028720 0.029138
1 0.868679 0.469924 0.031911 0.041764
1 0.762990 0.310045 0.024760 0.041224
1 0.712317 0.332653 0.035102 0.014569
1 0.725879 0.306430 0.033506 0.045649
1 0.722688 0.361305 0.033506 0.042735
1 0.768560 0.402584 0.035899 0.024281
1 0.772178 0.374687 0.022337 0.025900
1 0.793718 0.389256 0.016487 0.018778
1 0.783347 0.361413 0.027656 0.043383
1 0.977470 0.326988 0.024465 0.050505
1 0.910989 0.010360 0.028720 0.018130
1 0.986511 0.020720 0.017019 0.029785
1 0.984650 0.055038 0.016487 0.037555
1 0.992192 0.068311 0.015616 0.018778
1 0.956728 0.130148 0.021274 0.031080
1 0.933327 0.179358 0.025528 0.047915
1 0.966833 0.169645 0.026592 0.049210
1 0.828288 0.106514 0.042016 0.040793
1 0.866581 0.159933 0.024997 0.034965
1 0.854082 0.182919 0.026592 0.031728
1 0.860730 0.209143 0.027124 0.055685
1 0.748245 0.235043 0.021274 0.068635
1 0.565823 0.229755 0.024465 0.033023
1 0.584970 0.229431 0.013828 0.023310
1 0.596670 0.215510 0.013828 0.012303
1 0.616348 0.160148 0.014892 0.020720
1 0.679904 0.288677 0.030315 0.023958
1 0.712346 0.208711 0.023933 0.036260
1 0.641877 0.164033 0.025528 0.025900
1 0.619274 0.182811 0.028188 0.029785
1 0.676978 0.207416 0.017019 0.024605
1 0.621667 0.208064 0.022337 0.025900
1 0.675649 0.241086 0.023933 0.034965
1 0.647638 0.099931 0.022869 0.040145
1 0.711194 0.127450 0.022337 0.039498
1 0.675826 0.156263 0.020742 0.036260
1 0.773951 0.044030 0.022337 0.041440
1 0.759060 0.042088 0.024465 0.022015
1 0.704546 0.013598 0.017551 0.025900
1 0.680347 0.023958 0.022337 0.022015
1 0.675826 0.078348 0.021806 0.045325
1 0.735127 0.042411 0.017019 0.039498
1 0.747093 0.012950 0.019678 0.023310
1 0.545506 0.444087 0.023885 0.027548
2 0.581647 0.395495 0.021999 0.023722
1 0.567819 0.503010 0.027027 0.024487
2 0.537335 0.515254 0.025142 0.024487
1 0.565305 0.537445 0.028284 0.016835
1 0.587304 0.496505 0.021999 0.040557
1 0.599875 0.522906 0.025770 0.030609
1 0.600818 0.547393 0.030170 0.027548
1 0.571905 0.556193 0.021370 0.020661
1 0.645758 0.494592 0.025770 0.030609
1 0.631302 0.463983 0.027027 0.032140
1 0.598304 0.470105 0.026399 0.026018
1 0.569705 0.452887 0.037084 0.028313
1 0.564677 0.433374 0.030799 0.022957
1 0.612132 0.389756 0.033941 0.042853
1 0.638216 0.349199 0.028284 0.047444
1 0.667443 0.384017 0.028913 0.031374
1 0.657072 0.418070 0.034570 0.030609
1 0.645130 0.454035 0.035827 0.033670