1 0.123717 0.319865 0.107407 0.119376
1 0.049358 0.164907 0.078490 0.071166
1 0.087570 0.094888 0.117735 0.087236
1 0.422186 0.136593 0.097080 0.089532
1 0.529593 0.254821 0.125997 0.119376
1 0.588460 0.190542 0.128063 0.096419
1 0.774358 0.174472 0.111538 0.128558
1 0.819799 0.105601 0.074359 0.105601
1 0.948895 0.276630 0.068162 0.089532
1 0.774358 0.438476 0.078490 0.055096
1 0.966702 0.701331 0.066596 0.176768
1 0.819799 0.664601 0.128063 0.084940
1 0.555412 0.702479 0.090883 0.101010
1 0.629771 0.736915 0.119800 0.101010
1 0.855946 0.872360 0.055769 0.091827
1 0.839422 0.915978 0.121866 0.114784
1 0.128881 0.870064 0.138390 0.123967
1 0.265206 0.982094 0.072293 0.035812
1 0.187748 0.466024 0.095014 0.110193
1 0.100996 0.449954 0.103276 0.064279
1 0.054522 0.418962 0.072293 0.075758
1 0.006089 0.438476 0.012178 0.096419
1 0.079308 0.516529 0.097080 0.105601
2 0.012286 0.891873 0.024572 0.080349
2 0.874536 0.494720 0.076424 0.084940
2 0.231124 0.119376 0.061966 0.073462