1 0.285840 0.190296 0.039972 0.039683
1 0.274323 0.110029 0.037262 0.039683
1 0.299390 0.139791 0.053521 0.059524
1 0.367477 0.156926 0.044714 0.061328
1 0.425741 0.302579 0.063684 0.062229
1 0.566319 0.301677 0.031842 0.049603
1 0.576143 0.353986 0.036584 0.047799
1 0.611372 0.329185 0.048779 0.066739
1 0.531429 0.375631 0.054199 0.056818
1 0.524315 0.400884 0.052166 0.073052
1 0.569707 0.396374 0.054876 0.065837
1 0.782776 0.256584 0.046069 0.051407
1 0.817553 0.240350 0.040649 0.045996
1 0.660377 0.459506 0.051489 0.035173
1 0.823990 0.544583 0.052166 0.067641
1 0.837200 0.577501 0.043359 0.059524
1 0.873107 0.609067 0.043359 0.041486
1 0.877511 0.544583 0.065716 0.100108
1 0.833813 0.619438 0.054199 0.053211
1 0.933855 0.474236 0.039294 0.056818
1 0.926403 0.516174 0.035229 0.054113
1 0.974166 0.471080 0.027777 0.052309
1 0.983526 0.538721 0.032948 0.050505
1 0.955873 0.546386 0.042682 0.074856
1 0.947405 0.606812 0.031164 0.056818
1 0.943679 0.567581 0.067071 0.070346
1 0.922338 0.608165 0.058264 0.102814
1 0.970439 0.586520 0.051489 0.086580
1 0.977892 0.624399 0.039294 0.070346
1 0.848153 0.837692 0.077911 0.098304
1 0.898287 0.857985 0.038617 0.063131
1 0.918273 0.952231 0.035229 0.038781
0 0.978389 0.048179 0.020467 0.025917
1 0.910497 0.010633 0.042432 0.021265
1 0.865819 0.015617 0.040934 0.031233
1 0.844353 0.010300 0.045926 0.020600
1 0.843355 0.031898 0.027955 0.026582
1 0.867317 0.045853 0.036941 0.049176
1 0.880795 0.030569 0.046925 0.049176
1 0.899765 0.048511 0.022963 0.049176
1 0.930715 0.077751 0.046925 0.082403
1 0.725461 0.018607 0.042432 0.037214
1 0.731950 0.039208 0.034445 0.045189
1 0.785614 0.049176 0.056909 0.061138
1 0.747925 0.064793 0.071386 0.061802
1 0.785864 0.118288 0.054413 0.079745
1 0.713729 0.169125 0.047923 0.061802
0 0.709486 0.162480 0.011482 0.009968
0 0.915489 0.307571 0.019469 0.016614
0 0.923227 0.329501 0.011981 0.013955
0 0.911745 0.357190 0.008986 0.015284
0 0.982632 0.417663 0.010982 0.016614
1 0.925973 0.340909 0.046426 0.046518
1 0.886037 0.435495 0.052416 0.045189
1 0.682613 0.812290 0.060902 0.051834
1 0.487841 0.902999 0.072384 0.055157
1 0.296232 0.921274 0.045926 0.046518
1 0.320193 0.981415 0.052915 0.035221
1 0.368616 0.951178 0.042931 0.047847
1 0.379099 0.974105 0.044928 0.045853
1 0.371361 0.980751 0.076378 0.035221
1 0.413544 0.966131 0.022963 0.041866
1 0.470952 0.987883 0.062899 0.024234
1 0.422030 0.992867 0.059904 0.014265
1 0.068097 0.979244 0.038938 0.041512
1 0.633441 0.037214 0.074381 0.066454
1 0.522037 0.032895 0.046925 0.065789
1 0.550491 0.023259 0.049920 0.046518
1 0.509057 0.058147 0.053914 0.075093
1 0.489838 0.038211 0.051418 0.033892
1 0.489589 0.066786 0.037939 0.052499
1 0.380014 0.016614 0.071386 0.033227
1 0.086817 0.076090 0.042432 0.049841
1 0.085569 0.032895 0.043930 0.041866
1 0.109531 0.048844 0.029952 0.048511
1 0.020673 0.235469 0.038938 0.073099
1 0.060859 0.267367 0.033446 0.043860
1 0.060110 0.220184 0.042931 0.055821
1 0.074587 0.323520 0.032947 0.044524
1 0.080078 0.387095 0.031949 0.069777
1 0.110779 0.404040 0.050419 0.063796
1 0.116021 0.346558 0.070886 0.083068
1 0.164443 0.358187 0.043930 0.043860
1 0.030657 0.376462 0.059904 0.137560
1 0.049128 0.479798 0.058906 0.058480
1 0.022920 0.521332 0.041434 0.047182
1 0.052373 0.351209 0.036442 0.043195
1 0.053371 0.384104 0.024461 0.039872
1 0.092059 0.507376 0.022963 0.025917
1 0.089313 0.533626 0.050419 0.075758
1 0.133992 0.503721 0.044928 0.050505
1 0.090062 0.696327 0.052915 0.052499
1 0.015828 0.752813 0.031656 0.044524
1 0.026414 0.786040 0.041434 0.052499
1 0.108533 0.779063 0.049920 0.050505
1 0.163112 0.612263 0.048922 0.034556
1 0.244481 0.586678 0.040934 0.061802
1 0.217774 0.633528 0.052416 0.029240
1 0.238241 0.653797 0.042432 0.036550
1 0.175841 0.697656 0.074381 0.064460
1 0.220520 0.689682 0.046925 0.067119
1 0.251470 0.732877 0.037939 0.055157
1 0.273934 0.714934 0.051917 0.060473
1 0.288411 0.747829 0.046925 0.039872
1 0.268193 0.778398 0.036442 0.046518
1 0.247227 0.784047 0.044429 0.037879
1 0.223265 0.788366 0.037440 0.041201
1 0.203297 0.754142 0.049421 0.024588
1 0.165109 0.782053 0.037939 0.052499
1 0.150632 0.757797 0.048922 0.046518
1 0.172097 0.818270 0.044928 0.058480
1 0.207541 0.838207 0.060902 0.051834
1 0.234747 0.817938 0.051418 0.045853
1 0.202549 0.915626 0.034944 0.036550
1 0.225262 0.856149 0.047424 0.033227
1 0.236494 0.878079 0.047923 0.045189
1 0.168104 0.949849 0.069888 0.047847
1 0.218523 0.958821 0.045926 0.051170
1 0.208040 0.975766 0.081869 0.041201
1 0.115521 0.815612 0.031949 0.050505
1 0.139982 0.794679 0.042931 0.049841
1 0.133493 0.878744 0.033946 0.055821
1 0.115521 0.848175 0.053914 0.046518
1 0.097301 0.865121 0.056410 0.064460
1 0.084321 0.895689 0.065395 0.052499
1 0.101294 0.939217 0.037440 0.034556
1 0.111029 0.958821 0.017971 0.021930
1 0.131496 0.933236 0.047923 0.043860
1 0.376270 0.724460 0.050918 0.048511
1 0.403976 0.745393 0.055411 0.046518
1 0.407470 0.778620 0.046426 0.055821
1 0.432929 0.738747 0.041434 0.049176
1 0.441749 0.643496 0.053414 0.055821
1 0.462465 0.696992 0.036941 0.039208
1 0.493166 0.706628 0.027456 0.039872
1 0.385838 0.602627 0.064397 0.073764
1 0.360129 0.535398 0.035942 0.037214
1 0.305467 0.425749 0.036442 0.055821
1 0.347150 0.428739 0.047923 0.052499
1 0.358133 0.457979 0.053914 0.035221
1 0.385589 0.436714 0.042931 0.035221
1 0.399317 0.400164 0.047424 0.028575
1 0.179682 0.287167 0.052531 0.070578
1 0.269423 0.385587 0.059827 0.084823
0 0.932792 0.096154 0.013619 0.016188
0 0.192815 0.910278 0.006810 0.013598
0 0.343031 0.309889 0.014754 0.022447
0 0.228728 0.266123 0.008269 0.011655
0 0.245509 0.269684 0.018483 0.017483
0 0.256696 0.213028 0.018483 0.016835
0 0.261317 0.231805 0.012160 0.014245
0 0.272261 0.304973 0.012646 0.014245
0 0.208542 0.302383 0.012646 0.015540
0 0.173278 0.255439 0.014106 0.012303
0 0.177656 0.277130 0.014106 0.012950
0 0.165496 0.285872 0.015078 0.017483