1 0.245881 0.138070 0.039638 0.048132
1 0.227301 0.147222 0.049548 0.050166
1 0.208411 0.184507 0.024155 0.054233
1 0.213366 0.192981 0.032825 0.039997
1 0.239068 0.216030 0.034684 0.038641
1 0.258268 0.278399 0.055741 0.052200
2 0.259197 0.317040 0.041496 0.039997
1 0.029109 0.317040 0.055741 0.044065
1 0.040567 0.447878 0.061315 0.057623
1 0.035303 0.500416 0.060696 0.047454
1 0.165985 0.467876 0.042116 0.037963
1 0.393286 0.511602 0.033445 0.054911
1 0.356745 0.543464 0.056980 0.050844
2 0.373157 0.583122 0.063793 0.046098
2 0.397312 0.301448 0.030348 0.045420
1 0.387093 0.258061 0.055741 0.041353
1 0.431376 0.315684 0.032825 0.045420
2 0.284591 0.180440 0.045212 0.054233
1 0.397312 0.058415 0.076180 0.046098
1 0.419299 0.015706 0.055741 0.031184
1 0.585904 0.319751 0.049548 0.067114
1 0.581259 0.147561 0.035303 0.056267
1 0.620587 0.116716 0.045832 0.043387
1 0.614703 0.157730 0.022916 0.034574
1 0.618729 0.186541 0.030967 0.035252
1 0.642264 0.159424 0.044593 0.036607
1 0.497646 0.122817 0.051406 0.052877
1 0.535736 0.102141 0.035922 0.057623
1 0.539762 0.070617 0.053883 0.073215
1 0.567633 0.087226 0.035303 0.029150
1 0.585904 0.057398 0.042116 0.034574
1 0.602007 0.047229 0.032206 0.039997
2 0.601387 0.081125 0.019819 0.018304
1 0.425802 0.103157 0.056361 0.065080
1 0.473182 0.046212 0.061935 0.052877
1 0.484950 0.029942 0.054503 0.058301
1 0.468537 0.089260 0.051406 0.045420
1 0.643813 0.051297 0.051406 0.071181
1 0.675399 0.026157 0.040258 0.052314
1 0.594884 0.015310 0.040258 0.030620
1 0.545956 0.016723 0.056361 0.031862
1 0.641335 0.009605 0.029109 0.017626
0 0.625542 0.007910 0.016103 0.010169
1 0.537285 0.474316 0.050167 0.075249
1 0.470395 0.547192 0.032825 0.062368
1 0.536356 0.635660 0.052025 0.050844
1 0.568872 0.596002 0.047690 0.033896
1 0.558652 0.557361 0.048309 0.051522
2 0.562678 0.911911 0.053883 0.055589
1 0.547194 0.956314 0.061315 0.064402
1 0.436331 0.950213 0.040258 0.060334
1 0.463892 0.958687 0.038400 0.042031
1 0.437879 0.950213 0.019819 0.030506
2 0.364796 0.942078 0.055741 0.023727
1 0.362009 0.967161 0.045212 0.034574
1 0.120154 0.976313 0.037161 0.042031
1 0.283971 0.859711 0.036542 0.029828
1 0.263842 0.848526 0.040877 0.048132
1 0.223275 0.842763 0.039019 0.054233
1 0.251765 0.799038 0.051406 0.049488
1 0.207172 0.786157 0.037780 0.061690
1 0.259817 0.731246 0.058838 0.058979
1 0.223585 0.688538 0.037161 0.039997
1 0.149573 0.708197 0.072464 0.095586
0 0.391428 0.634982 0.014864 0.022371
1 0.685179 0.913422 0.044886 0.073215
1 0.871766 0.791076 0.057208 0.052021
1 0.709822 0.830092 0.057208 0.058765
2 0.734466 0.786259 0.067770 0.042388
2 0.751188 0.621044 0.046647 0.062618
2 0.833040 0.564688 0.051927 0.057801
1 0.699261 0.508331 0.066010 0.066471
1 0.965939 0.719788 0.066010 0.059728
1 0.901690 0.742908 0.048407 0.032754
1 0.956258 0.423075 0.041366 0.052021
1 0.773631 0.343116 0.044006 0.059728
1 0.805316 0.348896 0.044006 0.071288
1 0.768351 0.359975 0.052808 0.049131
2 0.684299 0.432226 0.041366 0.043351
2 0.868245 0.329629 0.030804 0.032754
2 0.730945 0.038696 0.025524 0.023120
2 0.708502 0.066634 0.019363 0.028901
1 0.756469 0.145147 0.058968 0.045278
1 0.753829 0.103241 0.058968 0.046241
1 0.714663 0.112393 0.054568 0.051058
1 0.759549 0.044477 0.044006 0.044314
2 0.981781 0.138404 0.034325 0.035644
2 0.755081 0.969238 0.018866 0.050687
2 0.784024 0.973696 0.038161 0.033322
1 0.937741 0.569606 0.030015 0.037077
2 0.970114 0.543559 0.017580 0.018773
2 0.892505 0.507421 0.019295 0.021589
1 0.952320 0.471752 0.018866 0.026282
1 0.910085 0.513757 0.019295 0.045525
1 0.928951 0.493341 0.021868 0.050687
1 0.911157 0.566321 0.000000 0.000469
1 0.934525 0.539804 0.033016 0.033791
2 0.990310 0.514461 0.019380 0.028160
1 0.974187 0.500850 0.024012 0.030037
1 0.970972 0.526663 0.032158 0.023466
1 0.950819 0.503901 0.031301 0.040831
1 0.955321 0.612315 0.044593 0.062420
2 0.987265 0.609499 0.022725 0.031445
1 0.991167 0.640709 0.017666 0.031914
1 0.992882 0.581809 0.014235 0.026752
1 0.739967 0.237342 0.051839 0.049420
1 0.699833 0.256560 0.048495 0.047590
0 0.032609 0.211716 0.021739 0.031116
0 0.183946 0.888954 0.033445 0.034777