2 0.013935 0.400495 0.027870 0.066985
2 0.226991 0.223994 0.031587 0.052100
2 0.193856 0.287790 0.042116 0.054226
2 0.132231 0.390926 0.052645 0.045720
2 0.177443 0.515859 0.051406 0.070175
2 0.254552 0.443557 0.040877 0.085061
2 0.209030 0.452063 0.050167 0.076555
2 0.500434 0.687575 0.027251 0.058479
2 0.316487 0.819419 0.037161 0.069112
2 0.734238 0.762003 0.034064 0.054226
2 0.947913 0.111289 0.050167 0.120148
2 0.832095 0.268651 0.036542 0.073365
2 0.666729 0.411659 0.052645 0.053163
1 0.698006 0.058657 0.102812 0.110579
1 0.406602 0.307992 0.039019 0.079744
1 0.438499 0.347864 0.060696 0.114832
1 0.222036 0.333510 0.042735 0.122275
1 0.270655 0.340953 0.052025 0.109516
1 0.313700 0.363813 0.072464 0.119085
1 0.314939 0.419102 0.030348 0.085061
1 0.350861 0.423355 0.035303 0.055289
1 0.096309 0.348927 0.031587 0.080808
1 0.419609 0.160199 0.170321 0.111642
1 0.397622 0.110757 0.086709 0.085061
1 0.453673 0.048025 0.098476 0.065922
1 0.415583 0.039430 0.161031 0.078859
1 0.554627 0.088429 0.082373 0.080808
2 0.577852 0.018164 0.039638 0.036328
1 0.488666 0.940099 0.068128 0.082934
1 0.641026 0.571680 0.066890 0.079744
1 0.459866 0.624311 0.051406 0.110579
1 0.601387 0.491404 0.037161 0.099946
1 0.634522 0.467480 0.074941 0.077618
1 0.673232 0.496720 0.056980 0.087187
1 0.113712 0.624304 0.053512 0.111387
1 0.251839 0.520381 0.051505 0.091866
1 0.972910 0.226411 0.027425 0.133205
0 0.120067 0.357320 0.019398 0.034450