0 0.411430 0.073140 0.017945 0.010088
2 0.115331 0.484237 0.035891 0.026482
2 0.153706 0.481715 0.042817 0.024380
2 0.133557 0.556957 0.039039 0.026061
2 0.270509 0.561160 0.039669 0.022699
2 0.131668 0.856873 0.032742 0.024800
2 0.151503 0.955654 0.048484 0.028163
2 0.762275 0.966372 0.025816 0.017654
2 0.865540 0.915511 0.027075 0.028583
0 0.621546 0.876776 0.021409 0.016940
2 0.779276 0.645649 0.035891 0.031106
2 0.715366 0.576082 0.046595 0.032367
2 0.646732 0.596469 0.027705 0.031106
2 0.582822 0.567465 0.051003 0.029424
2 0.397386 0.596469 0.039039 0.029424
2 0.442722 0.468054 0.044076 0.026482
2 0.454370 0.444094 0.037150 0.025641
2 0.549449 0.333123 0.024557 0.023119
2 0.304196 0.339849 0.042817 0.033207
2 0.315845 0.287936 0.038409 0.032787
2 0.677271 0.141236 0.034631 0.029424
1 0.587817 0.378962 0.054025 0.040984
1 0.823153 0.328415 0.049932 0.028415
2 0.820697 0.345628 0.025375 0.014754
0 0.940207 0.496448 0.020464 0.013661
1 0.398016 0.166246 0.049114 0.039092
1 0.229266 0.017444 0.052892 0.032367
1 0.623513 0.010576 0.041192 0.021152
2 0.595100 0.051492 0.027705 0.015553
2 0.574636 0.086591 0.034631 0.027743
0 0.045719 0.147331 0.011964 0.008827
2 0.079721 0.233291 0.035891 0.026902
2 0.182986 0.420135 0.033372 0.018075
1 0.151188 0.412989 0.032742 0.028163
1 0.273270 0.929673 0.054916 0.030370