1 0.058741 0.463669 0.072513 0.165142
2 0.303260 0.116871 0.042159 0.105691
2 0.964306 0.126780 0.048904 0.112296
2 0.884205 0.199442 0.060708 0.118902
2 0.819280 0.655233 0.082631 0.085874
2 0.206296 0.825329 0.074199 0.135416
2 0.391793 0.727895 0.084317 0.138719
2 0.539348 0.513211 0.065767 0.132113
2 0.511523 0.906248 0.084317 0.151930
1 0.679314 0.318344 0.048904 0.112296
1 0.727375 0.399264 0.050590 0.089176
1 0.804103 0.153203 0.069140 0.118902
1 0.808319 0.471926 0.064081 0.128810
1 0.926363 0.708078 0.091062 0.112296
1 0.690275 0.894689 0.064081 0.095782
1 0.161608 0.828632 0.038786 0.075965
1 0.742552 0.059072 0.040472 0.062754