1 0.834072 0.109848 0.121634 0.083333
0 0.225900 0.213384 0.060817 0.042929
0 0.278482 0.223064 0.050681 0.036476
0 0.262292 0.246914 0.052089 0.028058
0 0.224985 0.434905 0.061943 0.033670
0 0.258772 0.408249 0.047865 0.030864
0 0.299599 0.392116 0.053497 0.035073
0 0.339017 0.455948 0.042234 0.053311
0 0.504435 0.463664 0.046458 0.037879
0 0.011130 0.667789 0.022260 0.044893
0 0.292560 0.629910 0.045050 0.036476
0 0.314381 0.602553 0.054904 0.040685
0 0.163042 0.974186 0.045050 0.051627
0 0.194013 0.972924 0.050681 0.049102
0 0.385475 0.775814 0.045050 0.025253
0 0.396034 0.815095 0.038011 0.047699
0 0.438972 0.822811 0.056312 0.037879
0 0.485429 0.840348 0.064759 0.042088
0 0.398145 0.891554 0.042234 0.051908
0 0.410112 0.938552 0.040826 0.039282
0 0.440379 0.916807 0.042234 0.037879
0 0.721941 0.340441 0.064759 0.061728
0 0.736723 0.383230 0.052089 0.046296
0 0.751505 0.412692 0.059128 0.043490
0 0.843012 0.435138 0.053497 0.046296
0 0.873984 0.407080 0.059128 0.054714
0 0.986969 0.515105 0.026062 0.057520
1 0.297252 0.308174 0.174568 0.117845
1 0.306403 0.505986 0.285785 0.280584
1 0.511239 0.923588 0.166121 0.126263