1 0.018106 0.300224 0.036212 0.063455
1 0.027240 0.514331 0.052088 0.064750
1 0.135136 0.307994 0.038519 0.078995
1 0.059193 0.450553 0.038956 0.083528
1 0.105371 0.416559 0.033266 0.072520
1 0.153957 0.538613 0.053401 0.070578
1 0.191381 0.542174 0.032828 0.056980
1 0.220489 0.520159 0.041145 0.046620
1 0.265792 0.401342 0.037205 0.073168
0 0.328604 0.466416 0.040269 0.055685
1 0.228368 0.270871 0.046397 0.062160
1 0.282206 0.276051 0.043771 0.073815
1 0.307593 0.293210 0.035017 0.070578
1 0.322913 0.317815 0.032391 0.055038
1 0.298402 0.412242 0.025387 0.077700
1 0.267324 0.342636 0.045522 0.057628
1 0.202762 0.345226 0.035455 0.042088
1 0.139659 0.484870 0.090168 0.044678
1 0.223480 0.463503 0.039832 0.051153
1 0.072123 0.736532 0.092466 0.092593
1 0.065722 0.877525 0.059747 0.086279
1 0.201813 0.850870 0.044099 0.075758
1 0.263339 0.819304 0.049078 0.092593
1 0.181897 0.774060 0.075396 0.077862
1 0.184387 0.770904 0.043388 0.065236
1 0.217461 0.712507 0.046944 0.076810
1 0.253737 0.695672 0.054057 0.081019
1 0.253025 0.607288 0.049790 0.066288
1 0.305304 0.586771 0.041965 0.065236
0 0.336482 0.625270 0.029764 0.029785
1 0.380691 0.558253 0.028013 0.053743
1 0.312408 0.669947 0.046397 0.072520
1 0.363839 0.653760 0.046835 0.125615
1 0.333418 0.740741 0.060404 0.084175
0 0.302122 0.912868 0.024074 0.075758
1 0.388351 0.891501 0.056465 0.086118
1 0.357711 0.931322 0.031077 0.047915
1 0.337577 0.887939 0.029327 0.036260
1 0.346112 0.901537 0.057778 0.128205
1 0.657324 0.893119 0.072660 0.098420
1 0.714226 0.765777 0.058653 0.085470
1 0.412330 0.516955 0.050724 0.072872
1 0.450130 0.591270 0.045359 0.065657
1 0.443789 0.533911 0.047310 0.063492
1 0.866167 0.862073 0.056089 0.137807
1 0.944124 0.718013 0.063405 0.073834
0 0.800730 0.727874 0.037068 0.088745
0 0.930711 0.632636 0.047310 0.039683
0 0.909982 0.671597 0.033166 0.055556
1 0.623194 0.751323 0.063405 0.060606
0 0.586370 0.711279 0.038531 0.051227
1 0.560520 0.670515 0.046335 0.057720
1 0.556781 0.616643 0.050237 0.059163
1 0.575071 0.553872 0.031215 0.044733
1 0.706272 0.692039 0.039019 0.062771
1 0.724155 0.675084 0.044872 0.077922
1 0.769759 0.666065 0.046335 0.067100
1 0.826823 0.637566 0.025850 0.033189
1 0.854137 0.598966 0.041457 0.142136
1 0.884376 0.627826 0.032678 0.042569
1 0.968510 0.493026 0.043896 0.118326
1 0.940709 0.155123 0.051700 0.086580
1 0.967291 0.069625 0.050237 0.091631
1 0.912177 0.031025 0.049261 0.062049
1 0.878036 0.114358 0.028776 0.059885
1 0.880474 0.176768 0.045359 0.070707
1 0.939490 0.240139 0.057065 0.062771
1 0.967291 0.296777 0.026825 0.066378
1 0.979241 0.212362 0.037068 0.082251
1 0.843650 0.248798 0.039994 0.052670
1 0.804632 0.255652 0.028289 0.064935
1 0.835603 0.283069 0.043408 0.050505
1 0.878767 0.225349 0.032190 0.069264
1 0.884864 0.289923 0.049261 0.078644
1 0.948757 0.362554 0.040482 0.062771
1 0.910470 0.363636 0.037068 0.051948
1 0.861209 0.338745 0.029264 0.064214
1 0.811948 0.327561 0.036092 0.050505
1 0.935344 0.426046 0.038043 0.068543
1 0.965096 0.628427 0.035117 0.050505
1 0.936808 0.579004 0.042921 0.068543
1 0.902178 0.547980 0.038043 0.056999
1 0.448098 0.258177 0.043896 0.071429
1 0.500285 0.232564 0.047798 0.064935
1 0.508333 0.163660 0.051212 0.071429
0 0.725375 0.105940 0.046335 0.056999
1 0.801380 0.147787 0.039994 0.067100
1 0.745291 0.302670 0.048773 0.062771
1 0.617260 0.311207 0.044384 0.038961
1 0.638477 0.363155 0.053651 0.063492
1 0.704809 0.317340 0.045847 0.055556
1 0.698468 0.365320 0.052675 0.067821
1 0.787073 0.366041 0.051700 0.072150
1 0.687088 0.445406 0.049749 0.060606
1 0.770246 0.591631 0.042433 0.075036
1 0.875760 0.459836 0.027801 0.046176
1 0.847715 0.402116 0.030240 0.040404
1 0.485572 0.306518 0.059016 0.052670
1 0.567511 0.320948 0.043408 0.069986
1 0.520201 0.390212 0.044384 0.042569
1 0.579949 0.408971 0.034141 0.051227
1 0.546295 0.470418 0.049749 0.060606
1 0.649695 0.484848 0.029264 0.054834
1 0.640184 0.539683 0.057065 0.046176
1 0.740901 0.518639 0.038043 0.062771
1 0.541743 0.514430 0.023411 0.046176
1 0.691702 0.516198 0.037371 0.050505
1 0.644873 0.697402 0.032296 0.047093
1 0.982379 0.403555 0.035242 0.065074
1 0.788360 0.445804 0.035455 0.048563