2 0.209296 0.368687 0.146622 0.181818
2 0.381624 0.250000 0.171376 0.166667
2 0.330211 0.361111 0.140909 0.116162
2 0.189302 0.589646 0.099017 0.189394
2 0.071801 0.727273 0.143602 0.121212
2 0.120751 0.921717 0.156143 0.126263
2 0.274990 0.904040 0.099017 0.146465
2 0.604412 0.424242 0.110442 0.141414
2 0.182637 0.213384 0.119963 0.053030
1 0.117895 0.123737 0.165663 0.247474
1 0.042286 0.422980 0.084572 0.199495
1 0.130272 0.452020 0.114251 0.176768
1 0.065530 0.612374 0.129484 0.128788
1 0.375911 0.931818 0.140909 0.126263
1 0.464455 0.731061 0.131388 0.204545
1 0.328307 0.563131 0.228501 0.237374
1 0.428276 0.406566 0.135197 0.156566
1 0.490162 0.604798 0.171376 0.138889
1 0.541574 0.488636 0.137101 0.300505
1 0.573945 0.537879 0.087592 0.090909
1 0.682484 0.546717 0.163759 0.239899
1 0.737705 0.803030 0.079975 0.101010
1 0.729136 0.915404 0.051413 0.118687
1 0.821488 0.877525 0.133292 0.154040
1 0.967870 0.737374 0.064260 0.151515
2 0.802447 0.603535 0.079975 0.111111
2 0.810063 0.501263 0.095209 0.088384
1 0.329259 0.101010 0.146622 0.080808
1 0.333067 0.050505 0.196130 0.101010
1 0.533958 0.157828 0.121867 0.138889
1 0.592035 0.058081 0.150430 0.116162
1 0.629167 0.242424 0.083784 0.111111
1 0.501587 0.270202 0.125676 0.141414
1 0.837674 0.070707 0.158047 0.141414
1 0.903368 0.186869 0.091400 0.151515
2 0.803399 0.255051 0.089496 0.121212
2 0.691052 0.395202 0.097113 0.138889
1 0.886231 0.409091 0.099017 0.141414
1 0.945260 0.330808 0.099017 0.196970
1 0.824345 0.414141 0.089496 0.116162
1 0.477785 0.074495 0.085688 0.148990
1 0.963109 0.934343 0.073782 0.131313
1 0.594891 0.964646 0.133292 0.070707