0 0.087797 0.578283 0.054695 0.065657
0 0.013987 0.941919 0.027974 0.060606
0 0.234788 0.823232 0.058113 0.050505
0 0.273246 0.909091 0.052985 0.060606
0 0.362979 0.748737 0.054695 0.078283
0 0.758660 0.518939 0.032475 0.042929
0 0.806517 0.473485 0.029056 0.063131
0 0.685164 0.829545 0.056404 0.053030
0 0.516807 0.810606 0.068368 0.055556
0 0.605686 0.765152 0.041021 0.055556
0 0.608250 0.631313 0.035893 0.040404
1 0.293756 0.190657 0.217069 0.260101
1 0.352724 0.477273 0.170920 0.196970
1 0.308284 0.582071 0.143573 0.189394
1 0.506552 0.614899 0.174339 0.224747