2 0.599539 0.619416 0.104552 0.152921
2 0.920356 0.596220 0.107416 0.113402
2 0.754219 0.743127 0.095959 0.080756
2 0.857339 0.943299 0.090230 0.113402
2 0.743477 0.939863 0.111713 0.103093
2 0.188492 0.487113 0.093094 0.073883
2 0.199234 0.585052 0.108849 0.115120
2 0.353197 0.774055 0.064450 0.097938
2 0.096830 0.158935 0.104552 0.159794
2 0.305934 0.054983 0.095959 0.109966
1 0.769257 0.218213 0.048695 0.127148
1 0.769973 0.277491 0.081637 0.094502
1 0.674731 0.073883 0.103120 0.134021
1 0.446292 0.306701 0.090230 0.125430
1 0.459898 0.247423 0.074475 0.144330
1 0.509309 0.270619 0.118874 0.149485
1 0.555857 0.929553 0.111713 0.096220
1 0.224298 0.809278 0.058721 0.085911
1 0.772838 0.852234 0.179027 0.161512
1 0.192073 0.199313 0.103120 0.089347