2 0.077190 0.223816 0.076456 0.082071
2 0.299514 0.119649 0.067737 0.073954
2 0.549895 0.179774 0.034204 0.075758
2 0.367810 0.402086 0.103282 0.170455
2 0.291355 0.515272 0.084503 0.129870
2 0.868907 0.326780 0.067737 0.140693
2 0.750199 0.291156 0.079809 0.082071
2 0.113788 0.414141 0.061969 0.111111
2 0.253688 0.648990 0.060091 0.095960
2 0.668530 0.069283 0.047187 0.088060
2 0.575233 0.090003 0.051773 0.055685
2 0.754558 0.061836 0.043335 0.066693
2 0.789708 0.042088 0.053928 0.047915
2 0.813542 0.081261 0.050558 0.051153
2 0.865005 0.074705 0.062595 0.149410
2 0.921340 0.084175 0.056336 0.168350
2 0.744509 0.130471 0.084503 0.109428
1 0.137075 0.129419 0.064160 0.166246
1 0.185586 0.054714 0.082939 0.109428
1 0.255223 0.021044 0.078244 0.042088
2 0.281826 0.196759 0.050076 0.061027
1 0.640184 0.472433 0.156488 0.170455
2 0.609668 0.337753 0.082939 0.111532
1 0.312341 0.748106 0.070420 0.107323
1 0.400615 0.885943 0.134296 0.172559
1 0.430807 0.245160 0.041469 0.048401
1 0.419853 0.168876 0.075897 0.131524
1 0.451150 0.136258 0.033645 0.099958
1 0.433154 0.049453 0.089981 0.098906
1 0.501618 0.034196 0.120496 0.068392
1 0.527438 0.108375 0.035992 0.048401
1 0.487925 0.126789 0.116583 0.110480
1 0.475015 0.200968 0.075114 0.098906
1 0.531350 0.216751 0.042252 0.058923
1 0.578688 0.214120 0.032080 0.047348
1 0.628764 0.177294 0.083721 0.087332
1 0.605291 0.176242 0.102500 0.167298
1 0.604117 0.045770 0.048511 0.091540
1 0.655367 0.073653 0.079026 0.130471
1 0.696054 0.161511 0.077462 0.089436
1 0.809899 0.220960 0.092328 0.138889
1 0.715224 0.025779 0.068855 0.051557