2 0.208912 0.150253 0.085580 0.174242
2 0.837662 0.034091 0.064622 0.068182
2 0.862114 0.186869 0.047156 0.070707
2 0.901411 0.210859 0.069861 0.058081
2 0.972145 0.194444 0.040170 0.065657
2 0.697067 0.053030 0.059382 0.106060
2 0.731997 0.029040 0.034931 0.058080
2 0.849015 0.780303 0.069861 0.116162
2 0.816704 0.941919 0.127497 0.116162
2 0.279646 0.709596 0.076847 0.151515
1 0.077922 0.765152 0.096059 0.065657
1 0.042991 0.618687 0.075101 0.116162
1 0.108486 0.353535 0.076847 0.101010
1 0.099754 0.431818 0.094313 0.075758
1 0.195813 0.430556 0.104792 0.093434
1 0.126825 0.531566 0.061129 0.113636
1 0.223757 0.867424 0.083833 0.174242
1 0.207165 0.686869 0.089073 0.121212
1 0.323309 0.690657 0.062875 0.103535
1 0.350381 0.773990 0.089073 0.098485
1 0.544245 0.400253 0.096059 0.108586
1 0.565204 0.137626 0.040170 0.058081
1 0.445566 0.017677 0.080340 0.035354
1 0.338155 0.125000 0.047156 0.108586
1 0.362606 0.119949 0.071608 0.113636
1 0.402776 0.227273 0.075101 0.141414
2 0.361733 0.232323 0.066368 0.090909
2 0.317197 0.262626 0.085580 0.126263
2 0.877832 0.074495 0.040170 0.073232
2 0.929355 0.069444 0.041917 0.068182
1 0.978650 0.536616 0.042700 0.123737
2 0.907923 0.825818 0.052396 0.055916
2 0.932250 0.882636 0.036178 0.043290