1 0.157392 0.516503 0.101180 0.093018
1 0.147663 0.626047 0.058373 0.081939
1 0.198253 0.598927 0.059671 0.131565
1 0.712546 0.333828 0.085120 0.168605
1 0.762333 0.404557 0.069060 0.135741
1 0.739447 0.498147 0.082711 0.125739
1 0.743462 0.628887 0.047378 0.107164
1 0.648304 0.568161 0.081908 0.128597
1 0.657138 0.695329 0.067454 0.094304
1 0.612570 0.785108 0.058620 0.127168
1 0.584063 0.804398 0.062636 0.151459
1 0.641880 0.852979 0.067454 0.157174
1 0.635456 0.714380 0.091544 0.108593
1 0.956664 0.642223 0.062636 0.095733
1 0.939800 0.597928 0.081908 0.092876
1 0.936187 0.733670 0.053802 0.081445
1 0.898846 0.692947 0.064242 0.094304
1 0.916914 0.804398 0.057014 0.082874
1 0.969111 0.734384 0.060226 0.148601