1 0.150893 0.030303 0.132692 0.060606
1 0.217239 0.545455 0.094780 0.121212
1 0.065021 0.616162 0.130041 0.171717
1 0.150893 0.637626 0.128901 0.108586
1 0.322445 0.630051 0.229368 0.184343
1 0.317706 0.877525 0.159231 0.133838
1 0.173640 0.896465 0.094780 0.095960
1 0.085494 0.962121 0.111841 0.075758
1 0.304437 0.954545 0.212308 0.090909
1 0.526222 0.085859 0.197143 0.171717
1 0.803929 0.222222 0.206621 0.227273
2 0.883544 0.059343 0.138379 0.118686
2 0.962150 0.151515 0.075700 0.212121
2 0.937569 0.265152 0.109945 0.166667
2 0.971628 0.613636 0.056744 0.166667
2 0.964045 0.763889 0.071909 0.083333
1 0.367939 0.335859 0.119423 0.358586
1 0.456085 0.463384 0.132692 0.138889
1 0.547074 0.285354 0.178187 0.207071
1 0.609629 0.407828 0.197143 0.123737
1 0.622898 0.285354 0.083407 0.095960
1 0.757486 0.376263 0.136484 0.237374
1 0.841841 0.462121 0.127006 0.217172
1 0.542335 0.901515 0.134588 0.136364
1 0.589725 0.792929 0.172500 0.106061
1 0.566030 0.535354 0.178187 0.136364
1 0.713887 0.555556 0.170604 0.212121
1 0.682610 0.859848 0.138379 0.189394
1 0.739478 0.681818 0.127006 0.121212
1 0.838997 0.672980 0.087198 0.063131
1 0.826676 0.592172 0.047390 0.063131
1 0.907239 0.619949 0.102363 0.073232
1 0.812459 0.762626 0.140275 0.212121
1 0.598255 0.672980 0.181978 0.204545