1 0.501539 0.088034 0.035338 0.042735
1 0.549498 0.201994 0.075725 0.048433
1 0.617651 0.249858 0.090870 0.059829
1 0.679913 0.230199 0.052166 0.058120
1 0.728714 0.284900 0.072359 0.045584
1 0.681175 0.280627 0.029449 0.045014
1 0.874775 0.175323 0.049836 0.046461
1 0.512067 0.227564 0.089923 0.051282
1 0.456062 0.269231 0.085191 0.066239
1 0.417411 0.285791 0.080458 0.075855
1 0.343263 0.250534 0.083613 0.030983
1 0.168149 0.293269 0.093079 0.037393
1 0.283314 0.353632 0.064682 0.053419
1 0.226521 0.336538 0.052061 0.066239
1 0.181559 0.351496 0.037862 0.044872
1 0.146063 0.385150 0.074147 0.033120
1 0.101890 0.342949 0.115165 0.081197
1 0.036352 0.456731 0.072704 0.075855
1 0.056928 0.558761 0.082035 0.064103
1 0.150007 0.591880 0.069414 0.029915
1 0.257284 0.534188 0.072570 0.061966
1 0.172882 0.533654 0.115165 0.048077
1 0.134231 0.563034 0.053638 0.047009
1 0.218633 0.577991 0.052061 0.044872
1 0.333009 0.607906 0.094656 0.038462
1 0.239142 0.677885 0.077303 0.039530
1 0.340108 0.722756 0.089923 0.067308
1 0.339319 0.646902 0.066259 0.041667
1 0.562550 0.642628 0.067837 0.041667
1 0.412678 0.649038 0.080458 0.041667
1 0.413467 0.683226 0.126208 0.028846
1 0.405579 0.717415 0.056794 0.043803
1 0.314866 0.667735 0.083613 0.044872
1 0.727409 0.824786 0.059949 0.051282
2 0.667460 0.813034 0.053638 0.034188
1 0.717944 0.894765 0.069414 0.073718
1 0.906467 0.951923 0.061526 0.047009
1 0.955994 0.920406 0.088011 0.048077
1 0.953795 0.869658 0.089923 0.049145
1 0.938808 0.810363 0.066259 0.088675
1 0.947485 0.747329 0.080458 0.052350
1 0.795246 0.462073 0.078880 0.030983
1 0.837053 0.491453 0.055216 0.053419
1 0.546506 0.687919 0.088687 0.055440
1 0.711941 0.674752 0.105742 0.067914
1 0.633146 0.675907 0.061399 0.050820
1 0.664527 0.625549 0.103695 0.048048
1 0.824505 0.771079 0.086640 0.045276
1 0.817341 0.711712 0.066856 0.046662
1 0.900912 0.698314 0.078454 0.041118
2 0.864755 0.650959 0.033428 0.021252
1 0.944914 0.381217 0.098238 0.076826
1 0.107493 0.022222 0.113587 0.044444
2 0.303783 0.454094 0.076539 0.025917
0 0.273249 0.453543 0.013842 0.013785
0 0.713756 0.244003 0.015471 0.013785
0 0.824087 0.454094 0.017913 0.011580
0 0.641696 0.455749 0.014656 0.008271
0 0.975537 0.631376 0.017913 0.014337
0 0.910397 0.619245 0.017913 0.008823
0 0.886784 0.630549 0.016285 0.009374
0 0.475182 0.714089 0.013842 0.015440
1 0.161697 0.433692 0.062697 0.028122
1 0.081457 0.072502 0.061798 0.043619
1 0.126718 0.151783 0.079207 0.038314
1 0.104087 0.108164 0.053094 0.038314
1 0.155006 0.090186 0.069632 0.063660
1 0.394801 0.059240 0.067021 0.035956
1 0.404376 0.086060 0.068762 0.030651
1 0.326910 0.157972 0.047872 0.024757
1 0.333003 0.143236 0.047872 0.028294
1 0.376523 0.155025 0.051354 0.054229
1 0.439627 0.209254 0.031334 0.047156
1 0.397848 0.196286 0.050483 0.042440
1 0.443979 0.160625 0.087040 0.051282
1 0.503166 0.170940 0.059187 0.055408
1 0.544510 0.138226 0.054835 0.040672
1 0.730341 0.202476 0.047002 0.059534
1 0.716414 0.170351 0.053965 0.056587
1 0.660709 0.175361 0.043520 0.057177
1 0.600216 0.170056 0.058317 0.038314
1 0.684645 0.117595 0.080947 0.054819
1 0.603698 0.113174 0.082688 0.069555
1 0.818251 0.137636 0.076595 0.063071
1 0.794751 0.110227 0.085299 0.074271
1 0.887448 0.102269 0.072243 0.061892
1 0.490110 0.050987 0.097485 0.047745
1 0.552344 0.032125 0.107059 0.061892
1 0.693349 0.009136 0.067021 0.018272
1 0.901810 0.015620 0.074854 0.031240
1 0.840447 0.015031 0.054835 0.025346
1 0.850891 0.057471 0.047872 0.043030
1 0.816946 0.041556 0.030464 0.024167
1 0.664190 0.058061 0.043520 0.050103
1 0.919761 0.516680 0.064325 0.050731
1 0.885969 0.479460 0.052112 0.052385
1 0.934010 0.436725 0.131908 0.033085
1 0.959252 0.595809 0.071654 0.059002
1 0.968615 0.547009 0.061068 0.040805