2 0.382608 0.400253 0.157731 0.118687
2 0.379889 0.323232 0.114219 0.101010
2 0.091621 0.118687 0.130536 0.146465
2 0.132414 0.907828 0.163170 0.143939
2 0.397565 0.210859 0.133256 0.103535
2 0.446516 0.285354 0.116939 0.085859
1 0.468272 0.155303 0.100622 0.123737
1 0.959175 0.077020 0.081650 0.103535
1 0.604248 0.267677 0.155012 0.131313
2 0.852964 0.606061 0.081585 0.087236
2 0.907354 0.622130 0.066751 0.105601
2 0.896229 0.680670 0.074168 0.084940
2 0.926515 0.752984 0.063043 0.073462
1 0.834422 0.700758 0.118669 0.095271
2 0.725642 0.056244 0.084057 0.061983
2 0.692885 0.022383 0.114961 0.044766
2 0.792394 0.013774 0.103836 0.027548
2 0.818353 0.052801 0.106308 0.061983
1 0.857291 0.134298 0.077877 0.130854