1 0.234997 0.301768 0.069519 0.174242
1 0.399881 0.167929 0.067736 0.118687
2 0.544266 0.136364 0.046346 0.095960
2 0.671717 0.299242 0.076649 0.068182
2 0.766191 0.601010 0.087344 0.121212
2 0.084373 0.733586 0.110517 0.073232
1 0.603090 0.116162 0.099822 0.222222
1 0.774213 0.438131 0.053476 0.088384
1 0.609329 0.444444 0.112299 0.202020
2 0.553179 0.502525 0.078431 0.095960
1 0.528223 0.589646 0.099822 0.103535
1 0.636958 0.954545 0.149733 0.090909
1 0.380273 0.914141 0.117647 0.171717
2 0.254605 0.939394 0.098039 0.121212
1 0.025253 0.820707 0.050505 0.075758
1 0.196673 0.503788 0.089127 0.118687
1 0.157457 0.642677 0.064171 0.078283
1 0.217172 0.664141 0.073084 0.101010
1 0.921272 0.034091 0.062389 0.068182
1 0.312537 0.491162 0.067736 0.063131
1 0.299168 0.337121 0.062389 0.083333
1 0.081699 0.839646 0.069519 0.073232
1 0.677065 0.345960 0.083779 0.186869