2 0.221473 0.371371 0.097808 0.205060
2 0.439854 0.561518 0.092749 0.234887
2 0.314221 0.712517 0.087690 0.149135
2 0.236650 0.880294 0.047218 0.134221
2 0.492974 0.725566 0.047218 0.137950
2 0.543564 0.613715 0.053963 0.115579
2 0.531759 0.783356 0.067454 0.164048
2 0.605958 0.701332 0.104553 0.074567
2 0.632940 0.632357 0.091062 0.085752
2 0.571388 0.539148 0.045531 0.100666
2 0.584879 0.354594 0.048904 0.126765
2 0.573075 0.445939 0.092749 0.108123
2 0.656549 0.516778 0.104553 0.078296
2 0.637156 0.250199 0.062395 0.156591
2 0.636313 0.354594 0.077572 0.119308
2 0.684373 0.337816 0.052277 0.100666
2 0.727375 0.483222 0.050590 0.137950
2 0.676785 0.583888 0.097808 0.093209
2 0.811692 0.533555 0.050590 0.111851
2 0.677628 0.039347 0.062395 0.078694
2 0.706296 0.168175 0.045531 0.082024
2 0.724845 0.242743 0.045531 0.089481
2 0.736650 0.356458 0.072513 0.108123
2 0.842046 0.477630 0.057336 0.119308
1 0.769533 0.056125 0.107926 0.112250
1 0.941540 0.065446 0.080944 0.130891
1 0.743395 0.134620 0.075885 0.186418
1 0.910343 0.527963 0.069140 0.160320
1 0.820124 0.382556 0.131535 0.264714
1 0.702080 0.706924 0.064081 0.093209
1 0.788926 0.664048 0.096121 0.208789
1 0.591624 0.839282 0.065767 0.201332
1 0.446599 0.751665 0.096121 0.115579
1 0.455874 0.852331 0.094435 0.085752
1 0.101743 0.733023 0.114671 0.294541
1 0.144744 0.186817 0.059022 0.208789
1 0.226532 0.548469 0.121417 0.305726
1 0.188589 0.762850 0.102867 0.130493
1 0.277122 0.897071 0.060708 0.197604