0 0.039849 0.132480 0.015380 0.021821
0 0.084592 0.104425 0.016779 0.032212
0 0.188059 0.197423 0.018177 0.027016
0 0.141569 0.349129 0.017478 0.031172
0 0.052433 0.262366 0.015380 0.023899
0 0.027964 0.429658 0.015380 0.023899
0 0.075853 0.501354 0.013283 0.028055
0 0.089136 0.501354 0.016079 0.034290
0 0.190157 0.549152 0.019575 0.017664
0 0.202740 0.590715 0.018177 0.028055
0 0.192254 0.569414 0.020973 0.018703
0 0.090534 0.729952 0.016079 0.023899
0 0.256572 0.900881 0.022371 0.022860
0 0.266359 0.754890 0.022371 0.021821
0 0.234550 0.603704 0.011885 0.018703
0 0.245036 0.618251 0.014681 0.020782
0 0.232103 0.626044 0.011186 0.025977
0 0.352699 0.483170 0.023070 0.027016
0 0.378915 0.813078 0.018177 0.028055
0 0.401985 0.660334 0.012584 0.023899
0 0.411773 0.839055 0.019575 0.023899
0 0.418764 0.898803 0.015380 0.027016
0 0.515590 0.733589 0.021672 0.029094
0 0.519086 0.694104 0.020274 0.024938
0 0.568023 0.771515 0.016079 0.030133
0 0.598084 0.726835 0.016079 0.021821
0 0.604726 0.758527 0.015380 0.027016
0 0.578859 0.585000 0.013982 0.027016
0 0.411773 0.760605 0.018177 0.027016
0 0.551594 0.887373 0.013982 0.027016
0 0.589695 0.936729 0.014681 0.023899
0 0.666946 0.879060 0.013982 0.024938
0 0.681977 0.879580 0.017478 0.025977
0 0.810263 0.848407 0.013982 0.015586
0 0.820400 0.874904 0.016079 0.027016
0 0.822847 0.903478 0.015380 0.021821
0 0.819701 0.933612 0.017478 0.025977
0 0.670442 0.813598 0.015380 0.020782
0 0.683725 0.830223 0.013982 0.024938
0 0.688619 0.849966 0.018177 0.020782
0 0.680579 0.738784 0.014681 0.022860
0 0.645624 0.658255 0.014681 0.019743
0 0.683375 0.667088 0.016079 0.018703
0 0.684424 0.685791 0.012584 0.022860
0 0.645274 0.558504 0.016779 0.025977
0 0.766918 0.633317 0.015380 0.021821
0 0.686521 0.507589 0.012584 0.019743
0 0.751888 0.587598 0.011885 0.021821
0 0.780900 0.587598 0.013982 0.015586
0 0.800475 0.571492 0.012584 0.016625
0 0.787192 0.573570 0.008389 0.016625
0 0.913381 0.835419 0.016079 0.027016
0 0.946938 0.675400 0.011885 0.018703
0 0.949734 0.656177 0.010487 0.017664
0 0.913031 0.634357 0.013982 0.021821
0 0.901496 0.607860 0.014681 0.020782
0 0.914080 0.594352 0.016079 0.024938
0 0.888912 0.578766 0.014681 0.022860
0 0.835431 0.530448 0.013982 0.017664
0 0.836130 0.513823 0.016779 0.017664
0 0.870386 0.489924 0.012584 0.017664
0 0.821099 0.428099 0.013283 0.024938
0 0.836130 0.418228 0.019575 0.032212
0 0.877727 0.392251 0.020274 0.021821
0 0.312850 0.145469 0.014681 0.024938
0 0.323686 0.034287 0.020973 0.033251
0 0.346407 0.018182 0.014681 0.021821
0 0.357592 0.043119 0.024469 0.034290
0 0.373322 0.006233 0.015380 0.012466
0 0.514192 0.060264 0.014681 0.022860
0 0.498812 0.084683 0.018876 0.028055
0 0.440786 0.071694 0.018876 0.027016
0 0.339416 0.231193 0.013283 0.025977
0 0.256222 0.353805 0.011885 0.017664
0 0.371574 0.255092 0.016079 0.021821
0 0.512444 0.275874 0.012584 0.017664
0 0.508599 0.299253 0.018876 0.029094
0 0.542506 0.315878 0.009787 0.027016
0 0.552643 0.316917 0.010487 0.029094
0 0.559983 0.357961 0.018177 0.025977
0 0.439038 0.375106 0.016779 0.027016
0 0.629195 0.390172 0.016779 0.028055
0 0.635137 0.344453 0.017478 0.023899
0 0.665199 0.326269 0.016079 0.022860
0 0.684773 0.362637 0.013283 0.022860
0 0.701202 0.404720 0.015380 0.025977
0 0.700154 0.193267 0.021672 0.031172
0 0.698406 0.115855 0.015380 0.025977
0 0.652964 0.074292 0.018177 0.019743
0 0.648420 0.106503 0.013283 0.023899
0 0.680229 0.042080 0.011186 0.023899
0 0.637584 0.006753 0.020973 0.013506
0 0.666946 0.028572 0.011186 0.021821
0 0.620456 0.024416 0.010487 0.019743
0 0.593540 0.044159 0.016779 0.023899
0 0.966513 0.550191 0.010487 0.028055
0 0.935403 0.493561 0.018177 0.022860
0 0.921770 0.526812 0.018876 0.022860
0 0.834994 0.338998 0.015206 0.021821
0 0.826604 0.208853 0.014157 0.020262
0 0.860161 0.145340 0.015206 0.022600
0 0.870910 0.237688 0.013633 0.024938
0 0.857540 0.243922 0.009962 0.020262
0 0.746644 0.306267 0.012584 0.034290
0 0.740615 0.421605 0.009962 0.020262
0 0.750052 0.409526 0.013108 0.028834
0 0.762112 0.356533 0.015206 0.016366
0 0.763947 0.372509 0.018876 0.020262
0 0.767355 0.074422 0.015206 0.024159
0 0.799077 0.020650 0.010487 0.021041
0 0.810088 0.021819 0.012584 0.024938
0 0.831586 0.021040 0.008389 0.021821
0 0.822672 0.007012 0.011535 0.012469
0 0.974465 0.052602 0.014157 0.016366
0 0.967911 0.020260 0.008389 0.014028
0 0.976300 0.013637 0.015730 0.027274
0 0.971581 0.185084 0.013633 0.022600
0 0.971581 0.303540 0.015730 0.025717
0 0.955589 0.289122 0.012060 0.020262
0 0.938811 0.317957 0.015206 0.021821
0 0.993656 0.383809 0.012688 0.022600
0 0.965289 0.408357 0.012584 0.017145
0 0.944316 0.423943 0.017827 0.023379
0 0.948773 0.457064 0.016254 0.021041
0 0.997326 0.423943 0.005348 0.020262
0 0.994966 0.547074 0.010067 0.024938
0 0.935403 0.546295 0.009438 0.015586
0 0.953754 0.535774 0.009438 0.014807
0 0.946151 0.540840 0.011011 0.020262
1 0.621792 0.142291 0.076984 0.057211
1 0.582067 0.090948 0.047868 0.041074
1 0.691621 0.709263 0.040959 0.058678
1 0.210225 0.028604 0.078958 0.057208
1 0.938758 0.100993 0.068792 0.077308
0 0.743173 0.171984 0.019093 0.029238
0 0.841240 0.201651 0.011571 0.016339
0 0.779623 0.230889 0.010993 0.019778
1 0.453020 0.036810 0.075104 0.040376
0 0.065916 0.834825 0.018376 0.033251