2 0.539775 0.536178 0.020020 0.024510
2 0.564683 0.525809 0.016761 0.025138
2 0.610775 0.577028 0.022348 0.021996
2 0.598670 0.539006 0.020485 0.026395
2 0.619156 0.522038 0.016761 0.023881
2 0.584470 0.605937 0.016295 0.014454
2 0.599369 0.607508 0.011639 0.020111
2 0.590290 0.584255 0.012105 0.016340
2 0.506021 0.664698 0.019554 0.021368
2 0.478552 0.602480 0.012105 0.021368
2 0.514401 0.647729 0.020485 0.017597
2 0.560726 0.669411 0.019089 0.013198
2 0.565847 0.689836 0.016295 0.016340
2 0.568408 0.710261 0.017692 0.010684
2 0.540473 0.708689 0.021417 0.013826
2 0.541404 0.731314 0.015830 0.018854
2 0.415699 0.635474 0.014898 0.020739
2 0.403128 0.661241 0.014898 0.016968
2 0.383108 0.676010 0.016761 0.023881
2 0.390558 0.703976 0.021417 0.019482
2 0.409646 0.693292 0.009312 0.015711
2 0.415699 0.704605 0.012105 0.021996
2 0.448755 0.695492 0.016761 0.015083
2 0.562123 0.628247 0.010708 0.028909
2 0.581444 0.643154 0.016761 0.023530
2 0.587962 0.622277 0.018623 0.011941
2 0.396145 0.543720 0.010243 0.019482
2 0.364020 0.555660 0.014898 0.023253
2 0.366580 0.579227 0.010708 0.017597
2 0.388230 0.572314 0.016761 0.020111
2 0.358666 0.595253 0.010708 0.011941
2 0.357967 0.741055 0.015830 0.016968
2 0.353001 0.579856 0.015830 0.020111
2 0.316221 0.656213 0.018623 0.018225
2 0.318083 0.673810 0.018623 0.020739
2 0.333447 0.717802 0.007449 0.014454
2 0.339499 0.745768 0.018623 0.020111
2 0.657954 0.668154 0.026072 0.019482
2 0.633744 0.628561 0.013036 0.019482
2 0.587851 0.706804 0.197937 0.017597
2 0.617216 0.709946 0.014433 0.013826
2 0.684957 0.599966 0.018623 0.022624
2 0.700787 0.624476 0.023279 0.025138
2 0.681465 0.635160 0.014433 0.022624
2 0.664239 0.563516 0.015364 0.023881
2 0.636770 0.528951 0.014433 0.023881
2 0.650970 0.511983 0.017692 0.022624
2 0.696364 0.527066 0.018157 0.022624
2 0.721040 0.521724 0.015364 0.028281
2 0.721738 0.594310 0.025141 0.023881
2 0.745560 0.574200 0.012571 0.023881
2 0.742999 0.509155 0.018623 0.024510
2 0.770468 0.505698 0.023279 0.018854
2 0.721583 0.478046 0.014898 0.022624
2 0.737179 0.468933 0.020951 0.021996
2 0.679914 0.422428 0.017226 0.020739
2 0.707615 0.389119 0.016761 0.015711
2 0.698071 0.410487 0.012571 0.015711
2 0.711340 0.417400 0.016761 0.024510
2 0.724609 0.402631 0.008846 0.012569
2 0.727868 0.412686 0.014433 0.022624
2 0.748121 0.378750 0.021417 0.023881
2 0.736714 0.332244 0.018157 0.022624
2 0.722747 0.338843 0.012571 0.034565
2 0.710642 0.355497 0.024676 0.026395
2 0.708547 0.335910 0.014898 0.013198
2 0.742766 0.295689 0.015364 0.020739
2 0.731360 0.272750 0.013036 0.020111
2 0.590290 0.376760 0.015830 0.016968
2 0.592618 0.397813 0.019554 0.016340
2 0.565614 0.449032 0.025141 0.027024
2 0.920850 0.469457 0.022348 0.023881
2 0.914331 0.419180 0.022348 0.020111
2 0.906882 0.395299 0.022348 0.021368
2 0.875689 0.374560 0.025141 0.025138
2 0.890587 0.410068 0.008380 0.024510
2 0.875921 0.393728 0.024676 0.025767
2 0.871266 0.441805 0.019089 0.026395
2 0.865679 0.476998 0.017226 0.020111
2 0.875223 0.488311 0.013967 0.023881
2 0.890820 0.480455 0.017226 0.023253
2 0.910840 0.515649 0.025607 0.027024
2 0.849383 0.546757 0.013502 0.027652
2 0.851013 0.593577 0.014898 0.018225
2 0.843564 0.608660 0.014898 0.023253
2 0.843331 0.570639 0.016295 0.013826
2 0.860557 0.557755 0.008846 0.027024
2 0.781642 0.637883 0.017692 0.017597
2 0.781642 0.610231 0.015830 0.016340
2 0.780944 0.558069 0.014433 0.022624
2 0.807249 0.612745 0.016761 0.021368
2 0.806085 0.646053 0.013502 0.008798
2 0.794678 0.623115 0.016761 0.019482
2 0.847056 0.283434 0.018157 0.026395
2 0.859626 0.319570 0.020020 0.023253
2 0.815629 0.375817 0.020485 0.017597
2 0.801662 0.350993 0.016761 0.016968
2 0.810275 0.329625 0.013502 0.013198
2 0.813301 0.307944 0.012105 0.022624
2 0.772098 0.283120 0.010708 0.021996
2 0.756966 0.282177 0.009312 0.025138
2 0.834640 0.369637 0.019089 0.016968
2 0.836503 0.389119 0.012571 0.016968
2 0.757587 0.457307 0.020485 0.018854
2 0.601464 0.766822 0.018623 0.030794
2 0.587497 0.779705 0.022348 0.025138
2 0.601464 0.805158 0.016761 0.019482
2 0.668507 0.854072 0.024210 0.040221
2 0.687828 0.830191 0.015364 0.013826
2 0.687596 0.816051 0.021417 0.014454
2 0.746258 0.866642 0.023279 0.026395
2 0.816716 0.912519 0.017692 0.022624
2 0.664705 0.975993 0.017226 0.033937
2 0.645151 0.985106 0.023744 0.024510
2 0.773650 0.980392 0.021882 0.025138
2 0.836968 0.970651 0.013502 0.033308
2 0.879801 0.988311 0.016295 0.023378
2 0.896562 0.910319 0.018157 0.016968
2 0.934739 0.923517 0.016295 0.024510
2 0.948474 0.966252 0.016761 0.024510
2 0.925195 0.990447 0.026072 0.017597
2 0.739895 0.993653 0.016761 0.012694
2 0.806938 0.988876 0.022348 0.021996
2 0.973227 0.921317 0.009777 0.022624
2 0.566778 0.948655 0.012571 0.019482
2 0.606120 0.979135 0.017692 0.022624
2 0.482742 0.958710 0.021417 0.016968
2 0.471801 0.970337 0.024676 0.013826
2 0.435719 0.988248 0.024210 0.023253
2 0.421906 0.921317 0.020485 0.027652
2 0.446349 0.943627 0.016295 0.025767
2 0.494071 0.938600 0.018623 0.018225
2 0.368831 0.883610 0.019554 0.020111
2 0.353932 0.989505 0.032590 0.018225
2 0.343224 0.864756 0.020485 0.017597
2 0.401654 0.845588 0.012571 0.018225
2 0.468697 0.828934 0.006052 0.016340
2 0.456126 0.813851 0.023744 0.023881
2 0.432615 0.816993 0.020485 0.026395
2 0.421441 0.775830 0.022348 0.016968
2 0.413526 0.751634 0.019554 0.027652
2 0.432382 0.750377 0.020951 0.022624
2 0.290459 0.796569 0.016761 0.023253
2 0.277422 0.779286 0.014898 0.016340
2 0.319324 0.845274 0.016761 0.021368
2 0.298141 0.837418 0.010708 0.020739
2 0.203629 0.831448 0.016295 0.020111
2 0.224347 0.841503 0.017692 0.022624
2 0.212242 0.849045 0.011174 0.018854
2 0.185238 0.837418 0.018623 0.024510
2 0.194783 0.878582 0.011639 0.030166
2 0.179884 0.872612 0.017226 0.030794
2 0.161183 0.821078 0.013967 0.015711
2 0.164675 0.831762 0.013502 0.019482
2 0.135111 0.822650 0.017692 0.021368
2 0.115635 0.818250 0.019089 0.027652
2 0.090959 0.835219 0.018157 0.021368
2 0.110280 0.854072 0.013967 0.023881
2 0.099960 0.868527 0.007915 0.026395
2 0.085993 0.852815 0.018157 0.021368
2 0.064344 0.843389 0.015830 0.017597
2 0.053635 0.900578 0.014898 0.032680
2 0.076681 0.891466 0.020020 0.027024
2 0.066206 0.917547 0.021417 0.021368
2 0.013828 0.889580 0.022813 0.024510
2 0.015225 0.683656 0.021882 0.018225
2 0.742456 0.446309 0.015364 0.021996
2 0.786453 0.398546 0.011174 0.016968
2 0.827191 0.426827 0.016295 0.021996
2 0.776366 0.397185 0.012105 0.017597
2 0.778228 0.818565 0.018623 0.024510
2 0.786375 0.783685 0.024676 0.031423
2 0.764493 0.906234 0.016295 0.025138
2 0.900131 0.964995 0.011639 0.014454
2 0.143026 0.868422 0.018623 0.019482
2 0.094140 0.526856 0.027003 0.018854
2 0.121609 0.516801 0.009312 0.021368
2 0.075983 0.476580 0.016761 0.013826
2 0.015458 0.479408 0.018623 0.016968
2 0.022907 0.514601 0.006518 0.025767
2 0.044324 0.522143 0.016761 0.016968
2 0.065740 0.405878 0.024210 0.021996
2 0.050609 0.419704 0.021882 0.014454
2 0.107177 0.430074 0.010243 0.017597
2 0.099029 0.410906 0.016295 0.019482
2 0.189584 0.472809 0.013967 0.022624
2 0.186557 0.502032 0.020020 0.032051
2 0.216820 0.537540 0.018157 0.023881
2 0.196335 0.535340 0.014433 0.027024
2 0.231486 0.609184 0.011174 0.023881
2 0.261205 0.433007 0.026538 0.021368
2 0.283553 0.438034 0.018157 0.023881
2 0.191601 0.401898 0.023279 0.021996
2 0.159709 0.386501 0.017226 0.023881
2 0.232805 0.364086 0.017226 0.016340
2 0.256549 0.354345 0.015364 0.024510
2 0.267490 0.371627 0.009312 0.023881
2 0.282389 0.386082 0.022348 0.020111
2 0.285415 0.340519 0.014433 0.035822
2 0.295425 0.365028 0.013967 0.014454
2 0.029425 0.371942 0.018623 0.019482
2 0.052937 0.337691 0.024676 0.017597
2 0.120678 0.360315 0.022348 0.017597
2 0.081570 0.316952 0.015830 0.023881
2 0.093209 0.312238 0.019554 0.023253
2 0.083432 0.339576 0.029797 0.013826
2 0.092744 0.282072 0.018623 0.021996
2 0.119747 0.241223 0.033522 0.023253
2 0.149544 0.276730 0.020485 0.018854
2 0.197731 0.243736 0.023744 0.029537
2 0.172357 0.291499 0.014898 0.014454
2 0.168167 0.270132 0.026072 0.014454
2 0.206810 0.310353 0.015830 0.021996
2 0.191912 0.301869 0.012105 0.022624
2 0.158856 0.324493 0.011174 0.018854
2 0.129524 0.329521 0.013036 0.016340
2 0.220001 0.252640 0.013036 0.020111
2 0.229080 0.257458 0.007915 0.018016
2 0.231175 0.307944 0.020485 0.022624
2 0.272146 0.311714 0.026072 0.022624
2 0.249798 0.289090 0.013036 0.011312
2 0.247936 0.273064 0.026072 0.013198
2 0.257480 0.261124 0.020020 0.009427
2 0.248169 0.234833 0.009777 0.017178
2 0.262136 0.218074 0.013502 0.016340
2 0.260739 0.234100 0.018157 0.013198
2 0.261670 0.250126 0.020020 0.015083
2 0.281923 0.248240 0.012105 0.018854
2 0.302641 0.309829 0.018157 0.016340
2 0.295425 0.288462 0.016761 0.021368
2 0.299615 0.262066 0.015830 0.021368
2 0.303805 0.236928 0.018623 0.018854
2 0.319635 0.224673 0.011174 0.019482
2 0.396300 0.201001 0.022348 0.023253
2 0.371624 0.381997 0.018623 0.013198
2 0.344853 0.437615 0.023744 0.026395
2 0.380703 0.442957 0.019089 0.023253
2 0.408948 0.316847 0.012260 0.009008
2 0.390247 0.308572 0.018623 0.021368
2 0.368598 0.288776 0.014433 0.023253
2 0.436107 0.251697 0.019089 0.021996
2 0.428425 0.277778 0.013967 0.022624
2 0.383729 0.261752 0.016761 0.019482
2 0.417716 0.226244 0.023279 0.015083
2 0.341594 0.183824 0.017226 0.020739
2 0.286656 0.180367 0.017226 0.008798
2 0.373719 0.169055 0.011639 0.018854
2 0.424002 0.188537 0.013502 0.015083
2 0.413992 0.178482 0.013036 0.015083
2 0.396067 0.293175 0.018157 0.018225
2 0.472887 0.165284 0.012571 0.013826
2 0.423303 0.135747 0.012105 0.020111
2 0.404680 0.166855 0.019554 0.011941
2 0.407706 0.153972 0.017226 0.013826
2 0.367434 0.109037 0.013036 0.018225
2 0.332981 0.107152 0.016761 0.018225
2 0.305512 0.127577 0.013967 0.015083
2 0.314358 0.139832 0.019554 0.009427
2 0.321807 0.126006 0.017692 0.018225
2 0.321575 0.067245 0.020951 0.013826
2 0.330188 0.042735 0.029797 0.015083
2 0.392110 0.036765 0.012105 0.021996
2 0.403982 0.022310 0.015364 0.019482
2 0.370460 0.049962 0.015364 0.020739
2 0.362778 0.084527 0.013036 0.018225
2 0.390014 0.069444 0.007915 0.011941
2 0.428425 0.049648 0.015830 0.013826
2 0.436107 0.066931 0.014433 0.024510
2 0.471258 0.091126 0.013967 0.021368
2 0.482664 0.120978 0.019089 0.021996
2 0.492209 0.036765 0.013036 0.020739
2 0.471723 0.022310 0.013036 0.020739
2 0.459851 0.083585 0.015364 0.025138
2 0.450370 0.513953 0.013379 0.030315
2 0.483818 0.464611 0.022936 0.019350
2 0.487880 0.677460 0.015768 0.023220
2 0.482146 0.705517 0.014813 0.019995
2 0.721777 0.900305 0.019113 0.021285
2 0.646758 0.908690 0.021980 0.019995
2 0.664199 0.906433 0.024369 0.023220
2 0.649147 0.889340 0.013379 0.017415
2 0.551989 0.944810 0.013379 0.021285
2 0.579703 0.944165 0.011468 0.017415
2 0.279785 0.853543 0.016246 0.024510
2 0.061597 0.167327 0.018157 0.023567
2 0.169844 0.009427 0.030728 0.018854
2 0.311263 0.342037 0.011872 0.016026
2 0.334508 0.294959 0.012283 0.018022
2 0.337712 0.337851 0.011215 0.012976
2 0.370289 0.336649 0.011215 0.014418
2 0.384224 0.335928 0.004907 0.012976
2 0.372959 0.368007 0.014419 0.013697
2 0.380970 0.410539 0.011215 0.016580
2 0.385776 0.379542 0.009079 0.013697
2 0.383640 0.233324 0.015487 0.023068
2 0.417552 0.203407 0.014953 0.010813
2 0.534686 0.576942 0.011749 0.020185
2 0.671401 0.601211 0.009613 0.014418
2 0.663123 0.609141 0.012283 0.014418
2 0.652976 0.625000 0.012283 0.012976
2 0.619866 0.596525 0.014419 0.015138
2 0.837934 0.403931 0.015487 0.017301
2 0.352666 0.267565 0.014419 0.019464
2 0.404735 0.112817 0.019226 0.020905
2 0.134872 0.688317 0.021184 0.025871
2 0.290226 0.104010 0.015364 0.018225
2 0.212242 0.276207 0.015830 0.015711
2 0.175694 0.332558 0.015364 0.016968
2 0.157769 0.298831 0.015830 0.013198
2 0.110513 0.279663 0.016295 0.023881
2 0.078621 0.361677 0.021417 0.016968
2 0.055032 0.501299 0.013967 0.018854
2 0.060153 0.529894 0.013036 0.013198
2 0.070629 0.526437 0.009777 0.016340
2 0.096934 0.466734 0.015830 0.017597
2 0.111134 0.446937 0.013502 0.016968
2 0.143724 0.447252 0.014433 0.013826
2 0.162115 0.442224 0.015830 0.018854
2 0.071094 0.501299 0.010708 0.018854
2 0.083199 0.494386 0.017226 0.017597
2 0.050842 0.457935 0.012105 0.020111
2 0.013363 0.513868 0.008846 0.025138
2 0.120911 0.558488 0.015364 0.020111
2 0.168865 0.552832 0.010708 0.023881
2 0.176548 0.570429 0.011174 0.020111
2 0.266869 0.570429 0.014898 0.016340
2 0.356260 0.528951 0.013036 0.022624
2 0.380393 0.555975 0.009777 0.012569
2 0.476301 0.489358 0.019089 0.020111
2 0.417406 0.528637 0.020485 0.032051
2 0.431839 0.528322 0.010243 0.017597
2 0.512694 0.583627 0.024210 0.035194
2 0.536671 0.639769 0.017226 0.021368
2 0.504314 0.681666 0.016761 0.013826
2 0.495235 0.704605 0.014433 0.020739
2 0.825484 0.651500 0.018157 0.030166
2 0.780556 0.924460 0.010243 0.016340
2 0.769149 0.954625 0.015364 0.013826
2 0.856678 0.933258 0.016295 0.021368
2 0.920927 0.959025 0.013502 0.020111
2 0.807714 0.965623 0.016761 0.018225
2 0.635684 0.951169 0.012571 0.024510
2 0.535740 0.977250 0.012571 0.020111
2 0.368831 0.926659 0.010243 0.014454
2 0.364873 0.955568 0.010708 0.019482
2 0.342060 0.960282 0.016295 0.023881
2 0.261826 0.934201 0.015364 0.023253
2 0.161882 0.862871 0.013502 0.023881
2 0.163977 0.902464 0.012105 0.017597
2 0.099727 0.817622 0.015830 0.016340
2 0.171193 0.466315 0.010708 0.018854
2 0.180970 0.449661 0.012571 0.019482
2 0.210302 0.434578 0.020020 0.024510
2 0.114393 0.412896 0.012571 0.011312
2 0.129757 0.403469 0.025607 0.023881
2 0.058524 0.370161 0.016295 0.013826
2 0.078776 0.296003 0.026072 0.018854
2 0.171426 0.236300 0.016761 0.015083
2 0.162037 0.251383 0.017226 0.015083
2 0.232106 0.418552 0.011174 0.021368
2 0.240487 0.390271 0.011174 0.018854
2 0.255618 0.380530 0.010708 0.010684
2 0.315445 0.400327 0.015830 0.023881
2 0.326618 0.358534 0.011174 0.019482
2 0.340120 0.354764 0.011174 0.015711
2 0.350363 0.369532 0.009312 0.013826
2 0.351527 0.339681 0.011639 0.020739
2 0.360606 0.321770 0.011174 0.020111
2 0.178565 0.356963 0.015830 0.010055
2 0.206267 0.331825 0.014433 0.012569
2 0.171349 0.387758 0.007915 0.026395
2 0.120678 0.382730 0.019554 0.011312
2 0.258955 0.394671 0.013967 0.011312
2 0.282621 0.369428 0.010708 0.009427
2 0.246074 0.255991 0.013036 0.013826
2 0.354553 0.224254 0.015830 0.016968
2 0.417406 0.336119 0.010243 0.015711
2 0.393894 0.328892 0.006984 0.015083
2 0.402275 0.328264 0.007915 0.011312
2 0.401343 0.346175 0.015364 0.016968
2 0.433235 0.340204 0.011174 0.015083
2 0.445806 0.349003 0.008380 0.020111
2 0.390635 0.364086 0.019089 0.021368
2 0.357346 0.142031 0.008380 0.013826
2 0.356881 0.164970 0.009312 0.009427
2 0.501753 0.033622 0.009777 0.013198
2 0.461248 0.008170 0.015364 0.016340
2 0.498727 0.007856 0.013036 0.015711
2 0.475448 0.049020 0.012105 0.022624
2 0.434477 0.088298 0.013036 0.015711
2 0.444952 0.117207 0.015364 0.006913
2 0.447513 0.104638 0.018623 0.005656
2 0.443090 0.152715 0.007915 0.021368
2 0.448677 0.215561 0.011639 0.012569
2 0.492674 0.177225 0.012105 0.017597
2 0.471723 0.138260 0.020485 0.017597
2 0.467533 0.115008 0.010243 0.008798
2 0.443789 0.135432 0.006518 0.009427
2 0.502684 0.165598 0.013502 0.020739
2 0.414147 0.006913 0.019554 0.013826
2 0.460472 0.175025 0.008846 0.016968
2 0.380160 0.119093 0.013036 0.021996
2 0.351527 0.098982 0.006984 0.018225
2 0.381091 0.157114 0.016761 0.015083
2 0.441150 0.191679 0.012105 0.016340
2 0.431839 0.204877 0.012105 0.015083
2 0.412595 0.141717 0.023279 0.013198
2 0.399559 0.249078 0.013967 0.015083
2 0.423769 0.300926 0.023279 0.014454
2 0.274241 0.261438 0.013502 0.012569
2 0.273543 0.222474 0.012105 0.017597
2 0.275405 0.196707 0.027003 0.020111
2 0.303184 0.869784 0.007449 0.017597
2 0.288053 0.869470 0.009777 0.016968
2 0.384195 0.919432 0.014898 0.022624
2 0.555527 0.890837 0.013036 0.006913
2 0.561812 0.906549 0.010708 0.014454
2 0.523635 0.895236 0.017226 0.014454
2 0.515953 0.874811 0.015830 0.015083
2 0.697363 0.453211 0.023065 0.015236
2 0.884091 0.535683 0.012759 0.017223
2 0.622688 0.429694 0.012759 0.011924
2 0.641827 0.412471 0.015704 0.009274
2 0.641827 0.432675 0.015704 0.013911
2 0.618762 0.499249 0.017667 0.014573
2 0.731388 0.559530 0.016195 0.013249
2 0.586128 0.523097 0.014232 0.018548
2 0.555211 0.516804 0.016195 0.017886
2 0.601341 0.513160 0.012269 0.013249
2 0.605267 0.625110 0.015213 0.013249
2 0.622034 0.660881 0.019630 0.011924
2 0.603631 0.660219 0.012269 0.018548
2 0.591363 0.670818 0.011287 0.015898
2 0.536904 0.672344 0.011174 0.015711
2 0.518979 0.668573 0.010708 0.016968
2 0.543655 0.662917 0.013502 0.010684
2 0.656247 0.541730 0.008380 0.012569
2 0.433080 0.712041 0.015830 0.018854
2 0.397464 0.619030 0.013502 0.013826
2 0.357812 0.801596 0.016761 0.016968
2 0.358278 0.778972 0.011174 0.014454
2 0.365727 0.767660 0.012105 0.015711
2 0.384117 0.813223 0.011639 0.020111
2 0.379461 0.795312 0.014433 0.010684
2 0.379694 0.779915 0.023279 0.013826
2 0.402042 0.773944 0.015830 0.016968
2 0.402275 0.812594 0.012571 0.017597
2 0.531705 0.757290 0.012571 0.013826
2 0.525420 0.769859 0.016761 0.021368
2 0.489803 0.727753 0.011639 0.015083
2 0.464429 0.718326 0.010243 0.018854
2 0.439754 0.662393 0.014898 0.007541
2 0.442547 0.670563 0.016761 0.011312
2 0.308926 0.760432 0.012105 0.007541
2 0.319635 0.770488 0.014898 0.015083
2 0.299615 0.775830 0.013967 0.013198
2 0.265395 0.798140 0.021882 0.017597
2 0.210531 0.964543 0.015979 0.030392
2 0.137901 0.979248 0.023242 0.034314
2 0.264278 0.960131 0.008716 0.011765
1 0.640380 0.787092 0.031231 0.028431
1 0.714825 0.697876 0.027599 0.034314
2 0.695215 0.714052 0.017431 0.029412
1 0.832486 0.826307 0.029052 0.032353
2 0.763178 0.719684 0.014267 0.016632
2 0.749560 0.745507 0.012970 0.015756
1 0.809220 0.684670 0.025939 0.028887
1 0.721999 0.745944 0.014915 0.030637
1 0.866611 0.630982 0.018806 0.034139
1 0.518268 0.816118 0.033721 0.036765
1 0.234341 0.709180 0.040854 0.046394
1 0.195324 0.918972 0.018157 0.023634
1 0.205375 0.169818 0.022697 0.035014
1 0.517836 0.103291 0.025939 0.031513
1 0.692277 0.268732 0.019454 0.031513
1 0.657259 0.328694 0.036315 0.034139
1 0.530157 0.346201 0.041503 0.032388
2 0.492545 0.391719 0.027236 0.039391
2 0.506163 0.443365 0.018157 0.018382
1 0.047576 0.307598 0.032683 0.036765
1 0.013077 0.183824 0.021789 0.024510
1 0.060570 0.687150 0.024642 0.043768
1 0.022310 0.654762 0.018157 0.035014
1 0.287323 0.640465 0.023345 0.050770
1 0.210154 0.615079 0.019454 0.035014
0 0.984009 0.970763 0.011673 0.012255
0 0.964847 0.939333 0.006052 0.015083
0 0.865446 0.798245 0.012105 0.027024
0 0.862420 0.838780 0.006984 0.012569
0 0.806318 0.789446 0.006518 0.016968
0 0.821914 0.795731 0.011639 0.016968
0 0.831924 0.792903 0.006518 0.013826
0 0.734153 0.803272 0.008380 0.008170
0 0.744163 0.816156 0.011639 0.012569
0 0.692019 0.763889 0.012571 0.015711
0 0.704124 0.828306 0.008846 0.012569
0 0.662377 0.754148 0.012571 0.013826
0 0.792738 0.724506 0.009777 0.016968
0 0.823234 0.712251 0.012105 0.013826
0 0.807171 0.721992 0.009777 0.027024
0 0.764105 0.690569 0.014898 0.021996
0 0.785289 0.690255 0.007915 0.021368
0 0.590756 0.864756 0.013036 0.015083
0 0.642202 0.866327 0.008846 0.015711
0 0.706219 0.886124 0.006518 0.012569
0 0.610775 0.910005 0.013036 0.007541
0 0.624044 0.915033 0.012571 0.012569
1 0.468930 0.920375 0.013036 0.020739
0 0.500899 0.783581 0.007449 0.015711
0 0.486932 0.762841 0.005587 0.011941
0 0.619078 0.850930 0.007915 0.010055
0 0.154200 0.697587 0.009312 0.012569
0 0.210069 0.655166 0.007449 0.009427
0 0.177013 0.641968 0.008380 0.014454
0 0.154665 0.595358 0.010243 0.016340
0 0.327550 0.564668 0.012105 0.023253
0 0.280992 0.676848 0.012105 0.013826
0 0.338335 0.615887 0.010708 0.017597
0 0.364175 0.620601 0.012105 0.018225
0 0.090416 0.249707 0.015830 0.012569
0 0.026166 0.274531 0.013967 0.011941
0 0.226597 0.146116 0.015364 0.015711
0 0.454730 0.385244 0.017226 0.020111
0 0.439598 0.478884 0.017692 0.020111
0 0.920384 0.876697 0.010243 0.016340
2 0.885931 0.559536 0.012105 0.016340
0 0.290814 0.051619 0.011005 0.018568
0 0.045069 0.540473 0.011174 0.007541