2 0.474138 0.198131 0.065517 0.133614
2 0.532759 0.268650 0.089655 0.096499
2 0.339655 0.435667 0.079310 0.079179
2 0.285345 0.482680 0.056897 0.084127
2 0.343966 0.486391 0.063793 0.081653
2 0.069828 0.355251 0.122414 0.155883
2 0.215517 0.449276 0.072414 0.121242
2 0.838793 0.206791 0.115517 0.170729
2 0.911207 0.044630 0.087931 0.089260
2 0.932759 0.634851 0.082759 0.136088
2 0.860345 0.452988 0.079310 0.123717
2 0.889655 0.692998 0.058621 0.192998
2 0.743966 0.784549 0.094828 0.158357
2 0.456034 0.654646 0.050000 0.096499
2 0.486207 0.581653 0.058621 0.098973
2 0.537069 0.657120 0.084483 0.170729
1 0.193103 0.224112 0.082759 0.116294
1 0.225862 0.131324 0.096552 0.148460
1 0.572414 0.178336 0.131034 0.163306
1 0.713793 0.279784 0.068966 0.222690
1 0.624138 0.370097 0.120690 0.126191
1 0.525862 0.452988 0.082759 0.128665
1 0.461207 0.370097 0.101724 0.136088
2 0.664655 0.816715 0.067241 0.133614
1 0.746552 0.955370 0.100000 0.089260
1 0.455172 0.829087 0.072414 0.153409
1 0.395690 0.846407 0.108621 0.183101
1 0.412069 0.699184 0.096552 0.264754
1 0.237069 0.697947 0.084483 0.084127
1 0.114655 0.827849 0.112069 0.126191
1 0.241379 0.822901 0.120690 0.170729
1 0.265517 0.937957 0.168966 0.123717
2 0.718966 0.705370 0.079310 0.098973
2 0.393103 0.047105 0.072414 0.094209
0 0.525000 0.057094 0.032759 0.049487