2 0.612558 0.441176 0.058251 0.068627
2 0.785491 0.884804 0.083736 0.073529
1 0.820988 0.790441 0.129245 0.129902
1 0.985584 0.935049 0.028832 0.080882
1 0.334955 0.787990 0.118323 0.071078
0 0.547936 0.044118 0.020024 0.034314
0 0.594355 0.196078 0.043688 0.024510
0 0.557038 0.075980 0.012742 0.024510
0 0.922928 0.064951 0.027305 0.031863
0 0.759096 0.132353 0.027305 0.024510
0 0.390476 0.085784 0.029126 0.034314
0 0.188417 0.078431 0.018203 0.024510
0 0.152010 0.018382 0.032766 0.031863
0 0.009112 0.039216 0.016383 0.044118
0 0.116513 0.213235 0.030946 0.034314
0 0.055531 0.323529 0.036407 0.034314
0 0.034597 0.486520 0.030946 0.046569
0 0.049160 0.649510 0.034587 0.034314
0 0.026406 0.800245 0.036407 0.022059
0 0.068274 0.884804 0.047329 0.034314
0 0.251219 0.591912 0.038227 0.026961
0 0.307650 0.553922 0.038227 0.058824
0 0.368631 0.503676 0.029126 0.041667
0 0.459649 0.628676 0.036407 0.031863
0 0.468751 0.327206 0.032766 0.041667
0 0.489685 0.164216 0.030946 0.024510
0 0.496056 0.280637 0.029126 0.036765
0 0.577061 0.377451 0.030946 0.039216
0 0.802785 0.302696 0.041868 0.022059
0 0.864677 0.283088 0.023665 0.031863
0 0.835551 0.251225 0.027305 0.041667
0 0.831000 0.405637 0.029126 0.031863
0 0.698115 0.522059 0.029126 0.024510
0 0.650786 0.552696 0.040048 0.031863
0 0.825539 0.519608 0.032766 0.039216
0 0.898353 0.653186 0.050970 0.022059
0 0.892892 0.553922 0.032766 0.029412
0 0.955694 0.487745 0.027305 0.034314
0 0.719049 0.816176 0.034587 0.034314
0 0.619840 0.927696 0.029126 0.046569
0 0.699935 0.922794 0.043688 0.046569
0 0.912916 0.775735 0.032766 0.046569
0 0.945682 0.908088 0.025485 0.046569