2 0.350974 0.541769 0.102943 0.036765
2 0.684760 0.368668 0.121660 0.030637
2 0.870370 0.445261 0.087346 0.033701
2 0.478873 0.351052 0.102943 0.053615
2 0.240752 0.315564 0.113342 0.038807
2 0.149766 0.374796 0.112302 0.033701
2 0.051502 0.756230 0.077987 0.045956
2 0.301062 0.780229 0.077987 0.036765
2 0.223074 0.780995 0.059270 0.050551
1 0.477313 0.713593 0.106063 0.056679
1 0.101414 0.982026 0.109182 0.035948
2 0.405565 0.037531 0.131019 0.053615
2 0.662404 0.334457 0.112302 0.033701
2 0.832416 0.129187 0.127899 0.052083
0 0.425322 0.593342 0.062390 0.018382
0 0.559460 0.535131 0.024956 0.018382
0 0.754429 0.617085 0.053031 0.019914
0 0.596894 0.583384 0.049912 0.016850
0 0.618731 0.601001 0.043673 0.021446
0 0.982497 0.653084 0.035005 0.018382
0 0.852693 0.713593 0.037434 0.019914
0 0.809020 0.794016 0.043673 0.024510
0 0.710756 0.816993 0.028075 0.018382
0 0.887007 0.902012 0.031195 0.019914
0 0.897926 0.977839 0.034314 0.021446
0 0.554781 0.928054 0.034314 0.022978
0 0.127410 0.838440 0.028075 0.018382
0 0.026026 0.699806 0.031195 0.032169
0 0.394127 0.619383 0.018717 0.015319
0 0.302102 0.405688 0.046792 0.032169
0 0.249070 0.452410 0.046792 0.018382
0 0.072819 0.388072 0.037434 0.024510
0 0.189800 0.425603 0.040553 0.019914
0 0.139888 0.720486 0.046792 0.033701
0 0.288064 0.979371 0.056151 0.018382
0 0.058781 0.048764 0.028075 0.019914
0 0.132089 0.064083 0.043673 0.022978
0 0.291183 0.052594 0.037434 0.021446
0 0.017692 0.155229 0.035384 0.018382
0 0.032265 0.266289 0.024956 0.013787
0 0.261548 0.249438 0.034314 0.016850
0 0.269347 0.275480 0.037434 0.013787
0 0.440919 0.236417 0.037434 0.027574
0 0.497070 0.211908 0.031195 0.021446
0 0.425322 0.265523 0.018717 0.024510
0 0.394127 0.262459 0.031195 0.018382
0 0.674882 0.136080 0.031195 0.019914
0 0.723234 0.231056 0.059270 0.029105