0 0.092262 0.385557 0.016369 0.027711
0 0.112351 0.423660 0.014881 0.020783
0 0.109375 0.505308 0.011905 0.023752
0 0.298363 0.595864 0.011905 0.014845
0 0.215774 0.293517 0.019345 0.025732
0 0.286086 0.180199 0.015625 0.018804
0 0.427083 0.305888 0.014881 0.020783
0 0.648437 0.139127 0.017113 0.021773
0 0.816964 0.368238 0.016369 0.018804
0 0.821057 0.398423 0.012649 0.021773
0 0.990699 0.435536 0.018601 0.028701
0 0.741815 0.468196 0.017857 0.018804
0 0.484375 0.651286 0.013393 0.020783
0 0.515625 0.720069 0.014881 0.021773
0 0.694568 0.582009 0.012649 0.020783
0 0.702753 0.571122 0.015625 0.014845
0 0.718006 0.599328 0.013393 0.019794
0 0.708333 0.587947 0.013393 0.020783
0 0.843378 0.854665 0.018601 0.027711
0 0.948661 0.750254 0.014881 0.022763
0 0.499628 0.918499 0.017113 0.018804
0 0.334821 0.850212 0.017857 0.024742
0 0.279390 0.870005 0.015625 0.018804
0 0.247396 0.923448 0.014137 0.020783
1 0.189103 0.665372 0.044872 0.049027