0 0.038707 0.221531 0.014915 0.024881
0 0.143111 0.143538 0.019176 0.020096
0 0.214844 0.094253 0.010653 0.017226
0 0.310014 0.122006 0.014915 0.017226
0 0.245384 0.398571 0.014915 0.019139
0 0.311080 0.414361 0.012784 0.018182
0 0.402699 0.593315 0.014205 0.020096
0 0.423651 0.668437 0.012074 0.021053
0 0.282670 0.861267 0.012784 0.023924
0 0.042614 0.893804 0.018466 0.022010
0 0.292259 0.034443 0.014915 0.018182
0 0.477628 0.031093 0.014915 0.024881
0 0.633878 0.165548 0.012074 0.016269
0 0.675781 0.079420 0.013494 0.020096
2 0.592685 0.131575 0.023437 0.022967
0 0.851207 0.298567 0.012074 0.016269
0 0.658736 0.053104 0.010653 0.017226
0 0.670099 0.052625 0.010653 0.020096
0 0.685724 0.066980 0.012074 0.016269
0 0.973722 0.154543 0.012784 0.019139
0 0.740412 0.320578 0.013494 0.016269
0 0.637429 0.358378 0.016335 0.019139
0 0.683594 0.422974 0.014915 0.018182
0 0.635298 0.433500 0.012074 0.018182
0 0.632812 0.463645 0.014205 0.017226
0 0.662997 0.853611 0.014915 0.020096
0 0.914418 0.860310 0.017756 0.022010
0 0.986151 0.911030 0.014915 0.022010
1 0.503906 0.075114 0.022017 0.032537