0 0.033818 0.134878 0.018788 0.020953
0 0.157503 0.021732 0.014404 0.017600
0 0.251127 0.041847 0.013778 0.017600
0 0.157816 0.105544 0.016283 0.015924
0 0.179421 0.125240 0.015656 0.020115
0 0.141220 0.136135 0.013151 0.020115
0 0.176603 0.153736 0.012525 0.020115
0 0.167515 0.150899 0.011305 0.016504
0 0.122810 0.162589 0.012332 0.012378
0 0.121782 0.176687 0.014388 0.013066
0 0.108936 0.175656 0.012332 0.016504
0 0.082473 0.204882 0.010791 0.014441
0 0.094548 0.234453 0.011305 0.015817
0 0.099430 0.218292 0.010791 0.016504
0 0.089667 0.213478 0.010791 0.013754
0 0.175993 0.321789 0.010791 0.013066
0 0.207081 0.311130 0.012332 0.015129
0 0.252043 0.242705 0.012846 0.017192
0 0.283644 0.181501 0.014388 0.015817
0 0.301372 0.251989 0.012846 0.017880
0 0.310621 0.280872 0.011819 0.016504
0 0.378963 0.224481 0.012846 0.015129
0 0.412877 0.217948 0.015929 0.019943
0 0.406711 0.136801 0.012846 0.015817
0 0.367658 0.094508 0.013874 0.017880
0 0.388469 0.042588 0.012332 0.015817
0 0.407995 0.052216 0.015415 0.018568
0 0.437285 0.048090 0.014388 0.015817
0 0.393608 0.020582 0.011305 0.014441
0 0.402600 0.029866 0.012846 0.012378
0 0.550331 0.016112 0.010277 0.013754
0 0.579621 0.021614 0.014388 0.017880
0 0.659781 0.040525 0.014388 0.015817
0 0.731977 0.048433 0.015929 0.013754
0 0.736344 0.060124 0.012332 0.013754
0 0.799034 0.129581 0.012332 0.017880
0 0.827296 0.154681 0.012332 0.017192
0 0.978367 0.105511 0.013360 0.016504
0 0.979138 0.157776 0.010791 0.016504
0 0.919788 0.141615 0.013360 0.015817
0 0.890756 0.214166 0.010791 0.015129
0 0.884590 0.268837 0.011819 0.017192
0 0.891270 0.307692 0.012846 0.017880
0 0.914907 0.349297 0.012846 0.018568
0 0.817276 0.227920 0.011819 0.013754
0 0.770515 0.280184 0.011819 0.016504
0 0.788243 0.283622 0.013360 0.013754
0 0.789785 0.269525 0.014388 0.015817
0 0.893325 0.395716 0.011819 0.016504
0 0.894353 0.414971 0.015929 0.019255
0 0.941884 0.409125 0.012332 0.013066
0 0.942655 0.425974 0.010791 0.015129
0 0.956785 0.457264 0.013360 0.017192
0 0.973229 0.577609 0.013360 0.017192
0 0.888187 0.589300 0.011819 0.013066
0 0.924670 0.683513 0.011819 0.015817
0 0.848106 0.649472 0.011819 0.012378
0 0.850933 0.604085 0.011305 0.016504
0 0.859154 0.633655 0.011305 0.015129
0 0.868147 0.624028 0.013874 0.013754
0 0.817019 0.608555 0.014388 0.017192
0 0.929808 0.632968 0.010791 0.015129
0 0.944967 0.626435 0.013360 0.015817
0 0.934690 0.621277 0.009249 0.016504
0 0.937516 0.635718 0.009763 0.016504
0 0.774626 0.623684 0.012846 0.017192
0 0.737372 0.617151 0.011305 0.013754
0 0.824726 0.547351 0.012332 0.015817
0 0.800062 0.491992 0.013360 0.016504
0 0.744823 0.505746 0.012846 0.015129
0 0.772571 0.674573 0.012846 0.018568
0 0.792611 0.712739 0.013874 0.013754
0 0.785674 0.698298 0.011305 0.013754
0 0.917219 0.759846 0.011305 0.017192
0 0.949335 0.796637 0.013874 0.019255
0 0.937773 0.839274 0.016443 0.017880
0 0.864293 0.881911 0.012332 0.015129
0 0.790812 0.875721 0.012332 0.016504
0 0.730949 0.816236 0.013874 0.017192
0 0.813936 0.824145 0.011305 0.013754
0 0.819074 0.812110 0.014388 0.014441
0 0.779508 0.793887 0.010277 0.015129
0 0.790299 0.792855 0.013360 0.017192
0 0.775397 0.770849 0.011305 0.018568
0 0.784646 0.775319 0.010277 0.016504
0 0.766918 0.711708 0.012846 0.014441
0 0.780792 0.738872 0.009763 0.013754
0 0.773855 0.730275 0.012332 0.017192
0 0.887673 0.913888 0.012846 0.015817
0 0.975541 0.896696 0.012846 0.017192
0 0.923385 0.950335 0.013360 0.017192
0 0.853759 0.973717 0.012846 0.017192
0 0.845023 0.981969 0.012846 0.015817
0 0.799291 0.979218 0.010791 0.015817
0 0.738143 0.951367 0.012846 0.015129
0 0.705257 0.974748 0.012846 0.016504
0 0.676995 0.924891 0.011819 0.015817
0 0.626895 0.953430 0.013360 0.016504
0 0.549304 0.960995 0.012332 0.015129
0 0.617389 0.808328 0.011819 0.015129
0 0.647449 0.806953 0.012332 0.017880
0 0.528236 0.807296 0.011305 0.015817
0 0.484302 0.816236 0.012846 0.015817
0 0.508453 0.926266 0.013874 0.018568
0 0.491239 0.938301 0.011305 0.016504
0 0.455526 0.937269 0.014902 0.018568
0 0.435486 0.864031 0.012846 0.016504
0 0.480705 0.731995 0.012846 0.016504
0 0.528750 0.690733 0.012332 0.015129
0 0.543394 0.715834 0.010791 0.015817
0 0.545707 0.701393 0.013360 0.015817
0 0.543138 0.659444 0.014388 0.015817
0 0.518987 0.626778 0.012332 0.017880
0 0.482503 0.631248 0.013360 0.015817
0 0.472483 0.558010 0.013874 0.016504
0 0.458866 0.596520 0.012332 0.017880
0 0.422897 0.580703 0.012332 0.019255
0 0.414676 0.620245 0.012332 0.017192
2 0.350958 0.168091 0.031859 0.042637
0 0.326807 0.767411 0.014388 0.015817
0 0.325266 0.797325 0.015415 0.019255
0 0.277992 0.803514 0.013360 0.017880
0 0.247161 0.942771 0.012332 0.017192
0 0.121525 0.869876 0.011819 0.017192
0 0.163918 0.848902 0.011305 0.019255
0 0.146704 0.828959 0.011819 0.019255
0 0.120240 0.605116 0.013360 0.017192
0 0.028775 0.674573 0.012332 0.015817
0 0.030831 0.691421 0.015415 0.015129
0 0.015672 0.709645 0.011819 0.018568
0 0.123067 0.479270 0.012846 0.015817
0 0.072710 0.478238 0.010791 0.016504
0 0.085299 0.487866 0.013360 0.017880
0 0.047017 0.317663 0.011819 0.014441
0 0.122296 0.333136 0.014388 0.015129
0 0.135656 0.304253 0.014388 0.015129
0 0.127434 0.268493 0.008222 0.011003
0 0.140024 0.272963 0.009763 0.011691
0 0.132573 0.289124 0.010277 0.009628
0 0.119213 0.390902 0.011305 0.012378
0 0.124608 0.401561 0.013874 0.013066
0 0.164945 0.404655 0.013360 0.017880
0 0.138739 0.433194 0.012332 0.018568
0 0.226607 0.404655 0.012332 0.019255
0 0.195262 0.460014 0.013360 0.015817
0 0.197832 0.498869 0.012332 0.016504
0 0.253584 0.506777 0.012846 0.017192
0 0.241252 0.554915 0.012846 0.015817
0 0.224552 0.611306 0.013360 0.015817
0 0.263090 0.654286 0.014388 0.020631
0 0.312677 0.681106 0.012846 0.012378
0 0.348132 0.626435 0.013874 0.015817
0 0.359694 0.539786 0.011305 0.015817
0 0.387442 0.442822 0.014388 0.017192
0 0.306254 0.407406 0.011305 0.013754
0 0.447305 0.237891 0.012846 0.014441
0 0.477365 0.228951 0.013360 0.018568
0 0.460922 0.264367 0.014388 0.016504
0 0.488670 0.249238 0.011305 0.017880
0 0.478907 0.280184 0.012332 0.016504
0 0.495350 0.285342 0.011305 0.018568
0 0.502287 0.340701 0.011819 0.016504
0 0.458353 0.415315 0.012332 0.015817
0 0.487642 0.430100 0.015415 0.022006
0 0.522327 0.158463 0.011819 0.015129
0 0.609167 0.139208 0.012846 0.016504
0 0.566518 0.181501 0.011819 0.015817
0 0.562921 0.300127 0.011819 0.016504
0 0.605570 0.305972 0.013874 0.022694
0 0.697806 0.267806 0.013360 0.016504
0 0.697292 0.300815 0.013360 0.017880
0 0.724526 0.198349 0.014388 0.016504
0 0.715534 0.384713 0.011819 0.019255
0 0.596064 0.407406 0.010277 0.012378
0 0.587329 0.495430 0.012332 0.017880
0 0.623555 0.518124 0.012846 0.016504
0 0.626895 0.559385 0.012332 0.019255
0 0.676995 0.649816 0.010791 0.015817
0 0.665690 0.659444 0.010791 0.015817
0 0.694980 0.700361 0.013874 0.015129
0 0.564976 0.643627 0.011819 0.013066
0 0.579107 0.678011 0.010277 0.013066
0 0.567545 0.668040 0.008735 0.016504
0 0.576795 0.664945 0.010791 0.015817
2 0.649761 0.657381 0.024151 0.033697
0 0.599918 0.431475 0.011819 0.015129
0 0.606341 0.422879 0.011305 0.014441
0 0.614306 0.205570 0.012846 0.015817
0 0.535687 0.258522 0.011819 0.015817
0 0.443965 0.017144 0.012332 0.015817
0 0.429834 0.007368 0.011819 0.014736
0 0.310621 0.091758 0.011819 0.016504
0 0.254869 0.151930 0.010277 0.013066
0 0.276193 0.154337 0.010791 0.016504
0 0.259750 0.174280 0.010791 0.016504
0 0.260264 0.265399 0.012846 0.018568
0 0.357125 0.281216 0.011305 0.017192
0 0.368429 0.279496 0.014388 0.020631