1 0.213041 0.137647 0.084317 0.139622
1 0.160764 0.240702 0.077572 0.113027
1 0.062114 0.461770 0.082631 0.156244
1 0.126194 0.385310 0.065767 0.142947
1 0.019112 0.959433 0.037099 0.081133
1 0.157392 0.706109 0.091062 0.186163
1 0.295672 0.448473 0.053963 0.142947
1 0.293142 0.375337 0.082631 0.096406
1 0.317594 0.237377 0.067454 0.113027
1 0.261102 0.691149 0.119730 0.182839
1 0.449972 0.235715 0.086003 0.209433
1 0.404441 0.556514 0.092749 0.226055
1 0.450815 0.388635 0.131535 0.156244
1 0.545250 0.333783 0.050590 0.186163
1 0.551152 0.500000 0.079258 0.179514
1 0.469365 0.531581 0.053963 0.096406
1 0.600056 0.340432 0.072513 0.186163
1 0.487915 0.721068 0.064081 0.255974
1 0.584879 0.784231 0.106239 0.196136
1 0.411186 0.769271 0.052277 0.192812
1 0.369028 0.870664 0.059022 0.176190
1 0.304947 0.862353 0.062395 0.166217
1 0.338673 0.954447 0.096121 0.091106
1 0.702080 0.583108 0.053963 0.166217
1 0.761945 0.509973 0.065767 0.166217
1 0.817594 0.280594 0.072513 0.172866
1 0.936481 0.249013 0.084317 0.189487
1 0.937324 0.465094 0.106239 0.216082
1 0.820124 0.435175 0.128162 0.156244
1 0.810006 0.674528 0.128162 0.142947
1 0.846262 0.795866 0.086003 0.139622
1 0.773749 0.864015 0.065767 0.169541
1 0.705452 0.750987 0.091062 0.142947