2 0.775399 0.085794 0.034004 0.040793
2 0.844126 0.057628 0.027778 0.029785
1 0.899681 0.008418 0.026820 0.016835
1 0.877411 0.050829 0.020594 0.051153
1 0.821376 0.067340 0.024425 0.046620
1 0.782823 0.137594 0.031609 0.036908
1 0.885074 0.094211 0.025383 0.039498
1 0.877172 0.124320 0.032567 0.025900
1 0.918360 0.163710 0.033525 0.030433
1 0.980860 0.156911 0.012931 0.034965
2 0.991029 0.240762 0.017942 0.042088
2 0.910218 0.348247 0.035441 0.023958
1 0.926023 0.314254 0.044062 0.045325
1 0.972479 0.351161 0.029694 0.055685
1 0.877571 0.455517 0.031130 0.039498
1 0.873500 0.496633 0.023946 0.045325
1 0.846201 0.399400 0.024904 0.031728
1 0.814592 0.356017 0.040230 0.040793
2 0.736047 0.417854 0.028736 0.038850
2 0.760951 0.393249 0.026820 0.056980
2 0.798308 0.414940 0.036399 0.038203
2 0.126210 0.460481 0.038314 0.047268
2 0.275795 0.290836 0.029694 0.049858
2 0.078556 0.103924 0.032088 0.036908
2 0.452281 0.229431 0.033046 0.027195
2 0.881163 0.650091 0.023946 0.036260
2 0.869190 0.613183 0.030652 0.029785
1 0.787532 0.759734 0.035920 0.046620
1 0.944861 0.798908 0.029694 0.069283
1 0.938155 0.919343 0.017241 0.042088
1 0.930972 0.978266 0.035441 0.034318
1 0.889065 0.978589 0.021552 0.025900
1 0.862724 0.968553 0.031130 0.042088
1 0.720562 0.803009 0.037357 0.039498
1 0.730619 0.783260 0.031609 0.055685
1 0.715772 0.805275 0.045019 0.050505
1 0.760792 0.836355 0.023946 0.029785
1 0.785936 0.862579 0.031130 0.023958
1 0.641937 0.875205 0.036878 0.034965
1 0.667321 0.930243 0.033046 0.036260
1 0.163806 0.873910 0.034962 0.037555
1 0.143212 0.904666 0.031130 0.026548
1 0.205712 0.848981 0.035441 0.043383
2 0.274917 0.791354 0.028257 0.036908
2 0.280904 0.909846 0.031609 0.042088
1 0.339812 0.780994 0.032567 0.034318
1 0.246900 0.780670 0.017241 0.027195
1 0.089811 0.773224 0.024904 0.045973
1 0.006591 0.838945 0.013182 0.040145
1 0.094361 0.700488 0.029215 0.035613
1 0.057723 0.723798 0.018199 0.039498
1 0.078077 0.730597 0.025383 0.027195
1 0.080711 0.707934 0.024904 0.025900
1 0.057244 0.557066 0.028736 0.032375
1 0.032978 0.544116 0.022031 0.027195
1 0.072729 0.550591 0.023946 0.037555
1 0.014779 0.576491 0.022989 0.024605
1 0.035133 0.570016 0.011015 0.022015
1 0.214572 0.283821 0.040709 0.034965
1 0.111123 0.163926 0.027299 0.042088
1 0.125252 0.157451 0.015326 0.039498
1 0.164285 0.083096 0.056993 0.047915
1 0.219840 0.015324 0.033046 0.030648
1 0.017606 0.106082 0.035212 0.029138
1 0.033058 0.076297 0.018678 0.030433
1 0.051497 0.081477 0.021073 0.021368
1 0.046228 0.108672 0.018199 0.027843
1 0.285693 0.070470 0.035441 0.048563
1 0.490675 0.056656 0.022989 0.034318
1 0.505522 0.078671 0.017241 0.016188
1 0.395847 0.109751 0.045019 0.031728
1 0.444858 0.187020 0.040230 0.031728
1 0.414206 0.210006 0.020115 0.018130
1 0.430969 0.223604 0.026820 0.025900
1 0.442942 0.249180 0.034483 0.025253
1 0.471917 0.234611 0.031130 0.032375
1 0.460423 0.203207 0.034004 0.021368
1 0.597397 0.183782 0.018678 0.026548
1 0.593805 0.181516 0.039272 0.050505
1 0.695577 0.189286 0.041667 0.042735
1 0.294950 0.545509 0.033741 0.037471
1 0.314834 0.590719 0.031331 0.044803
1 0.329596 0.628598 0.029524 0.042359
1 0.308808 0.649370 0.027716 0.038286
2 0.471791 0.659145 0.030729 0.051320
0 0.484444 0.689693 0.011448 0.016292
2 0.597317 0.535326 0.034344 0.041544
2 0.580447 0.566281 0.043984 0.049690
1 0.678056 0.582980 0.019883 0.034213
1 0.685127 0.017483 0.026581 0.034965