2 0.513629 0.527866 0.037259 0.025253
2 0.582220 0.532186 0.032179 0.021930
2 0.720532 0.556995 0.035566 0.024588
2 0.700208 0.501506 0.055889 0.023923
2 0.422598 0.529749 0.034719 0.025917
2 0.418787 0.613149 0.035566 0.023923
2 0.444050 0.886718 0.061817 0.022594
2 0.436005 0.843855 0.032179 0.024588
2 0.396205 0.977428 0.033872 0.037879
2 0.093614 0.863459 0.044034 0.037214
2 0.044499 0.896022 0.040647 0.042531
2 0.087686 0.963472 0.042340 0.031233
2 0.157971 0.915958 0.044034 0.049176
2 0.188456 0.961147 0.049115 0.046518
2 0.589418 0.833555 0.055042 0.033227
2 0.420904 0.815280 0.048268 0.047182
2 0.709241 0.943869 0.040647 0.025253
2 0.816362 0.900673 0.048268 0.022594
2 0.735915 0.601852 0.048268 0.033227
2 0.754122 0.624446 0.045727 0.033227
2 0.776139 0.358298 0.038953 0.025917
2 0.778679 0.320751 0.055889 0.034556
2 0.772751 0.247763 0.060970 0.035221
2 0.785453 0.226497 0.066051 0.036550
2 0.660126 0.195153 0.045727 0.022594
2 0.725330 0.118067 0.045727 0.034556
2 0.608048 0.110757 0.060123 0.039872
2 0.465393 0.089679 0.032179 0.042088
2 0.493446 0.097449 0.020627 0.030433
2 0.154058 0.052771 0.048680 0.029138
2 0.017829 0.049210 0.035657 0.036260
2 0.066186 0.191876 0.061057 0.031080
2 0.171797 0.419796 0.056106 0.037555
2 0.020304 0.512713 0.040608 0.033023
1 0.044733 0.960459 0.039604 0.037555
1 0.265858 0.785310 0.061057 0.031728
1 0.354555 0.842290 0.053631 0.033023
1 0.088463 0.825132 0.039604 0.032375
1 0.300512 0.969524 0.047855 0.049210
1 0.340116 0.953337 0.057756 0.038850
1 0.032769 0.747108 0.063532 0.053743
2 0.182111 0.698222 0.051981 0.034965
2 0.204389 0.678797 0.048680 0.024605
2 0.237805 0.694337 0.047855 0.024605
2 0.258432 0.599154 0.062707 0.031080
1 0.215527 0.639946 0.052806 0.042735
1 0.083100 0.588470 0.045380 0.040793
1 0.115691 0.520806 0.057756 0.037555
2 0.013291 0.609514 0.026581 0.044030
2 0.025396 0.453669 0.050792 0.036827
2 0.387327 0.435781 0.048268 0.034722
2 0.974199 0.930351 0.045380 0.043383
2 0.920293 0.354938 0.035479 0.033023
2 0.765589 0.158638 0.054456 0.040145
2 0.513169 0.364552 0.039750 0.028966
2 0.525946 0.406145 0.050161 0.030452
2 0.741820 0.441421 0.037087 0.029703
1 0.787633 0.014112 0.051107 0.028223
1 0.914455 0.015226 0.047321 0.030452
2 0.954994 0.031937 0.040696 0.019311
1 0.945529 0.056447 0.027446 0.029709
1 0.979128 0.027852 0.041643 0.040850
1 0.976288 0.158942 0.047321 0.047534
1 0.828172 0.189394 0.036911 0.049020
1 0.621062 0.228387 0.056786 0.037879
0 0.643776 0.251783 0.013250 0.010398
1 0.538249 0.236928 0.070982 0.046049
1 0.430830 0.242127 0.060571 0.035651
1 0.435562 0.075015 0.043536 0.037136
1 0.607339 0.057932 0.031232 0.017825
1 0.328458 0.047534 0.053946 0.032680
1 0.171981 0.078728 0.042589 0.032680
1 0.198481 0.109923 0.035018 0.023767
1 0.172928 0.116979 0.061518 0.024510
1 0.187124 0.141117 0.065304 0.032680
2 0.251008 0.148420 0.049214 0.037879
2 0.141223 0.248688 0.056786 0.024510
1 0.185705 0.197440 0.045429 0.021539
1 0.582253 0.712682 0.057206 0.048634
1 0.669254 0.671062 0.045288 0.038346
1 0.578082 0.643004 0.044097 0.034605
1 0.407654 0.644875 0.048864 0.051440
1 0.464018 0.821570 0.038779 0.045973
1 0.495371 0.829017 0.047030 0.032375
1 0.549002 0.860744 0.037129 0.036260
1 0.543639 0.921609 0.034654 0.025900
1 0.502384 0.925494 0.021452 0.024605
1 0.525074 0.955279 0.040430 0.033670
1 0.582006 0.947186 0.037129 0.029138
1 0.577468 0.932293 0.046205 0.043383
1 0.739323 0.811210 0.038779 0.042088
1 0.757475 0.841967 0.043730 0.034965
1 0.743861 0.964344 0.051156 0.025900
1 0.935282 0.985086 0.041255 0.029828
1 0.875876 0.709553 0.044555 0.039498
1 0.766551 0.566347 0.040430 0.031080
1 0.789241 0.472783 0.049506 0.030433
1 0.850711 0.421955 0.040430 0.047915
1 0.716221 0.482172 0.040430 0.031080
1 0.703432 0.461128 0.049506 0.029138
1 0.804918 0.390875 0.036304 0.022015
2 0.905167 0.405120 0.038779 0.041440
1 0.292261 0.382349 0.057756 0.035613
1 0.441190 0.452603 0.033829 0.040145
1 0.584756 0.372313 0.042080 0.038850
1 0.595482 0.445157 0.058582 0.029138
1 0.595482 0.425408 0.020627 0.027195
1 0.574030 0.437063 0.028878 0.032375
1 0.478732 0.484654 0.034654 0.020073
1 0.470481 0.537426 0.028053 0.020720
1 0.449028 0.569801 0.067658 0.062160