2 0.757457 0.278529 0.053518 0.042388
2 0.639717 0.959897 0.044955 0.030664
2 0.617775 0.830928 0.024618 0.032468
2 0.414942 0.807480 0.066362 0.039683
2 0.391929 0.849868 0.048166 0.041486
2 0.873056 0.287849 0.044955 0.047799
2 0.295062 0.074856 0.040674 0.023449
2 0.355002 0.369769 0.062081 0.036075
1 0.064400 0.783129 0.043885 0.066739
1 0.055302 0.671296 0.104895 0.086580
1 0.394605 0.461911 0.051377 0.036977
1 0.414942 0.523238 0.051377 0.078463
1 0.524476 0.505652 0.074925 0.066739
2 0.243506 0.518278 0.063151 0.039683
1 0.190524 0.493026 0.055659 0.041486
1 0.336628 0.544883 0.065292 0.044192
1 0.334487 0.574645 0.078136 0.055014
1 0.318432 0.484007 0.067433 0.028860
1 0.228521 0.552549 0.063151 0.023449
1 0.194805 0.533159 0.089910 0.029762
1 0.271336 0.578253 0.063151 0.071248
1 0.172328 0.315807 0.077066 0.056818
1 0.178750 0.355038 0.064221 0.055916
1 0.260097 0.323473 0.066362 0.090188
1 0.102219 0.176166 0.101684 0.101010
1 0.184102 0.179323 0.098473 0.089286
1 0.206579 0.105820 0.107036 0.064935
1 0.290067 0.144150 0.066362 0.035173
1 0.272941 0.188342 0.049236 0.029762
1 0.298630 0.076209 0.079207 0.047799
1 0.455437 0.235390 0.090980 0.101010
1 0.531968 0.285895 0.081347 0.052309
1 0.595119 0.244408 0.128443 0.128066
2 0.708891 0.035859 0.086314 0.041414
2 0.698701 0.084848 0.056344 0.036364
1 0.798801 0.048990 0.122278 0.095960
1 0.810789 0.039394 0.055145 0.046465
1 0.850949 0.021212 0.058741 0.038384
1 0.910889 0.020707 0.080320 0.041414
1 0.879121 0.044444 0.057542 0.048485
1 0.891109 0.100000 0.081518 0.064646
1 0.949850 0.033333 0.064735 0.066666
1 0.954645 0.081313 0.081518 0.091919
1 0.983916 0.040404 0.032168 0.044444
1 0.810789 0.266498 0.079121 0.095960
1 0.852148 0.410943 0.087512 0.051515
1 0.883916 0.360943 0.067133 0.052525
1 0.974326 0.511953 0.051348 0.104040
1 0.704695 0.605219 0.077922 0.064983
1 0.813187 0.984007 0.038362 0.031986
1 0.927073 0.972896 0.074326 0.054208
1 0.734923 0.872652 0.106472 0.067119
1 0.670251 0.937445 0.059151 0.053163
1 0.512908 0.862352 0.070982 0.055821
1 0.531837 0.803872 0.061517 0.051834
1 0.617015 0.873981 0.041012 0.035221
1 0.338477 0.745060 0.059151 0.103004
1 0.465850 0.793904 0.056785 0.043860
1 0.403544 0.756025 0.058363 0.062467
1 0.256335 0.401745 0.055853 0.041322
1 0.976796 0.214073 0.046408 0.083792
1 0.650901 0.804017 0.069241 0.059213