1 0.011134 0.446285 0.022268 0.091512
1 0.134799 0.420423 0.038267 0.087533
1 0.076102 0.569627 0.047996 0.067639
0 0.082587 0.564322 0.011675 0.019894
0 0.286894 0.443633 0.015566 0.027851
0 0.208090 0.535807 0.017512 0.034483
1 0.030051 0.623340 0.033727 0.106100
1 0.009837 0.624666 0.019674 0.071618
1 0.269058 0.685011 0.057725 0.099469
1 0.306028 0.596815 0.086263 0.119363
1 0.392831 0.499114 0.053185 0.090185
1 0.428503 0.641024 0.022052 0.039788
1 0.448610 0.624445 0.046699 0.078249
1 0.401911 0.942083 0.054482 0.076923
1 0.875816 0.768344 0.046699 0.087533
1 0.899490 0.946062 0.074588 0.082228
1 0.835928 0.849908 0.033078 0.041114
1 0.662105 0.947388 0.047347 0.053050
1 0.635188 0.872455 0.033727 0.041114
1 0.861871 0.579353 0.070697 0.091512
1 0.898841 0.505083 0.046050 0.091512
1 0.929001 0.472589 0.041510 0.063660
1 0.814524 0.563438 0.042159 0.046419
1 0.935162 0.118037 0.048644 0.127320
1 0.965646 0.049072 0.044753 0.079575
1 0.983158 0.052387 0.027889 0.104774
1 0.809984 0.041777 0.061616 0.083554
0 0.818740 0.089523 0.018161 0.030504
1 0.809011 0.312334 0.049293 0.064986
1 0.672807 0.192750 0.055779 0.129973
1 0.600164 0.197392 0.042807 0.088859
1 0.207117 0.324049 0.057076 0.124668
1 0.242141 0.355216 0.045401 0.091512
1 0.267761 0.363837 0.030484 0.053050
1 0.379643 0.339301 0.045401 0.091512
0 0.040285 0.263410 0.021079 0.051724
0 0.830054 0.953780 0.021079 0.044540