1 0.141416 0.159091 0.093866 0.136364
1 0.122889 0.578283 0.155620 0.156566
1 0.309386 0.493687 0.103747 0.128788
1 0.262453 0.546717 0.128448 0.118687
1 0.514409 0.535354 0.187732 0.101010
1 0.642857 0.431818 0.148209 0.126263
2 0.411898 0.064394 0.125978 0.128788
1 0.888638 0.040404 0.121038 0.080808
2 0.326677 0.732323 0.098806 0.090909
1 0.621861 0.707071 0.175381 0.106061
1 0.426719 0.905303 0.091396 0.088384
1 0.691025 0.935606 0.130918 0.083333
1 0.830589 0.984848 0.088926 0.030303
1 0.565047 0.196970 0.116097 0.111111
1 0.621861 0.286616 0.121038 0.118687
1 0.392136 0.796717 0.209963 0.108586
1 0.337793 0.916667 0.175381 0.106061