2 0.099489 0.361111 0.095812 0.126263
2 0.187533 0.297980 0.147602 0.111111
2 0.253565 0.425505 0.119117 0.118687
2 0.294997 0.224747 0.165729 0.136364
2 0.403757 0.255051 0.139833 0.106061
2 0.535821 0.122475 0.207161 0.118687
2 0.498274 0.306818 0.106170 0.128788
2 0.569485 0.397727 0.119117 0.143939
2 0.494389 0.458333 0.103580 0.103535
2 0.175880 0.869949 0.196803 0.194444
2 0.267807 0.789141 0.194213 0.118687
2 0.373977 0.790404 0.132065 0.116162
2 0.539706 0.566919 0.126886 0.123737
2 0.621275 0.603535 0.129475 0.131313
2 0.583727 0.708333 0.085454 0.108586
2 0.781825 0.675505 0.160550 0.169192
2 0.797362 0.830808 0.139833 0.176768
2 0.913890 0.810606 0.165729 0.186869
2 0.880226 0.171717 0.170908 0.151515
1 0.667886 0.133838 0.098401 0.101010
1 0.895763 0.338384 0.139833 0.101010
1 0.923281 0.239899 0.153438 0.212121
1 0.938818 0.074495 0.122363 0.138889
1 0.948848 0.449495 0.090633 0.247475
1 0.205659 0.053030 0.194213 0.106060
1 0.115026 0.114899 0.220108 0.184343
1 0.098298 0.227273 0.196596 0.202020
1 0.108553 0.545455 0.176087 0.131313
2 0.278165 0.608586 0.142423 0.131313
1 0.445189 0.828283 0.108759 0.181818
1 0.354556 0.916667 0.134654 0.106061
1 0.346787 0.665404 0.129475 0.083333
1 0.408936 0.455808 0.222698 0.280303
2 0.649760 0.813131 0.103580 0.121212
2 0.688602 0.736111 0.155370 0.164141
2 0.809015 0.449495 0.100991 0.121212
1 0.792183 0.517677 0.222698 0.146465
1 0.605738 0.242424 0.284846 0.121212
1 0.666592 0.030303 0.178676 0.060606
1 0.528053 0.926768 0.129475 0.136364