2 0.142215 0.194134 0.057336 0.122347
2 0.232434 0.181255 0.052277 0.122347
2 0.388420 0.160327 0.070826 0.106248
2 0.068859 0.179645 0.038786 0.132005
2 0.093311 0.456535 0.037099 0.086930
2 0.125773 0.443298 0.031619 0.084516
2 0.484999 0.444640 0.062184 0.084516
2 0.681738 0.862187 0.051644 0.098602
2 0.593732 0.558333 0.061130 0.094577
2 0.691751 0.563364 0.063238 0.064393
2 0.746030 0.566382 0.045320 0.118724
2 0.810322 0.765598 0.066400 0.082503
2 0.657673 0.156548 0.048482 0.066405
2 0.758853 0.205849 0.073777 0.084516
2 0.819456 0.367838 0.076939 0.114700
2 0.901138 0.235027 0.054806 0.110675
2 0.974389 0.771970 0.043212 0.084516
1 0.876370 0.681418 0.053752 0.120737
1 0.939608 0.425858 0.079047 0.116712
1 0.962268 0.494276 0.037943 0.108663
1 0.751476 0.451012 0.075885 0.114700
1 0.639580 0.445646 0.070616 0.118724
1 0.571599 0.497965 0.067454 0.118724
1 0.534711 0.593548 0.040051 0.156958
1 0.476743 0.576444 0.071669 0.154945
1 0.361861 0.536198 0.065346 0.122749
1 0.550520 0.224966 0.071669 0.167019
1 0.626405 0.233015 0.071669 0.098602
1 0.697021 0.256156 0.090641 0.120737
1 0.036186 0.430889 0.042159 0.090553
1 0.011242 0.919873 0.022484 0.098602
1 0.099424 0.953075 0.037943 0.060368
1 0.365549 0.736755 0.083263 0.042258
1 0.381886 0.783038 0.046374 0.058356
2 0.427733 0.842400 0.047428 0.080491
1 0.346051 0.884658 0.061130 0.112688
1 0.382940 0.854474 0.061130 0.120737
1 0.959247 0.179645 0.048904 0.125566