1 0.078867 0.485481 0.148684 0.159070
1 0.159351 0.318631 0.074342 0.131405
1 0.277652 0.211000 0.138988 0.106335
1 0.355873 0.865000 0.061413 0.086451
1 0.552072 0.654492 0.102140 0.108064
1 0.731786 0.726247 0.111190 0.101148
1 0.767018 0.894826 0.089857 0.104606
2 0.881764 0.942374 0.049131 0.090773
2 0.710130 0.828691 0.034262 0.044954
2 0.692029 0.565880 0.039434 0.044954
2 0.728554 0.322953 0.060767 0.091638
1 0.812270 0.309986 0.060120 0.082993
1 0.738897 0.100342 0.090504 0.113251
2 0.892753 0.272380 0.018101 0.026800
2 0.911824 0.275838 0.016161 0.023342
2 0.465447 0.338082 0.040080 0.059651