2 0.134158 0.177565 0.024733 0.062001
2 0.127974 0.233825 0.032603 0.064298
2 0.162263 0.252196 0.031478 0.082668
2 0.821435 0.243776 0.020236 0.059705
2 0.847855 0.259850 0.030354 0.064298
2 0.503279 0.341371 0.038224 0.071187
2 0.480794 0.498670 0.040472 0.064298
2 0.654019 0.832396 0.042159 0.072335
2 0.172339 0.156817 0.045225 0.072022
1 0.056978 0.076967 0.047524 0.072022
1 0.059661 0.165428 0.042159 0.051668
1 0.038965 0.097321 0.049824 0.090810
1 0.111401 0.099669 0.044458 0.042274
1 0.104502 0.019695 0.079718 0.039390
1 0.167357 0.024392 0.045991 0.048784
1 0.207215 0.033127 0.039859 0.050102
1 0.257806 0.019695 0.052123 0.039390
1 0.290766 0.050350 0.068987 0.093941
1 0.331008 0.015781 0.055956 0.031562
1 0.354387 0.038483 0.075119 0.076966
1 0.422990 0.038483 0.036026 0.076966
1 0.310695 0.176388 0.053656 0.108032
1 0.397695 0.159165 0.029894 0.076719
1 0.406894 0.253107 0.040625 0.108032
1 0.444708 0.244495 0.045225 0.103335
1 0.435510 0.329825 0.046758 0.111164
1 0.352343 0.327477 0.049057 0.078284
1 0.353493 0.405761 0.062088 0.075153
1 0.403700 0.412024 0.072053 0.106467
2 0.103735 0.174822 0.047524 0.111164
1 0.059661 0.248410 0.040625 0.114295
1 0.047013 0.318865 0.050590 0.051668
1 0.068859 0.341568 0.037559 0.072022
1 0.099903 0.350962 0.039859 0.140912
1 0.138229 0.282855 0.042925 0.067325
1 0.142445 0.332174 0.063621 0.090810
1 0.112934 0.399498 0.078185 0.118992
1 0.140912 0.439423 0.054423 0.098638
1 0.054678 0.504139 0.050590 0.057930
1 0.113700 0.543281 0.067454 0.104901
1 0.036665 0.612171 0.049824 0.123689
1 0.053912 0.619217 0.076652 0.072022
1 0.071158 0.677930 0.074352 0.092376
1 0.115617 0.671667 0.057489 0.111164
1 0.096837 0.850938 0.070520 0.162832
1 0.014692 0.878338 0.029383 0.108032
1 0.037815 0.950520 0.050590 0.098960
1 0.325132 0.557111 0.071286 0.187883
1 0.347744 0.660446 0.055189 0.106467
1 0.379171 0.723857 0.029128 0.064193
1 0.409449 0.572768 0.059022 0.131518
1 0.507946 0.494483 0.032194 0.118992
1 0.521744 0.456124 0.081251 0.139346
1 0.567735 0.027524 0.050590 0.055047
1 0.683479 0.066790 0.033727 0.098638
1 0.568118 0.250758 0.043692 0.128386
1 0.631867 0.252324 0.067454 0.106467
1 0.645281 0.337654 0.062088 0.092376
1 0.699320 0.216313 0.053656 0.162832
1 0.832184 0.393758 0.062855 0.128386
1 0.877791 0.339741 0.069753 0.108032
1 0.873065 0.486133 0.052123 0.084547
1 0.840871 0.645050 0.055189 0.117427
1 0.918289 0.692804 0.049057 0.118992
1 0.977924 0.559720 0.044151 0.131518
1 0.956615 0.533104 0.041392 0.150306
1 0.983060 0.714724 0.031427 0.093941
1 0.899893 0.926252 0.072053 0.147496
1 0.975625 0.941126 0.048750 0.117748
1 0.776483 0.916858 0.058255 0.166284
1 0.675686 0.684975 0.071286 0.153437
1 0.607083 0.652096 0.056722 0.131518
1 0.554193 0.749169 0.052123 0.106467
1 0.583321 0.710026 0.042925 0.097073
1 0.597118 0.838413 0.059788 0.137781
1 0.623563 0.903389 0.059022 0.111164
1 0.673386 0.901823 0.048291 0.104901
1 0.687950 0.896343 0.049824 0.162832
1 0.709413 0.922960 0.039092 0.122124
1 0.478691 0.926874 0.059022 0.136215
1 0.512034 0.907303 0.049057 0.090810
1 0.539629 0.912000 0.056722 0.169094
2 0.579871 0.959131 0.051357 0.081737