0 0.051995 0.849786 0.038786 0.057238
0 0.070545 0.054818 0.038786 0.082677
0 0.145587 0.724181 0.033727 0.054058
0 0.224845 0.797318 0.040472 0.047698
0 0.242552 0.760750 0.059022 0.038158
0 0.182687 0.401424 0.026981 0.057238
0 0.226532 0.258330 0.026981 0.031799
0 0.229904 0.296488 0.053963 0.050878
0 0.235807 0.347366 0.042159 0.038158
0 0.390950 0.647864 0.052277 0.085857
0 0.421304 0.895894 0.035413 0.060418
0 0.418775 0.480921 0.026981 0.044518
0 0.450815 0.490460 0.030354 0.044518
0 0.452501 0.534979 0.043845 0.082677
0 0.461776 0.229711 0.032040 0.050878
0 0.511523 0.282179 0.023609 0.066777
0 0.529230 0.321927 0.038786 0.050878
0 0.547780 0.280589 0.042159 0.057238
0 0.842046 0.751210 0.037099 0.063597
0 0.829399 0.539748 0.021922 0.034979
0 0.976766 0.014033 0.023609 0.028065
0 0.983511 0.032305 0.023609 0.046638
0 0.983511 0.133001 0.021360 0.031799
0 0.989788 0.112862 0.020423 0.042398
1 0.147274 0.404604 0.064081 0.120835
1 0.186060 0.286948 0.080944 0.184433
1 0.283024 0.425273 0.045531 0.079497
1 0.160764 0.638325 0.070826 0.155814
1 0.598370 0.568367 0.062395 0.098576
1 0.823496 0.554058 0.128162 0.171713