2 0.086472 0.186869 0.142958 0.111111
2 0.142201 0.078283 0.152650 0.126263
2 0.248814 0.434343 0.075113 0.101010
2 0.319081 0.425505 0.089652 0.078283
2 0.325139 0.516414 0.087229 0.058081
2 0.388137 0.453283 0.087229 0.078283
2 0.409945 0.280303 0.072690 0.106061
2 0.521403 0.297980 0.092075 0.126263
2 0.621958 0.311869 0.060575 0.103535
2 0.676476 0.246212 0.096921 0.164141
2 0.724937 0.407828 0.072690 0.078283
2 0.552902 0.387626 0.096921 0.098485
2 0.314235 0.703283 0.089652 0.118687
1 0.239122 0.561869 0.123574 0.108586
2 0.625593 0.580808 0.077536 0.085859
2 0.535941 0.771465 0.092075 0.083333
2 0.517769 0.832071 0.104190 0.037879
2 0.391772 0.917929 0.075113 0.088384
2 0.411156 0.757576 0.094498 0.060606
2 0.817011 0.704545 0.121151 0.055556
2 0.738263 0.582071 0.060575 0.093434
2 0.791569 0.613636 0.109036 0.065657
2 0.769762 0.482323 0.070267 0.050505
2 0.809742 0.445707 0.087229 0.063131
2 0.466885 0.517677 0.084806 0.045455
2 0.451876 0.568182 0.049806 0.030864
2 0.480144 0.476992 0.057883 0.070146
1 0.199478 0.452207 0.075383 0.058923
1 0.377166 0.834502 0.145381 0.065937
1 0.381878 0.666854 0.047114 0.089787
1 0.423607 0.612140 0.079421 0.109428
1 0.501682 0.652825 0.079421 0.106622
1 0.550143 0.629676 0.141343 0.189394
2 0.588507 0.833100 0.061922 0.108025
1 0.859077 0.530771 0.053845 0.112233
1 0.930870 0.561635 0.107690 0.120651
1 0.649531 0.453844 0.083459 0.085578
1 0.390403 0.356341 0.106343 0.081369
1 0.507516 0.429994 0.098267 0.085578
1 0.599052 0.514169 0.109036 0.088384
1 0.673761 0.610269 0.051153 0.086981