2 0.026333 0.204545 0.046682 0.136364
2 0.087953 0.183081 0.087762 0.133838
2 0.189720 0.372475 0.126975 0.073232
2 0.202791 0.276515 0.112037 0.058081
2 0.202791 0.224747 0.093364 0.070707
2 0.284018 0.251263 0.106435 0.098485
2 0.370846 0.265152 0.078426 0.126263
2 0.393254 0.387626 0.100833 0.128788
2 0.286819 0.912879 0.074691 0.088384
2 0.500622 0.963384 0.031744 0.068182
2 0.551973 0.970960 0.029876 0.058080
2 0.896486 0.606061 0.065355 0.136364
1 0.944975 0.534091 0.110050 0.229798
1 0.705090 0.516414 0.149382 0.143939
1 0.576247 0.547980 0.145648 0.126263
2 0.621062 0.656566 0.145648 0.126263
1 0.832998 0.714646 0.143781 0.141414
1 0.710691 0.785354 0.130710 0.196970
1 0.347505 0.650253 0.125108 0.143939
1 0.364311 0.768939 0.095231 0.143939
1 0.430599 0.587121 0.115771 0.204545
1 0.477281 0.131313 0.089629 0.171717
1 0.413794 0.964646 0.134444 0.070707
1 0.161711 0.104798 0.093364 0.154040