2 0.106498 0.040139 0.050335 0.040494
1 0.222110 0.061097 0.051908 0.082410
1 0.276377 0.100526 0.039324 0.057545
1 0.264580 0.099105 0.037751 0.049020
1 0.377833 0.115800 0.061345 0.062518
1 0.290534 0.228758 0.028313 0.032680
1 0.275591 0.198210 0.029886 0.031259
1 0.206381 0.207090 0.040897 0.043336
1 0.136384 0.135692 0.050335 0.066780
1 0.062061 0.145638 0.033819 0.036942
1 0.085263 0.179028 0.067637 0.051151
1 0.097686 0.125045 0.022109 0.026779
1 0.213289 0.397876 0.063312 0.093137
1 0.312778 0.337418 0.077783 0.060458
1 0.467440 0.267974 0.083210 0.052288
2 0.529828 0.197769 0.051148 0.042822
1 0.590957 0.198050 0.072356 0.046766
1 0.329601 0.215236 0.051148 0.054091
1 0.427220 0.184246 0.074227 0.047329
1 0.349562 0.135227 0.086079 0.129592
1 0.578794 0.417512 0.053020 0.055217
2 0.650838 0.340320 0.044911 0.030426
1 0.314631 0.528792 0.061128 0.056908
1 0.334903 0.459488 0.044287 0.042258
1 0.557898 0.506536 0.037426 0.055217
1 0.597194 0.501465 0.039921 0.039441
1 0.636180 0.529919 0.024327 0.032116
1 0.661130 0.502310 0.033059 0.025355
1 0.632125 0.491041 0.049901 0.046766
1 0.707600 0.518650 0.053643 0.042258
1 0.671734 0.509635 0.056762 0.028736
2 0.656764 0.644861 0.054267 0.040005
2 0.727560 0.710784 0.031188 0.040005
1 0.683585 0.685711 0.051772 0.046202
1 0.780268 0.618661 0.085455 0.068740
1 0.784946 0.662046 0.097307 0.056344
1 0.591581 0.799808 0.041168 0.037751
1 0.346131 0.973574 0.056762 0.052851
1 0.433146 0.978984 0.102297 0.029863
1 0.432522 0.942078 0.108534 0.043949
1 0.474314 0.913906 0.076099 0.045076
2 0.567878 0.953347 0.038673 0.040568
1 0.544175 0.984562 0.074851 0.030876
1 0.325859 0.722335 0.052396 0.032680
1 0.087582 0.836714 0.054891 0.036060
1 0.096627 0.805725 0.063000 0.041695
1 0.032692 0.684021 0.044911 0.060852
1 0.027573 0.638664 0.055146 0.042258
2 0.090701 0.591616 0.052396 0.040568
2 0.283755 0.810232 0.024327 0.046202
1 0.016346 0.574149 0.032692 0.066486
1 0.214206 0.629648 0.072356 0.044512
1 0.275334 0.649087 0.042416 0.034934
1 0.241027 0.667963 0.058633 0.037751
2 0.058266 0.713883 0.038673 0.037187
2 0.124384 0.714165 0.000000 0.000563
1 0.041736 0.729941 0.024327 0.029863
1 0.120330 0.762058 0.038049 0.043385
1 0.210151 0.786568 0.044287 0.045076
1 0.179275 0.775580 0.049901 0.049020
1 0.148399 0.772481 0.048030 0.025918
1 0.174285 0.808260 0.046158 0.044512
1 0.479616 0.814740 0.059257 0.031553
1 0.686080 0.979209 0.111653 0.041582
2 0.725377 0.920949 0.039297 0.042258
2 0.968644 0.917850 0.055515 0.048456
1 0.910010 0.324825 0.080465 0.054654
1 0.779021 0.236646 0.044287 0.059725
1 0.891609 0.211010 0.059881 0.058035
1 0.827674 0.190726 0.051772 0.052400
1 0.827362 0.218898 0.068614 0.054654
1 0.838590 0.152130 0.041168 0.022538
1 0.917807 0.103955 0.063624 0.069304
1 0.949931 0.063387 0.046782 0.049020
1 0.978864 0.081981 0.042272 0.046766
2 0.843580 0.058316 0.038673 0.032116
1 0.860109 0.019721 0.069237 0.038314
1 0.630566 0.267072 0.107911 0.085643
1 0.685768 0.320881 0.054891 0.053527
1 0.657075 0.431880 0.000000 0.003944
2 0.747521 0.362858 0.029940 0.025918
0 0.978455 0.177288 0.023516 0.027778
0 0.422217 0.839052 0.025325 0.027778
0 0.765005 0.401961 0.023516 0.022876
0 0.783094 0.084150 0.023516 0.024510
1 0.793947 0.013072 0.041605 0.026144