2 0.069956 0.509103 0.079988 0.043023
1 0.061262 0.494607 0.097376 0.075758
1 0.109602 0.485254 0.077206 0.118780
1 0.202458 0.571299 0.048688 0.057052
1 0.385387 0.391258 0.025040 0.046764
1 0.019181 0.041152 0.035473 0.041152
2 0.831000 0.943696 0.030604 0.039282
1 0.847345 0.921717 0.041037 0.030864
1 0.924203 0.888515 0.050079 0.056117
1 0.941940 0.943229 0.027126 0.027123
1 0.844215 0.944632 0.057035 0.037411
1 0.859865 0.947437 0.081379 0.054246
1 0.879688 0.920782 0.097376 0.092593
1 0.853257 0.257202 0.027822 0.048634
1 0.899511 0.239431 0.035473 0.026188
1 0.885948 0.227740 0.065381 0.113169
1 0.877949 0.216049 0.034082 0.035541
2 0.691775 0.120651 0.052166 0.057987
2 0.327540 0.476369 0.024344 0.022447
2 0.319889 0.474498 0.035473 0.052376
2 0.355710 0.472628 0.038951 0.043023
1 0.577010 0.290248 0.020171 0.069211
1 0.426424 0.369123 0.037560 0.043646
1 0.419816 0.364759 0.034082 0.026188
1 0.674734 0.594837 0.041733 0.063599
0 0.584313 0.780490 0.013911 0.019641
2 0.842129 0.840816 0.038951 0.043023
1 0.108907 0.914703 0.067468 0.071081
2 0.108720 0.315657 0.028143 0.032735
2 0.519851 0.056009 0.027447 0.053743
1 0.848809 0.162690 0.018132 0.033960
1 0.715408 0.187507 0.031084 0.059213
2 0.708608 0.220742 0.033026 0.039185
2 0.694038 0.293452 0.016837 0.057471
2 0.783403 0.364420 0.029789 0.021769
1 0.799917 0.316963 0.060225 0.069662
1 0.797326 0.279084 0.042093 0.054859
1 0.813839 0.269070 0.045330 0.088819
1 0.779518 0.234239 0.032379 0.027865
1 0.774013 0.233368 0.069291 0.045280
1 0.748434 0.269505 0.066053 0.056600
2 0.730302 0.268199 0.023313 0.038314
1 0.736130 0.321317 0.049216 0.041797
1 0.713465 0.362243 0.045330 0.052247
1 0.718646 0.254702 0.032379 0.051376
1 0.693714 0.246430 0.025256 0.045280
1 0.752643 0.348311 0.048568 0.052247
1 0.677201 0.314350 0.027198 0.057471
1 0.554420 0.519619 0.028170 0.052448
0 0.204466 0.756119 0.013001 0.026224
0 0.884262 0.835297 0.013146 0.018519
0 0.986925 0.852974 0.013146 0.016835
0 0.874559 0.782688 0.018780 0.015993
0 0.719939 0.881594 0.012520 0.013468
0 0.808252 0.652207 0.017438 0.027958
0 0.748895 0.774862 0.014085 0.011724
0 0.951112 0.791546 0.016097 0.018038
0 0.851848 0.834085 0.008048 0.009921
0 0.635881 0.985600 0.013414 0.008117
0 0.235470 0.812440 0.014756 0.017136
0 0.058739 0.661827 0.014085 0.015332
0 0.151631 0.438913 0.013414 0.018038
0 0.199922 0.495280 0.013414 0.015332
0 0.131846 0.313101 0.010061 0.011724
0 0.134193 0.332492 0.010731 0.014430
0 0.134864 0.322571 0.006707 0.012626
0 0.156997 0.328884 0.010731 0.016234
0 0.301869 0.299122 0.010731 0.019841
0 0.058739 0.236291 0.007378 0.010823
0 0.068464 0.217352 0.010731 0.016234
0 0.054714 0.228175 0.012743 0.018038
0 0.528121 0.262897 0.008048 0.013528
0 0.463062 0.229978 0.012073 0.012626
0 0.822002 0.026605 0.014085 0.017136
0 0.936021 0.192551 0.011402 0.013528
0 0.041773 0.214646 0.008347 0.014029
0 0.012299 0.331790 0.011998 0.015432
0 0.049598 0.323022 0.009390 0.010522
0 0.116892 0.243056 0.012520 0.020342
0 0.156278 0.339740 0.007825 0.012626
0 0.520570 0.222012 0.014085 0.016134
0 0.412586 0.112935 0.009912 0.012626
0 0.619772 0.005261 0.008347 0.010522
0 0.939440 0.396500 0.011737 0.017887
0 0.905792 0.494879 0.005477 0.014731
0 0.191462 0.957097 0.007629 0.011837
0 0.315291 0.968934 0.008803 0.016572