2 0.374780 0.367241 0.033804 0.055935
2 0.076058 0.381224 0.046296 0.061020
2 0.117945 0.374868 0.052175 0.061020
2 0.126764 0.268718 0.041887 0.072462
2 0.128557 0.322597 0.041240 0.081659
1 0.058789 0.589711 0.045561 0.076275
1 0.121987 0.798197 0.039683 0.078818
1 0.051440 0.818537 0.054380 0.094073
1 0.017637 0.920873 0.029394 0.090259
1 0.363389 0.435888 0.052175 0.099158
1 0.338771 0.501358 0.038213 0.102972
1 0.525794 0.513435 0.056584 0.111871
1 0.562339 0.665262 0.049292 0.050850
1 0.554877 0.632405 0.028942 0.072755
1 0.526839 0.884701 0.040700 0.050068
1 0.635599 0.860058 0.029394 0.047721
2 0.685117 0.763051 0.028038 0.050850
2 0.950377 0.497704 0.040885 0.061020
2 0.912698 0.963117 0.047298 0.073766
2 0.917508 0.886015 0.058522 0.077662
2 0.879830 0.888789 0.039282 0.069341
2 0.874218 0.965890 0.042488 0.068220
2 0.735954 0.181213 0.022676 0.076711
2 0.765684 0.185571 0.043840 0.041843
1 0.671397 0.100378 0.048902 0.117880
1 0.535113 0.172493 0.056918 0.095691
2 0.551948 0.101072 0.052108 0.088757
1 0.354337 0.144063 0.060927 0.049926
2 0.354738 0.183588 0.037678 0.051313
1 0.455347 0.174573 0.035273 0.063794
1 0.433702 0.151691 0.044893 0.098465
1 0.427690 0.155158 0.013628 0.044378
1 0.486612 0.297307 0.000000 0.001387
1 0.117845 0.196069 0.030463 0.062407
1 0.532922 0.966542 0.034685 0.057969
1 0.597002 0.922302 0.038213 0.063054
1 0.578189 0.944168 0.044092 0.057969
1 0.630218 0.963491 0.000000 0.001017
1 0.673721 0.911115 0.041152 0.054918
1 0.685185 0.887215 0.054674 0.100684
1 0.728395 0.549061 0.042328 0.083394
1 0.812169 0.692214 0.037037 0.073224
1 0.693122 0.013351 0.045855 0.026702
1 0.266314 0.017623 0.067019 0.035245
1 0.138977 0.429437 0.046561 0.104955
1 0.160494 0.332414 0.051499 0.074445