2 0.280608 0.373711 0.116066 0.118557
2 0.434890 0.212199 0.113235 0.104811
2 0.547417 0.198454 0.128804 0.097938
2 0.641543 0.279210 0.096249 0.128866
2 0.723638 0.244845 0.113235 0.152921
2 0.565818 0.530069 0.114650 0.132302
2 0.547417 0.696735 0.106158 0.159794
2 0.316701 0.787801 0.120312 0.156357
2 0.494338 0.796392 0.070772 0.067010
2 0.495046 0.871134 0.092003 0.099656
2 0.050600 0.576460 0.094834 0.139175
2 0.112879 0.703608 0.162775 0.121993
1 0.416489 0.970790 0.104742 0.058419
1 0.852443 0.435567 0.116066 0.125430
1 0.507077 0.395189 0.124558 0.154639
1 0.295470 0.124570 0.114650 0.128866
1 0.333687 0.268041 0.103327 0.144330
1 0.366242 0.189863 0.092003 0.135739
1 0.626681 0.111684 0.134466 0.082474
1 0.783794 0.140034 0.125974 0.197595
1 0.704530 0.639175 0.128804 0.199313
1 0.648621 0.623711 0.104742 0.120275
1 0.520524 0.938144 0.174098 0.123711