0 0.136612 0.126263 0.028748 0.040404
0 0.169856 0.059858 0.019569 0.022447
0 0.215843 0.058455 0.017612 0.021511
0 0.193991 0.227273 0.015655 0.020576
0 0.077881 0.361953 0.024787 0.031799
0 0.328039 0.280584 0.026744 0.022447
0 0.135936 0.515339 0.030006 0.024317
0 0.156484 0.626169 0.018917 0.023382
0 0.133979 0.646745 0.023483 0.021511
0 0.028524 0.779555 0.024787 0.034605
0 0.219975 0.816031 0.030658 0.028994
0 0.286509 0.853909 0.024135 0.024317
0 0.353370 0.851104 0.023483 0.022447
0 0.347826 0.894126 0.025440 0.026188
0 0.435887 0.980640 0.026744 0.028994
0 0.461653 0.931070 0.024787 0.036476
0 0.529166 0.715488 0.028049 0.035541
0 0.690937 0.797793 0.025440 0.031799
0 0.638100 0.981419 0.033267 0.029929
0 0.770844 0.875733 0.026092 0.031799
0 0.783564 0.770981 0.025440 0.037411
0 0.815200 0.769579 0.026092 0.034605
0 0.891955 0.825228 0.024787 0.024317
0 0.929788 0.865912 0.022178 0.032735
0 0.940225 0.827098 0.019569 0.026188
0 0.959142 0.829436 0.020874 0.030864
0 0.925874 0.748535 0.023483 0.037411
0 0.891955 0.731700 0.022178 0.035541
0 0.985234 0.680259 0.014351 0.041152
0 0.933376 0.568649 0.024135 0.037411
0 0.888693 0.597643 0.022178 0.033670
0 0.816940 0.515339 0.020874 0.024317
0 0.807808 0.481669 0.023483 0.031799
0 0.707679 0.432099 0.024135 0.033670
0 0.684523 0.534979 0.024787 0.029929
0 0.907936 0.352132 0.028049 0.030864
0 0.901739 0.303966 0.023483 0.028058
0 0.941530 0.291807 0.022178 0.031799
0 0.955554 0.244575 0.022831 0.034605
0 0.777802 0.154789 0.026092 0.028994
0 0.730184 0.180509 0.024787 0.035541
0 0.643428 0.227273 0.023483 0.028058
0 0.663323 0.269828 0.028049 0.036476
0 0.591243 0.216049 0.027397 0.035541
0 0.573957 0.324542 0.028049 0.041152
0 0.557976 0.048634 0.024787 0.037411
0 0.486223 0.127198 0.024787 0.037411
0 0.418601 0.137018 0.020874 0.028994
0 0.426754 0.042555 0.022831 0.034605
1 0.247628 0.249611 0.054869 0.130148
1 0.149042 0.677609 0.052836 0.069697