1 0.146701 0.537241 0.127894 0.185374
1 0.172164 0.293450 0.071181 0.124621
1 0.507812 0.500871 0.109375 0.194877
1 0.642708 0.861183 0.125000 0.180857
2 0.628646 0.873801 0.042708 0.051874
0 0.025521 0.212061 0.038542 0.037854
0 0.315625 0.472831 0.029167 0.040658
0 0.260417 0.543632 0.033333 0.039256
0 0.297917 0.577280 0.025000 0.025236
0 0.294271 0.604619 0.028125 0.035050
0 0.164063 0.678924 0.021875 0.037854
0 0.184375 0.681027 0.022917 0.036452
0 0.280729 0.698552 0.028125 0.037854
0 0.442187 0.648781 0.026042 0.028040
0 0.394792 0.422360 0.033333 0.040658
0 0.415104 0.486851 0.028125 0.029442
0 0.405208 0.460214 0.029167 0.032246
0 0.096875 0.777064 0.027083 0.043462
0 0.033333 0.856276 0.027083 0.030844
0 0.081771 0.921469 0.026042 0.035050
0 0.047396 0.980352 0.028125 0.035050
0 0.008854 0.920067 0.017708 0.035050
0 0.282292 0.908150 0.029167 0.039256
0 0.421875 0.929881 0.027083 0.037854
0 0.480208 0.532416 0.031250 0.042060
0 0.450521 0.599011 0.028125 0.049070
0 0.592187 0.441287 0.030208 0.047668
0 0.569792 0.097098 0.033333 0.043462
0 0.496354 0.165094 0.026042 0.039256
0 0.475000 0.096397 0.031250 0.036452
0 0.658854 0.150373 0.028125 0.040658
0 0.730208 0.100603 0.029167 0.044864
0 0.831771 0.077470 0.026042 0.040658
0 0.701562 0.200144 0.030208 0.042060
0 0.759375 0.220473 0.031250 0.040658
0 0.816667 0.275852 0.027083 0.042060
0 0.848958 0.275852 0.031250 0.039256
0 0.844271 0.311602 0.028125 0.029442
0 0.848958 0.354363 0.025000 0.044864
0 0.828646 0.353662 0.023958 0.037854
0 0.626562 0.354363 0.030208 0.042060
0 0.703646 0.373290 0.032292 0.035050
0 0.639687 0.580220 0.031875 0.042060
0 0.689687 0.520075 0.030625 0.047948
0 0.749687 0.377492 0.029375 0.047107
0 0.799687 0.378333 0.035625 0.048789
0 0.941875 0.557508 0.033750 0.043742
0 0.921562 0.045220 0.024375 0.031965
0 0.983750 0.099057 0.028750 0.033648
0 0.848125 0.847300 0.025000 0.034489
0 0.771562 0.847720 0.028125 0.038695
0 0.759062 0.806081 0.024375 0.031124
0 0.704062 0.903660 0.024375 0.032807
0 0.823437 0.986108 0.028125 0.027783
0 0.562187 0.909969 0.026875 0.037013
0 0.630312 0.961281 0.029375 0.028601
0 0.397812 0.878003 0.026875 0.025236
0 0.375312 0.861600 0.030625 0.034489
0 0.401250 0.840991 0.026250 0.031965
0 0.013281 0.772337 0.026562 0.039957
0 0.011719 0.628282 0.023438 0.067296