0 0.443896 0.154040 0.122669 0.106061
0 0.151488 0.222222 0.102699 0.080808
0 0.131518 0.303030 0.079877 0.060606
0 0.229939 0.334596 0.094141 0.068182
0 0.289847 0.462121 0.077025 0.060606
0 0.190000 0.501263 0.059908 0.053030
0 0.282715 0.556818 0.068466 0.053030
0 0.124387 0.972222 0.082730 0.055556
0 0.470997 0.580808 0.062761 0.060606
0 0.526626 0.555556 0.082730 0.060606
0 0.652147 0.603535 0.094141 0.045455
0 0.617914 0.520202 0.077025 0.070707
0 0.689233 0.469697 0.059908 0.070707
2 0.453880 0.839646 0.427914 0.320707