1 0.061738 0.986111 0.062269 0.027778
1 0.795647 0.714841 0.051330 0.062160
1 0.313060 0.945513 0.053855 0.057304
1 0.318109 0.983197 0.129588 0.033605
1 0.555896 0.671062 0.051050 0.057520
1 0.431006 0.654929 0.066243 0.074355
1 0.470813 0.741676 0.037679 0.056117
2 0.519735 0.700991 0.043149 0.047699
2 0.416725 0.749743 0.048619 0.052609
1 0.472940 0.841283 0.040718 0.036476
1 0.501807 0.873901 0.029171 0.056818
1 0.373879 0.823747 0.058950 0.049102
1 0.406697 0.868640 0.046796 0.049102
1 0.378437 0.864431 0.038895 0.040685
1 0.324045 0.867588 0.043149 0.039983
1 0.342885 0.890736 0.049226 0.041386
1 0.368410 0.876005 0.040718 0.061027
1 0.629735 0.583497 0.056519 0.039983
1 0.537967 0.577535 0.027348 0.050505
1 0.518520 0.487514 0.039503 0.033670
1 0.518216 0.504700 0.066851 0.042789
1 0.544045 0.465067 0.052873 0.054714
1 0.607249 0.468575 0.037072 0.039282
1 0.599652 0.546787 0.037679 0.037177
2 0.643409 0.542579 0.059558 0.046998
2 0.682304 0.649551 0.047403 0.047699
1 0.709247 0.881968 0.051050 0.056117
1 0.618391 0.945801 0.068674 0.057520
1 0.775794 0.830411 0.051657 0.065236
1 0.797065 0.783413 0.049226 0.055415
1 0.960748 0.802469 0.024917 0.044893
1 0.963482 0.838594 0.040110 0.037177
1 0.955886 0.909091 0.040718 0.056117
1 0.986299 0.774060 0.027402 0.054012
1 0.988730 0.704849 0.022540 0.094697
2 0.936134 0.647330 0.046188 0.070847
1 0.937654 0.492074 0.040718 0.049804
1 0.954974 0.526094 0.040110 0.051908
1 0.939173 0.550295 0.042541 0.037177
0 0.937046 0.557309 0.020055 0.014731
2 0.844063 0.547138 0.067458 0.056117
2 0.779542 0.629793 0.046188 0.049804
2 0.759486 0.473368 0.043757 0.045595
2 0.859155 0.636106 0.051050 0.059624
1 0.826945 0.625585 0.037679 0.066639
1 0.767083 0.581743 0.066243 0.049102
1 0.658299 0.477577 0.046796 0.037177
1 0.681697 0.492658 0.046188 0.046296
1 0.603704 0.377619 0.042541 0.065937
1 0.564201 0.363590 0.048619 0.054714
1 0.468382 0.382997 0.059558 0.050505
1 0.483271 0.432800 0.055304 0.054714
1 0.394340 0.412809 0.051657 0.055415
1 0.306218 0.382997 0.057735 0.058923
1 0.278566 0.424032 0.085083 0.080668
1 0.349671 0.513351 0.064420 0.079265
1 0.334174 0.587823 0.028563 0.030864
1 0.263373 0.596240 0.059558 0.042088
2 0.191863 0.446011 0.048619 0.042789
2 0.157830 0.396207 0.041326 0.062430
2 0.197940 0.405326 0.048619 0.037177
2 0.037296 0.443907 0.044972 0.042789
2 0.107793 0.416550 0.040110 0.046998
1 0.127848 0.412692 0.019447 0.023850
1 0.088650 0.471264 0.052873 0.063833
1 0.167047 0.548073 0.044365 0.047699
1 0.012571 0.551581 0.025141 0.042088
1 0.044285 0.652591 0.048011 0.057520
0 0.020279 0.591213 0.015801 0.021745
0 0.184975 0.483539 0.017017 0.019641
0 0.213843 0.527030 0.016409 0.019641
0 0.268539 0.726945 0.011547 0.018238
1 0.210804 0.702394 0.051657 0.081369
1 0.248180 0.664516 0.051050 0.056117
1 0.245749 0.708006 0.031602 0.042088
0 0.106780 0.848415 0.012155 0.017536
2 0.419155 0.794402 0.048619 0.056818
1 0.900411 0.321808 0.052172 0.062160
1 0.854130 0.292670 0.047123 0.062160
1 0.923131 0.016511 0.053855 0.033022
1 0.908405 0.032537 0.051330 0.061189
1 0.870118 0.022339 0.063952 0.044678
1 0.886106 0.113151 0.052172 0.051476
1 0.838142 0.086441 0.048806 0.046620
1 0.836459 0.118978 0.058903 0.065074
1 0.805324 0.145688 0.067318 0.054390
1 0.822154 0.171911 0.048806 0.044678
1 0.849502 0.164141 0.053013 0.060218
1 0.865911 0.221445 0.053855 0.038850
1 0.870539 0.246698 0.051330 0.042735
1 0.720615 0.027681 0.060586 0.049534
1 0.703365 0.010684 0.044598 0.021368
1 0.680645 0.020882 0.047964 0.041764
1 0.715567 0.085470 0.038708 0.038850
1 0.713884 0.094211 0.045440 0.056333
1 0.716829 0.167541 0.058062 0.070901
1 0.750067 0.080614 0.053855 0.079643
1 0.612626 0.167379 0.055538 0.044678
1 0.626089 0.213513 0.050489 0.030109
1 0.617254 0.217398 0.058062 0.065074
1 0.556948 0.180491 0.037866 0.041764
1 0.503514 0.267418 0.063952 0.044678
1 0.538856 0.031566 0.063952 0.047591
1 0.501831 0.066531 0.060586 0.039821
1 0.517061 0.118493 0.049367 0.050505
1 0.492097 0.119140 0.049928 0.049210
1 0.415523 0.063455 0.043757 0.046620
1 0.361388 0.068635 0.056659 0.054390
1 0.427304 0.011008 0.043757 0.022015
1 0.291078 0.009713 0.056659 0.019425
1 0.238532 0.025900 0.054416 0.051800
1 0.180751 0.013274 0.049928 0.026548
1 0.192812 0.035613 0.054977 0.071225
1 0.298838 0.149465 0.043757 0.057628
1 0.296875 0.198351 0.026366 0.050505
1 0.284533 0.211949 0.035342 0.031080
1 0.252276 0.228460 0.051611 0.051153
1 0.209361 0.260187 0.043196 0.077053
1 0.278923 0.282850 0.048806 0.045973
1 0.340164 0.207092 0.042635 0.051153
1 0.332030 0.248532 0.037586 0.066693
1 0.357555 0.267634 0.039269 0.071225