1 0.127881 0.166602 0.099494 0.176672
1 0.056773 0.276310 0.113546 0.168124
1 0.208825 0.236416 0.082631 0.179522
1 0.407813 0.070478 0.099494 0.140956
1 0.490444 0.093939 0.075885 0.168124
1 0.574761 0.101062 0.116358 0.199469
1 0.756043 0.152354 0.074199 0.159575
1 0.832771 0.053381 0.065767 0.106762
1 0.831085 0.073328 0.075885 0.146655
1 0.948286 0.071903 0.087690 0.143806
1 0.116076 0.549867 0.119730 0.133929
1 0.153176 0.490027 0.139966 0.094035
1 0.192805 0.408814 0.141653 0.113982
1 0.131253 0.571239 0.139966 0.176672
1 0.189432 0.666699 0.087690 0.071239
1 0.194491 0.723690 0.107926 0.156725
1 0.297358 0.663849 0.114671 0.190920
1 0.426363 0.649602 0.099494 0.185221
1 0.379146 0.802053 0.112985 0.148177
1 0.288083 0.926672 0.126476 0.146655
1 0.487071 0.843371 0.150084 0.196619
1 0.821810 0.320478 0.138280 0.108283
1 0.688589 0.485752 0.114671 0.159575
1 0.503092 0.373195 0.080944 0.162425
1 0.352164 0.373195 0.055649 0.185221
1 0.430579 0.400266 0.057336 0.136779
1 0.447442 0.474354 0.124789 0.119681
1 0.606802 0.588336 0.079258 0.165274
1 0.810006 0.487177 0.118044 0.133929
1 0.841203 0.609708 0.096121 0.156725
1 0.716414 0.668124 0.072513 0.193770
1 0.600899 0.719416 0.138280 0.119681
1 0.628724 0.893238 0.089376 0.182371
1 0.815065 0.914610 0.091062 0.168124
1 0.919618 0.912425 0.074199 0.175150