2 0.165303 0.385101 0.204862 0.189394
2 0.499551 0.179293 0.172515 0.126263
2 0.052090 0.650253 0.080866 0.143939
2 0.058391 0.753788 0.116782 0.078283
2 0.483377 0.494949 0.107822 0.151515
1 0.154520 0.789141 0.161733 0.214646
1 0.542679 0.763889 0.183297 0.184343
1 0.413293 0.694444 0.080866 0.095960
1 0.402511 0.854798 0.107822 0.093434
1 0.684196 0.724747 0.137473 0.207071
1 0.851320 0.632576 0.083562 0.133838
1 0.898492 0.715909 0.161733 0.214646
1 0.929491 0.925505 0.105126 0.103535
1 0.425423 0.289141 0.153646 0.143939
1 0.658588 0.310606 0.204862 0.207071
1 0.690935 0.037879 0.134777 0.075758
1 0.941159 0.099747 0.117681 0.143939
1 0.941159 0.372475 0.117681 0.234848