1 0.029485 0.062500 0.056608 0.071078
1 0.735258 0.074755 0.091303 0.129902
1 0.304307 0.197304 0.069390 0.075980
1 0.249525 0.194853 0.076695 0.120098
1 0.153657 0.313725 0.071216 0.147059
1 0.196569 0.319853 0.054782 0.046569
1 0.468653 0.324755 0.032869 0.051471
1 0.252264 0.504902 0.041999 0.039216
1 0.043180 0.458333 0.083999 0.093137
1 0.077875 0.529412 0.102259 0.053922
1 0.108918 0.463235 0.094955 0.058824
1 0.355437 0.860294 0.076695 0.093137
1 0.345393 0.770833 0.034695 0.046569
1 0.150005 0.774510 0.052956 0.053922
1 0.230352 0.832108 0.049304 0.041667
1 0.208439 0.970588 0.034695 0.039216
1 0.308872 0.965686 0.031043 0.049020
1 0.335350 0.969363 0.065738 0.061274
1 0.558130 0.654412 0.094955 0.112745
1 0.417523 0.653186 0.058434 0.080882
1 0.486913 0.594363 0.021913 0.080882
1 0.710606 0.568627 0.031043 0.058824
1 0.784561 0.898284 0.076695 0.134804
1 0.737997 0.734069 0.096781 0.100490
1 0.883169 0.512255 0.036521 0.063725
1 0.921516 0.256127 0.032869 0.071078
1 0.577303 0.312500 0.031043 0.080882
1 0.832039 0.308824 0.065738 0.088235
2 0.733431 0.313725 0.065738 0.102941
2 0.694171 0.654412 0.045652 0.044118
2 0.714258 0.840686 0.031043 0.083333
2 0.889560 0.942402 0.060260 0.115196