1 0.089744 0.280206 0.027912 0.095423
1 0.019965 0.366351 0.027912 0.060964
1 0.042062 0.390870 0.022097 0.083495
2 0.065321 0.376954 0.030238 0.079519
2 0.227171 0.695029 0.017445 0.066266
2 0.214669 0.641354 0.027330 0.094097
2 0.310527 0.646662 0.028672 0.054352
2 0.315559 0.268278 0.026749 0.055663
2 0.848501 0.426874 0.034308 0.074218
2 0.774651 0.179482 0.029656 0.053013
2 0.773488 0.246190 0.023841 0.047711
1 0.735981 0.319082 0.034890 0.084820
2 0.392704 0.025304 0.017445 0.045061
1 0.392123 0.029218 0.047683 0.058436
1 0.482481 0.052979 0.032430 0.057158
1 0.475346 0.019099 0.032862 0.038197
1 0.472968 0.088457 0.025511 0.051245
1 0.491849 0.205238 0.024647 0.050260
1 0.528387 0.149557 0.021620 0.090665
1 0.460068 0.183557 0.022485 0.040405
1 0.523847 0.257468 0.026376 0.062086
1 0.354276 0.160398 0.031997 0.070955
1 0.396867 0.183064 0.026376 0.061100
1 0.415676 0.167789 0.026808 0.056173
1 0.441619 0.205238 0.024214 0.119244
2 0.429296 0.213614 0.043672 0.057158
1 0.275436 0.169267 0.038916 0.047303
1 0.199641 0.308828 0.030463 0.084307
1 0.178698 0.293330 0.029919 0.070669
2 0.159114 0.331764 0.029919 0.070669
1 0.228744 0.329284 0.019039 0.048353
1 0.236450 0.414211 0.011968 0.064470
1 0.216867 0.396854 0.023935 0.044633
2 0.161653 0.398714 0.028831 0.060751
1 0.185044 0.421030 0.027743 0.055791
1 0.157573 0.456365 0.028287 0.086787
1 0.104263 0.513396 0.036991 0.052072
1 0.099639 0.549970 0.024479 0.050832
1 0.113783 0.640477 0.022303 0.065710
1 0.125206 0.597083 0.019039 0.053312
1 0.182324 0.591504 0.023391 0.027276
1 0.152133 0.543771 0.016319 0.065710
1 0.189940 0.487980 0.021215 0.055791
2 0.196740 0.466903 0.018495 0.028516
2 0.182324 0.368338 0.021215 0.027276
2 0.162469 0.594604 0.018495 0.048353
1 0.191572 0.543152 0.025567 0.061990
1 0.168725 0.545011 0.032095 0.048353
1 0.251138 0.524554 0.033727 0.047113
1 0.254402 0.470623 0.014144 0.088026
2 0.264465 0.453885 0.017951 0.054552
1 0.226115 0.584065 0.027199 0.049592
1 0.249506 0.601423 0.039167 0.047113
1 0.268183 0.797726 0.017407 0.104144
1 0.342708 0.764251 0.026111 0.074389
2 0.320405 0.203650 0.017407 0.053312
1 0.301093 0.510090 0.032095 0.052072
1 0.327748 0.317920 0.020127 0.064470
1 0.345745 0.233780 0.022394 0.040008
1 0.390034 0.275146 0.022847 0.048353
1 0.343796 0.294983 0.009792 0.043393
1 0.364195 0.330938 0.017951 0.043393
1 0.277430 0.241051 0.018495 0.029755
1 0.277974 0.281965 0.019583 0.037194
1 0.292390 0.206957 0.021215 0.040914
1 0.349508 0.382390 0.023391 0.022317
1 0.407170 0.492733 0.020127 0.054552
1 0.366915 0.529927 0.032095 0.064470
1 0.363379 0.619813 0.019583 0.073149
1 0.326389 0.548524 0.033727 0.061990
1 0.375075 0.918607 0.028831 0.073149
1 0.225480 0.974491 0.032095 0.051018
1 0.039892 0.862816 0.021759 0.060751
1 0.702098 0.191666 0.021759 0.053312
1 0.679523 0.014935 0.029919 0.029870
1 0.612885 0.129055 0.032639 0.047113
1 0.630292 0.161910 0.022847 0.038434
1 0.659395 0.194765 0.022303 0.047113
1 0.727393 0.184847 0.024479 0.071909
1 0.714882 0.260475 0.025567 0.089266
1 0.594118 0.359247 0.019039 0.061990
1 0.627845 0.436115 0.021215 0.096705
1 0.729025 0.448513 0.027743 0.071909
1 0.701554 0.469590 0.028287 0.079348
1 0.727937 0.424336 0.040799 0.075628
1 0.831203 0.491286 0.034815 0.073149
1 0.846434 0.359247 0.035903 0.074389
1 0.873905 0.318953 0.035359 0.060751
1 0.870913 0.425576 0.020671 0.147537
1 0.972094 0.533233 0.029375 0.069429
1 0.960126 0.574147 0.022847 0.101664
1 0.714700 0.891331 0.027743 0.068190
1 0.716604 0.891331 0.042431 0.120261
1 0.535005 0.837813 0.033183 0.074389
1 0.525486 0.889885 0.021759 0.071909
1 0.502910 0.879346 0.024479 0.088026
1 0.506718 0.976671 0.035359 0.042154
1 0.541533 0.967373 0.028831 0.055791
1 0.577164 0.960554 0.018495 0.042154
1 0.626666 0.979657 0.022847 0.040686
1 0.602187 0.970359 0.043518 0.059282
1 0.552685 0.688829 0.029375 0.070669
1 0.665198 0.641096 0.026655 0.071909
1 0.570817 0.585098 0.029375 0.080588
1 0.536274 0.572700 0.031007 0.060751
1 0.482692 0.587578 0.038079 0.080588
1 0.506899 0.624152 0.024479 0.052072
1 0.490036 0.740075 0.031007 0.053312
1 0.454043 0.532407 0.015231 0.076868
1 0.446971 0.440041 0.043518 0.055791
1 0.465466 0.417104 0.029375 0.042154
1 0.504089 0.456778 0.020671 0.039674
1 0.520227 0.306761 0.032639 0.052072
1 0.575441 0.431362 0.033183 0.065710
1 0.554498 0.502031 0.030463 0.055791
1 0.528931 0.383629 0.018495 0.064470
1 0.541442 0.428882 0.019583 0.065710
1 0.482420 0.375571 0.029919 0.055791
1 0.498740 0.335897 0.029919 0.085547
1 0.514515 0.344575 0.029919 0.068190
1 0.503364 0.427643 0.043518 0.055791
1 0.574081 0.494592 0.030463 0.068190
1 0.468730 0.677671 0.018495 0.073149
1 0.501097 0.678291 0.032095 0.069429
1 0.511433 0.722924 0.022303 0.086787
1 0.423308 0.708666 0.028831 0.050832
1 0.405900 0.743381 0.033183 0.045873
1 0.384685 0.750200 0.026655 0.106624
1 0.405084 0.685110 0.045694 0.055791
1 0.444819 0.359478 0.024733 0.065338
1 0.423740 0.399193 0.041034 0.062776
1 0.409500 0.793783 0.017426 0.057651
1 0.417650 0.782893 0.035975 0.053808
1 0.437886 0.750865 0.016863 0.025623
1 0.446318 0.719477 0.024733 0.052527
1 0.304384 0.341542 0.027544 0.060213
1 0.421023 0.291577 0.016863 0.060213
1 0.440697 0.287093 0.016863 0.051245
1 0.344295 0.418410 0.041034 0.055089
1 0.332209 0.470296 0.023609 0.069181
1 0.370995 0.278766 0.008994 0.044840
1 0.798712 0.665522 0.020440 0.060563
1 0.841382 0.752096 0.021974 0.076868
1 0.808932 0.817900 0.019418 0.050081
1 0.699576 0.372802 0.020440 0.039599
1 0.601973 0.089011 0.015330 0.044257
1 0.354983 0.692892 0.014308 0.047751
2 0.373589 0.227740 0.013837 0.041391