2 0.265184 0.049242 0.137789 0.083333
2 0.351303 0.065657 0.130900 0.101010
2 0.225570 0.130051 0.175681 0.103535
2 0.325467 0.127525 0.086118 0.068182
2 0.566598 0.136364 0.127455 0.080808
2 0.411585 0.143939 0.106787 0.085859
2 0.146341 0.285354 0.230797 0.085859
2 0.294465 0.277778 0.141234 0.055556
2 0.227292 0.351010 0.144678 0.070707
2 0.349580 0.323232 0.113676 0.080808
1 0.354747 0.219697 0.137789 0.075758
2 0.473590 0.174242 0.093008 0.075758
2 0.561884 0.243056 0.099036 0.037879
2 0.447777 0.253314 0.055977 0.096275
1 0.649078 0.239899 0.079659 0.138889
2 0.523131 0.299085 0.111954 0.045770
2 0.623243 0.345644 0.092577 0.066288
2 0.488683 0.388258 0.103342 0.031566
2 0.429477 0.364583 0.139942 0.075758
2 0.397183 0.491635 0.105495 0.086806
2 0.583413 0.508207 0.124871 0.119949
2 0.488683 0.576862 0.068895 0.036301
2 0.561884 0.623422 0.155013 0.047348
1 0.379959 0.603693 0.174389 0.102588
1 0.482225 0.506629 0.116260 0.085227
1 0.552196 0.400095 0.109801 0.130997