2 0.552552 0.210268 0.041730 0.061920
2 0.483242 0.076969 0.031657 0.039990
2 0.637210 0.140501 0.033575 0.034185
2 0.388751 0.154691 0.026860 0.036765
2 0.335990 0.106317 0.031657 0.032895
2 0.346062 0.244023 0.024942 0.050310
2 0.186819 0.275628 0.035494 0.046440
2 0.122950 0.858133 0.032786 0.037128
1 0.673503 0.663915 0.042209 0.061920
1 0.679979 0.550718 0.031177 0.043215
1 0.718830 0.615218 0.028299 0.040635
1 0.640168 0.528788 0.023503 0.074174
1 0.679739 0.582000 0.039331 0.046440
1 0.593562 0.654455 0.034535 0.030960
1 0.566701 0.669290 0.020145 0.037410
1 0.575815 0.702184 0.029738 0.023220
1 0.544398 0.713149 0.035974 0.032250
1 0.537922 0.626720 0.028779 0.037410
1 0.462138 0.731854 0.023023 0.054180
1 0.470052 0.786034 0.037892 0.038700
1 0.424005 0.661550 0.033096 0.076109
1 0.414412 0.844836 0.036933 0.043215
1 0.460699 0.825163 0.035494 0.038700
1 0.428322 0.819358 0.029259 0.052890
1 0.331673 0.800331 0.038372 0.047085
1 0.232146 0.838386 0.032137 0.063854
1 0.319921 0.912560 0.029259 0.053535
1 0.376760 0.985789 0.026860 0.028422
1 0.418729 0.952872 0.016788 0.028380
1 0.203367 0.932555 0.038852 0.045795
1 0.262843 0.937715 0.019666 0.022575
1 0.204166 0.737122 0.019666 0.054825
1 0.157160 0.689392 0.033096 0.057405
1 0.184260 0.665742 0.014389 0.062564
1 0.206804 0.610273 0.022064 0.026445
1 0.227189 0.577700 0.029259 0.045150
1 0.242058 0.507073 0.022544 0.052245
1 0.255968 0.528036 0.027340 0.055470
1 0.298177 0.475146 0.042689 0.030960
1 0.339667 0.497721 0.019186 0.042570
1 0.221194 0.405164 0.030698 0.043215
1 0.158839 0.424514 0.033575 0.052245
1 0.251651 0.310135 0.023503 0.047085
1 0.240859 0.246603 0.028779 0.033540
1 0.315205 0.251763 0.014389 0.037410
1 0.314006 0.298203 0.012951 0.050310
1 0.168432 0.224351 0.027820 0.049665
1 0.199609 0.239186 0.024942 0.025155
1 0.201048 0.211128 0.018227 0.018060
1 0.187378 0.185974 0.018706 0.039990
1 0.158839 0.179524 0.037413 0.042570
1 0.126383 0.146629 0.031657 0.036120
1 0.141252 0.258535 0.037413 0.032895
1 0.063549 0.223706 0.029738 0.030315
1 0.058512 0.295300 0.030218 0.026445
1 0.110794 0.350447 0.050363 0.036120
1 0.094966 0.139534 0.026381 0.019350
1 0.088251 0.160819 0.030218 0.018060
1 0.069304 0.195648 0.016308 0.030960
1 0.250132 0.202743 0.028779 0.046440
1 0.315125 0.205001 0.027340 0.025155
1 0.308410 0.103414 0.015828 0.024510
1 0.357334 0.137276 0.017747 0.044505
1 0.413933 0.196938 0.026381 0.036120
1 0.382516 0.247571 0.015349 0.036765
1 0.359253 0.275950 0.011991 0.050955
1 0.454303 0.397102 0.039331 0.045150
1 0.510822 0.319380 0.035974 0.059985
1 0.535044 0.305190 0.034535 0.062564
1 0.451106 0.216503 0.022064 0.055470
1 0.589724 0.260040 0.049884 0.040635
1 0.642006 0.282293 0.031657 0.063209
1 0.662631 0.344212 0.047965 0.034830
1 0.620422 0.413549 0.028779 0.075464
1 0.524012 0.419032 0.031657 0.052890
1 0.556149 0.462569 0.019186 0.030315
1 0.655916 0.489659 0.023023 0.047085
1 0.567661 0.415807 0.044128 0.037410
1 0.572457 0.806029 0.036453 0.034830
1 0.614666 0.820863 0.022064 0.043860
1 0.644884 0.805061 0.023023 0.044505
1 0.647043 0.846018 0.021584 0.050310
1 0.677500 0.819251 0.021105 0.047085
1 0.638169 0.982564 0.036453 0.034872
1 0.979999 0.794526 0.027820 0.048375
1 0.976570 0.376569 0.046860 0.089654
1 0.785981 0.362702 0.057078 0.063209
1 0.845288 0.210820 0.024566 0.056479
1 0.899968 0.193237 0.015057 0.042626
1 0.877779 0.210287 0.024566 0.038363
1 0.871439 0.143151 0.010302 0.042626
1 0.670549 0.211353 0.038038 0.057545
1 0.674908 0.160735 0.026151 0.045823
1 0.741475 0.126634 0.043586 0.045823
1 0.709380 0.242789 0.036453 0.026641
1 0.564534 0.110621 0.015310 0.040196
1 0.601352 0.098856 0.018956 0.028431
1 0.524071 0.495752 0.021872 0.031373
1 0.801070 0.082901 0.034309 0.053345
1 0.906677 0.052846 0.022515 0.045138
1 0.775874 0.155709 0.022515 0.017301
1 0.648823 0.074971 0.036453 0.023068
1 0.210311 0.033160 0.064329 0.060554
1 0.329320 0.067762 0.036453 0.054787
1 0.345403 0.019464 0.032165 0.038927
1 0.037609 0.007209 0.075218 0.014418
1 0.124538 0.098760 0.038598 0.047578
1 0.167188 0.131819 0.026639 0.025452
1 0.027508 0.429162 0.035381 0.054787
1 0.067177 0.423395 0.037526 0.034602
1 0.056456 0.463764 0.020371 0.051903
1 0.020539 0.476019 0.027876 0.041811
1 0.100414 0.635333 0.028948 0.046136
1 0.048951 0.578383 0.022515 0.041811
1 0.017322 0.773501 0.032165 0.038927
1 0.087012 0.730969 0.040742 0.031719
1 0.122394 0.758362 0.030020 0.037486
1 0.045734 0.838379 0.031093 0.027393
1 0.078435 0.852076 0.032165 0.025952
1 0.080579 0.947232 0.032165 0.028835
1 0.066641 0.986880 0.040742 0.024510
1 0.026435 0.987313 0.031093 0.025374
1 0.023219 0.621396 0.020371 0.034602
1 0.486213 0.974145 0.025732 0.028835
1 0.857363 0.747647 0.020382 0.045852
0 0.114889 0.423155 0.015010 0.010092
0 0.205101 0.452710 0.008275 0.017301
0 0.169032 0.503893 0.011794 0.012976
0 0.141156 0.525519 0.013938 0.015859
0 0.112868 0.499441 0.006715 0.011610
0 0.134452 0.471061 0.005756 0.009030
0 0.130135 0.454936 0.004796 0.010320
0 0.144045 0.462031 0.005756 0.011610
0 0.106632 0.443971 0.005756 0.009030
0 0.115266 0.474286 0.005756 0.002580
0 0.185615 0.451496 0.007674 0.025800
0 0.190891 0.386997 0.004796 0.015480
0 0.209597 0.352812 0.003837 0.009030
0 0.226385 0.368937 0.006715 0.010320
0 0.236457 0.381192 0.001919 0.003870
0 0.243652 0.365712 0.008634 0.009030
0 0.265236 0.361842 0.011512 0.014190
0 0.278187 0.388287 0.006715 0.007740
0 0.288739 0.374097 0.006715 0.015480
0 0.298812 0.376032 0.007674 0.006450
0 0.297853 0.362487 0.007674 0.015480
0 0.349655 0.370872 0.013430 0.014190
0 0.346777 0.388932 0.011512 0.009030
0 0.256123 0.472136 0.014389 0.015480
0 0.296469 0.610294 0.009113 0.019608
0 0.301937 0.552696 0.012759 0.017157
0 0.363907 0.558824 0.012759 0.014706
0 0.410385 0.541667 0.010936 0.024510
0 0.445927 0.547794 0.012759 0.017157
0 0.254547 0.681373 0.012759 0.019608
0 0.281887 0.688725 0.020049 0.029412
0 0.283710 0.743873 0.016404 0.022059
1 0.218346 0.637957 0.026835 0.045521
0 0.368464 0.424020 0.014581 0.014706
0 0.410385 0.349265 0.007291 0.017157
0 0.409474 0.422794 0.009113 0.017157
0 0.391247 0.453431 0.012759 0.014706
0 0.430435 0.500000 0.014581 0.014706
0 0.423144 0.454657 0.010936 0.012255
0 0.468711 0.328431 0.018227 0.034314
0 0.400361 0.274510 0.012759 0.024510
0 0.608644 0.208333 0.011599 0.015597
0 0.563906 0.147059 0.011599 0.017825
0 0.434662 0.159314 0.014913 0.015597
0 0.701158 0.323826 0.009942 0.031194
0 0.492380 0.624629 0.026512 0.031194
0 0.802518 0.824049 0.015741 0.033422
0 0.767307 0.819036 0.013256 0.021168
0 0.767722 0.883653 0.017398 0.014483
0 0.743696 0.794340 0.007456 0.013369
0 0.742453 0.821635 0.011599 0.012255
0 0.704343 0.824421 0.008285 0.013369
0 0.708485 0.939171 0.011599 0.020053
0 0.733340 0.938614 0.014913 0.016711
0 0.751980 0.993538 0.012427 0.012923
0 0.776421 0.965909 0.008285 0.015597
0 0.792991 0.925802 0.011599 0.013369
0 0.827373 0.943070 0.014084 0.023396
0 0.848499 0.943627 0.004971 0.013369
0 0.892823 0.947527 0.010770 0.010027
0 0.902351 0.989305 0.009942 0.017825
0 0.868383 0.968137 0.018227 0.020053
0 0.867969 0.987077 0.010770 0.013369
0 0.900279 0.826649 0.009113 0.013369
0 0.882881 0.843360 0.010770 0.011141
0 0.933419 0.893494 0.010770 0.013369
0 0.946675 0.865085 0.009113 0.012255
0 0.879153 0.785056 0.008285 0.008913
0 0.887438 0.775587 0.013256 0.010027
0 0.797547 0.771130 0.009113 0.012255
0 0.841871 0.898507 0.008285 0.007799
0 0.765512 0.848373 0.005799 0.010027
0 0.775040 0.853944 0.009942 0.012255
0 0.784153 0.861742 0.011599 0.014483
0 0.731130 0.873440 0.009942 0.011141
0 0.730440 0.823864 0.009113 0.010027
0 0.702271 0.841689 0.009113 0.012255
0 0.688187 0.885138 0.009113 0.012255
0 0.700614 0.871769 0.005799 0.010027
0 0.688187 0.867313 0.007456 0.012255
0 0.650905 0.948084 0.010770 0.011141
0 0.750738 0.956068 0.008285 0.005570
0 0.749495 0.939914 0.010770 0.006684
0 0.719328 0.398284 0.012759 0.017157
0 0.481912 0.496585 0.007478 0.011941
0 0.487287 0.500670 0.007010 0.015083
0 0.496634 0.500670 0.008880 0.020111
0 0.492194 0.412686 0.009347 0.017597
0 0.410875 0.407659 0.014021 0.010055
0 0.381198 0.414572 0.014488 0.020111
0 0.276433 0.371208 0.008412 0.011312
0 0.326829 0.322293 0.008880 0.013198
0 0.298087 0.257458 0.006543 0.010055
0 0.292245 0.215561 0.006076 0.011312
0 0.235696 0.146430 0.007945 0.012569
0 0.252521 0.144231 0.004206 0.005656
0 0.255558 0.168112 0.009347 0.004399
0 0.236631 0.122863 0.004206 0.006913
0 0.242239 0.137004 0.007945 0.008798
0 0.237799 0.164656 0.007478 0.010055
0 0.226816 0.154915 0.004206 0.006913
0 0.263270 0.236404 0.007945 0.008170
0 0.258830 0.248659 0.004674 0.005028
0 0.480198 0.672344 0.007478 0.015711
0 0.503566 0.669201 0.012151 0.013198
0 0.458233 0.642492 0.008412 0.012569
0 0.464075 0.685856 0.009814 0.015083
0 0.522260 0.755090 0.013086 0.024510
0 0.532308 0.800025 0.007010 0.016340
0 0.556377 0.772687 0.005608 0.011941
0 0.424817 0.736551 0.010749 0.016340
0 0.504267 0.862557 0.012618 0.015711
0 0.548899 0.838675 0.013086 0.018225
0 0.477394 0.894608 0.006543 0.015711
0 0.525765 0.944256 0.011684 0.014454
0 0.435099 0.936086 0.013553 0.015711
0 0.408927 0.920689 0.008880 0.013826
0 0.458700 0.949284 0.007478 0.010684
1 0.856805 0.366495 0.016357 0.033308
0 0.071500 0.334967 0.007010 0.012569
0 0.120104 0.235985 0.009814 0.014454
0 0.097360 0.576609 0.012618 0.011941
0 0.120961 0.553042 0.012151 0.016340
0 0.112082 0.600490 0.010282 0.013198
0 0.072357 0.623115 0.007478 0.009427
0 0.071188 0.639454 0.009814 0.015711
0 0.068384 0.586978 0.010749 0.012569
0 0.050391 0.608032 0.012151 0.013198
0 0.076797 0.780229 0.010749 0.019482
0 0.045718 0.770488 0.006543 0.007541
0 0.055999 0.788399 0.005608 0.005656
0 0.144329 0.743778 0.008412 0.011941
0 0.163490 0.751948 0.013086 0.011941
0 0.187091 0.777086 0.006076 0.011941
0 0.177744 0.786828 0.008880 0.008798
0 0.190129 0.801911 0.008412 0.011312
0 0.142226 0.793741 0.008880 0.011312
1 0.176342 0.827677 0.021031 0.040221
0 0.252521 0.757919 0.006076 0.008798
0 0.257895 0.729952 0.004674 0.011941
0 0.223545 0.721782 0.012618 0.014454
0 0.236163 0.712041 0.007010 0.011312
0 0.257895 0.702614 0.010282 0.012569
0 0.263737 0.782743 0.007945 0.009427
0 0.302917 0.860252 0.011216 0.015711
0 0.330023 0.859624 0.006543 0.010684
0 0.343109 0.874078 0.016825 0.010684
0 0.295205 0.930116 0.006076 0.010055
0 0.291466 0.958082 0.008880 0.011941
0 0.301748 0.947398 0.007945 0.011941
0 0.306655 0.960596 0.011216 0.008170
0 0.360089 0.911576 0.008412 0.013198
0 0.367333 0.903720 0.006076 0.012569
0 0.375979 0.900578 0.005608 0.011312
0 0.338357 0.853758 0.005141 0.009427
0 0.386261 0.884553 0.007478 0.009427
0 0.375044 0.877640 0.008412 0.011941
0 0.378316 0.937029 0.003739 0.006285
0 0.364295 0.929487 0.006543 0.008798
0 0.369436 0.917861 0.008412 0.008170
0 0.358220 0.735818 0.007478 0.015711
0 0.369904 0.736446 0.008412 0.013198
0 0.389532 0.750901 0.013086 0.016968
0 0.345601 0.709423 0.007478 0.011941
0 0.326907 0.715707 0.012151 0.016968
0 0.310083 0.629923 0.008412 0.012569
0 0.321766 0.618296 0.007478 0.009427
0 0.322000 0.681142 0.007945 0.009427
0 0.379718 0.652233 0.007478 0.010684
0 0.397711 0.618296 0.011684 0.006913
0 0.397244 0.699367 0.007945 0.008170
0 0.243018 0.611069 0.012618 0.005028
0 0.219650 0.692454 0.008880 0.009427
0 0.444212 0.966566 0.007478 0.012569
0 0.439539 0.993024 0.011216 0.013952
0 0.214821 0.974422 0.008880 0.013198
0 0.225570 0.974736 0.009814 0.012569
0 0.236786 0.971594 0.006076 0.013826
0 0.208512 0.992647 0.018694 0.014454
0 0.135839 0.923203 0.009814 0.012569
0 0.154766 0.921946 0.012151 0.016340
0 0.115976 0.904035 0.014955 0.008170
0 0.131632 0.887381 0.007010 0.010055
0 0.117846 0.888952 0.006543 0.008170
0 0.105616 0.947398 0.011684 0.011941
0 0.021571 0.892094 0.011216 0.008170
0 0.026245 0.902778 0.009347 0.008170
0 0.005645 0.914404 0.011289 0.018854
0 0.056389 0.897122 0.008880 0.013198
0 0.055220 0.936400 0.007478 0.011312
0 0.043770 0.963738 0.012618 0.014454
0 0.113639 0.983849 0.007478 0.008170
0 0.173928 0.615049 0.011216 0.011312
0 0.080224 0.476580 0.009814 0.015083
0 0.113172 0.458040 0.008412 0.009427
0 0.204539 0.367019 0.013553 0.011312
0 0.124856 0.040535 0.006543 0.018225
0 0.272149 0.044306 0.007945 0.011941
0 0.268878 0.056247 0.014488 0.008170
0 0.274486 0.081385 0.007010 0.011941
0 0.400982 0.022624 0.017292 0.021368
0 0.423182 0.099925 0.014955 0.013826
0 0.476070 0.009427 0.007945 0.010055
0 0.489156 0.008484 0.008880 0.008170
0 0.491025 0.024196 0.008880 0.008170
0 0.589169 0.031737 0.007945 0.020739
0 0.689416 0.049334 0.009347 0.009427
0 0.690818 0.072272 0.009347 0.010055
0 0.537293 0.121292 0.007945 0.012569
0 0.642914 0.110608 0.012618 0.011312
0 0.637073 0.035194 0.012151 0.011312
0 0.647822 0.048705 0.011216 0.011941
0 0.741448 0.022939 0.005608 0.011941
0 0.767152 0.064417 0.014021 0.011941
0 0.726492 0.060960 0.006543 0.010055
0 0.733503 0.061589 0.008412 0.015083
0 0.755935 0.043678 0.005608 0.005656
0 0.755702 0.035822 0.008880 0.008798
0 0.780471 0.032366 0.006076 0.009427
0 0.749159 0.051533 0.010749 0.010055
0 0.753365 0.010055 0.009814 0.011312
0 0.699386 0.027966 0.010282 0.013198
0 0.767386 0.121921 0.007945 0.011312
0 0.640110 0.193146 0.009814 0.008798
0 0.590805 0.150725 0.010282 0.015711
0 0.600619 0.151039 0.011216 0.017597
0 0.578960 0.326918 0.012330 0.009371
0 0.600671 0.329080 0.007505 0.010813
0 0.613001 0.307814 0.009649 0.014418
0 0.589145 0.439134 0.006969 0.012255
0 0.644094 0.413543 0.008577 0.014418
0 0.614609 0.526000 0.008577 0.010092
0 0.710835 0.500769 0.010186 0.012976
0 0.723165 0.546905 0.009113 0.014418
0 0.737907 0.678105 0.007505 0.008651
0 0.610589 0.704777 0.006969 0.010092
0 0.750003 0.632782 0.015479 0.009907
0 0.606836 0.742263 0.006969 0.012976
0 0.614073 0.765691 0.007505 0.009371
0 0.670093 0.770016 0.012330 0.010813
0 0.581372 0.750913 0.008577 0.010092
0 0.585393 0.782271 0.023051 0.007930
0 0.595042 0.771098 0.013402 0.008651
0 0.600135 0.754157 0.010722 0.009371
0 0.599331 0.969579 0.009113 0.010092
0 0.591022 0.984717 0.018227 0.015859
0 0.974408 0.992287 0.010186 0.013697
0 0.976820 0.951197 0.012866 0.013697
0 0.977624 0.931012 0.014474 0.010813
0 0.931789 0.287510 0.015010 0.013697
0 0.910614 0.298683 0.014474 0.011534
0 0.895604 0.332805 0.011258 0.010092
0 0.805275 0.458237 0.006433 0.010092
0 0.816532 0.464004 0.006433 0.010092
0 0.839048 0.472655 0.007505 0.010092
0 0.856202 0.479143 0.009649 0.014418
0 0.695825 0.384828 0.008041 0.010813
0 0.713784 0.363923 0.007505 0.009371
0 0.729062 0.361760 0.010186 0.012255
0 0.699042 0.399606 0.006969 0.011534
0 0.774718 0.273212 0.004289 0.004325
0 0.759976 0.322953 0.009113 0.010092
0 0.801254 0.303489 0.010186 0.008651
0 0.799110 0.316825 0.019835 0.006488
0 0.505517 0.245338 0.010186 0.011534
0 0.495332 0.199202 0.008041 0.008651
0 0.271876 0.118224 0.008577 0.020185
0 0.146433 0.639418 0.011794 0.014418
0 0.856470 0.423996 0.006969 0.009371
0 0.866388 0.419310 0.006433 0.011534
0 0.877109 0.440936 0.006433 0.010092
0 0.990758 0.471934 0.008577 0.018743
0 0.943583 0.114259 0.008577 0.018022
0 0.939294 0.067402 0.010722 0.013697
0 0.857810 0.005767 0.008577 0.011534
0 0.872553 0.005767 0.008041 0.011534
0 0.880326 0.043613 0.008577 0.013697
0 0.894532 0.125072 0.011258 0.013697
0 0.919996 0.152105 0.011794 0.017301
0 0.856738 0.091551 0.006433 0.008651
0 0.669557 0.940744 0.008041 0.010092
0 0.669825 0.978230 0.006433 0.012976
0 0.055300 0.864691 0.007505 0.013697
1 0.008661 0.657319 0.012866 0.025231
0 0.037771 0.163909 0.018227 0.018382
0 0.037771 0.068168 0.011392 0.013787
0 0.082339 0.108330 0.009395 0.016183
0 0.014987 0.056679 0.006835 0.006127
0 0.145992 0.013787 0.004557 0.015319
0 0.100006 0.100710 0.006309 0.012255
0 0.111923 0.193565 0.006309 0.007541
0 0.088439 0.193093 0.008412 0.008484
0 0.097903 0.202049 0.009113 0.016968
0 0.234603 0.108252 0.009113 0.017911
0 0.182727 0.072901 0.007711 0.022624
0 0.202239 0.127105 0.009814 0.014140
0 0.177352 0.105895 0.010515 0.015083
2 0.194177 0.154443 0.020330 0.012255
0 0.920324 0.083428 0.015423 0.021682
0 0.842159 0.493024 0.009113 0.013198
0 0.867396 0.535445 0.016124 0.018854
0 0.903499 0.564668 0.014021 0.016968
0 0.904551 0.440705 0.006309 0.016026
0 0.776613 0.544400 0.012618 0.023567
0 0.741562 0.613688 0.007010 0.009427
1 0.399289 0.061955 0.033416 0.025871
1 0.631679 0.020425 0.030378 0.024510
1 0.286385 0.010893 0.032403 0.021786
1 0.379881 0.856255 0.050630 0.053105
1 0.817659 0.220588 0.018227 0.049020