1 0.113959 0.054293 0.082264 0.073232
1 0.093393 0.111111 0.128538 0.090909
1 0.346612 0.234848 0.074552 0.085859
1 0.498286 0.176768 0.110542 0.101010
1 0.525279 0.256313 0.102830 0.083333
1 0.661529 0.328283 0.200519 0.191919
1 0.604972 0.494949 0.107972 0.111111
1 0.976012 0.381313 0.047976 0.085859
1 0.976012 0.280303 0.047976 0.070707
1 0.434017 0.391414 0.100259 0.085859
1 0.356895 0.373737 0.120825 0.101010
2 0.216789 0.369949 0.071981 0.083333
2 0.281058 0.402778 0.077123 0.088384
2 0.763074 0.830808 0.084835 0.101010
2 0.850479 0.848485 0.069410 0.095960
2 0.869760 0.963384 0.087406 0.073232
2 0.053546 0.938131 0.074552 0.093434
1 0.128098 0.943182 0.069410 0.083333
1 0.111388 0.672980 0.097689 0.250000
1 0.018418 0.667929 0.036836 0.123737