1 0.217116 0.021446 0.154412 0.042892
1 0.029636 0.047181 0.059272 0.057598
1 0.616013 0.101103 0.042892 0.025735
2 0.543096 0.107843 0.072059 0.056373
1 0.112459 0.498162 0.096078 0.028186
2 0.640891 0.061275 0.058333 0.039216
2 0.706087 0.341708 0.051471 0.035539
2 0.715523 0.388889 0.073775 0.046569
2 0.875082 0.348448 0.053186 0.056373
2 0.304616 0.559845 0.048039 0.035539
2 0.175082 0.666462 0.066912 0.047794
2 0.026205 0.823325 0.052410 0.074755
2 0.350940 0.659722 0.054902 0.051471
1 0.477042 0.695261 0.063480 0.039216
2 0.489052 0.741830 0.073775 0.044118
2 0.369812 0.773693 0.065196 0.049020
1 0.436724 0.781046 0.065196 0.046569
2 0.155351 0.855188 0.072059 0.057598
2 0.019628 0.964869 0.039256 0.049020
2 0.319771 0.876634 0.073775 0.056373
2 0.363521 0.961806 0.061765 0.028186
2 0.378105 0.902982 0.060049 0.040441
2 0.602002 0.921977 0.054902 0.036765
2 0.680923 0.979371 0.048039 0.041258
2 0.982864 0.983660 0.034272 0.032680
2 0.746119 0.718546 0.058333 0.051471
2 0.760703 0.581291 0.053186 0.056373
2 0.909967 0.678717 0.073775 0.057598
2 0.986295 0.643178 0.027410 0.050245
1 0.912908 0.545343 0.092647 0.071078