0 0.116216 0.331461 0.032432 0.067416
0 0.275676 0.308125 0.035135 0.067416
0 0.360135 0.289975 0.031081 0.067416
0 0.319595 0.048834 0.036486 0.072601
0 0.514189 0.035870 0.028378 0.067416
0 0.554054 0.076060 0.037838 0.070008
0 0.610811 0.239413 0.029730 0.064823
0 0.589189 0.330165 0.032432 0.059637
0 0.560811 0.391098 0.029730 0.067416
0 0.579730 0.409248 0.027027 0.051858
0 0.592568 0.453328 0.033784 0.067416
0 0.612162 0.422213 0.029730 0.057044
0 0.614189 0.479257 0.031081 0.046672
0 0.615541 0.520743 0.028378 0.046672
2 0.222472 0.763307 0.068569 0.182464
0 0.172422 0.730656 0.019520 0.024969
0 0.164665 0.792597 0.018018 0.035532
0 0.170420 0.702326 0.019520 0.041294
0 0.250501 0.717211 0.024525 0.051858
0 0.201952 0.475206 0.019520 0.063382
0 0.175175 0.521783 0.030030 0.050898
0 0.174925 0.594768 0.027528 0.060501
0 0.192943 0.581804 0.022523 0.044175
0 0.209960 0.608693 0.022523 0.048017
0 0.233984 0.600050 0.033534 0.049937
0 0.234735 0.538108 0.029029 0.054739
0 0.260260 0.561637 0.025025 0.049937
0 0.327077 0.575561 0.022523 0.048977
0 0.369369 0.553474 0.022022 0.041294
0 0.356607 0.586125 0.024525 0.041294
0 0.313814 0.713370 0.024024 0.040334
0 0.331081 0.676397 0.017518 0.037453
0 0.351852 0.744100 0.024024 0.036493
0 0.358358 0.777232 0.023023 0.043215
0 0.377127 0.744100 0.021522 0.044175
0 0.395145 0.708568 0.029530 0.042255
0 0.391391 0.643265 0.019019 0.046096
0 0.421171 0.610134 0.021522 0.050898
0 0.442442 0.612054 0.024024 0.047056
0 0.427928 0.549632 0.028028 0.058580
0 0.437437 0.697044 0.027027 0.053779
0 0.473473 0.712409 0.024024 0.051858
0 0.536286 0.642305 0.027528 0.061461
0 0.475225 0.555394 0.026527 0.054739
0 0.508759 0.778192 0.027528 0.052818
0 0.495746 0.831971 0.029530 0.048977
0 0.442442 0.915520 0.027027 0.045136
0 0.399399 0.959696 0.024024 0.029770
0 0.368869 0.983929 0.025025 0.032142
0 0.283534 0.859821 0.025526 0.048977
0 0.331331 0.878547 0.025025 0.042255
0 0.372873 0.839174 0.020020 0.042255
0 0.355105 0.812284 0.023524 0.034572
0 0.349099 0.908318 0.022523 0.040334
0 0.411161 0.822368 0.017518 0.039374
0 0.428679 0.825729 0.022523 0.044175
0 0.437437 0.855019 0.028028 0.047056
0 0.412913 0.899195 0.019019 0.033612
0 0.407157 0.883349 0.020521 0.032651
0 0.411411 0.857900 0.021021 0.037453
0 0.595238 0.868418 0.034749 0.055562
0 0.600386 0.920894 0.041184 0.066675
0 0.834942 0.939414 0.037967 0.056797
0 0.794080 0.734451 0.032175 0.054328
0 0.905727 0.669629 0.027671 0.062971
0 0.830759 0.498620 0.032175 0.059266
0 0.857143 0.533193 0.028314 0.056797
0 0.879344 0.501707 0.027671 0.053093
0 0.714607 0.326995 0.034106 0.056797
0 0.703346 0.284397 0.023166 0.050623
0 0.731660 0.214018 0.028314 0.070379
0 0.702381 0.217722 0.027671 0.048154
0 0.696268 0.168951 0.030888 0.059266
0 0.736808 0.088077 0.032175 0.058032
0 0.796654 0.146726 0.033462 0.069144
0 0.860360 0.168951 0.025740 0.044450
0 0.901223 0.166482 0.026384 0.046919
0 0.887709 0.202288 0.026384 0.049389
0 0.872265 0.225748 0.028958 0.054328
0 0.841377 0.267728 0.026384 0.049389
0 0.838160 0.192411 0.022523 0.039511
0 0.843951 0.223896 0.027671 0.045685
2 0.693919 0.055532 0.074324 0.111064
1 0.431494 0.835732 0.070946 0.136128
1 0.332958 0.782073 0.055556 0.103716
1 0.360360 0.662152 0.057808 0.105877
1 0.404279 0.613895 0.058559 0.121723
1 0.433371 0.725894 0.088213 0.177182
1 0.409535 0.909918 0.067568 0.107317
0 0.361674 0.878227 0.022147 0.045376
1 0.062838 0.243302 0.036486 0.067416
1 0.981757 0.677614 0.036486 0.101123
1 0.772297 0.033492 0.082432 0.066984