0 0.047656 0.069542 0.020313 0.031268
0 0.146875 0.042443 0.018750 0.027099
0 0.205469 0.055993 0.020313 0.029184
0 0.128906 0.092472 0.017188 0.027099
0 0.261905 0.078280 0.017857 0.025809
0 0.171503 0.095155 0.015625 0.019853
0 0.149554 0.133372 0.019345 0.024816
0 0.180060 0.149750 0.014881 0.017868
0 0.311012 0.061406 0.017857 0.019853
0 0.312500 0.084236 0.019345 0.023823
0 0.371280 0.059917 0.016369 0.022831
0 0.464286 0.096148 0.014881 0.019853
0 0.354539 0.206331 0.017113 0.021838
0 0.180060 0.207820 0.017857 0.024816
2 0.463170 0.229161 0.030506 0.057573
0 0.064360 0.265889 0.017113 0.021838
0 0.231771 0.259933 0.017113 0.023823
0 0.287946 0.270356 0.016369 0.020845
0 0.276786 0.275816 0.011905 0.019853
0 0.242187 0.363664 0.017113 0.022831
0 0.105655 0.341330 0.014881 0.017868
0 0.125000 0.400888 0.016369 0.019853
0 0.043527 0.496678 0.015625 0.020845
0 0.068080 0.320484 0.011161 0.017868
0 0.075149 0.310558 0.014881 0.021838
0 0.062500 0.493700 0.013393 0.020845
0 0.052827 0.551273 0.016369 0.018860
0 0.020833 0.644581 0.013393 0.020845
0 0.007440 0.656493 0.014880 0.024816
0 0.078497 0.603386 0.014137 0.017868
0 0.116815 0.496181 0.016369 0.021838
0 0.147321 0.519508 0.013393 0.020845
0 0.132440 0.453994 0.013393 0.020845
2 0.242560 0.987317 0.034226 0.025366
0 0.045387 0.961729 0.016369 0.025809
0 0.034598 0.894726 0.018601 0.020845
0 0.056176 0.760720 0.018601 0.022831
0 0.075149 0.763201 0.014881 0.019853
0 0.126860 0.785039 0.015625 0.023823
0 0.152158 0.794966 0.014137 0.019853
0 0.062872 0.981582 0.015625 0.015882
0 0.154018 0.977611 0.016369 0.021838
0 0.198289 0.945847 0.015625 0.021838
0 0.205357 0.970166 0.016369 0.020845
0 0.246280 0.964211 0.016369 0.018860
0 0.313988 0.942869 0.016369 0.021838
0 0.309896 0.823256 0.017113 0.022831
0 0.310268 0.869414 0.014881 0.019853
0 0.098586 0.594453 0.011161 0.015882
0 0.108259 0.588000 0.015625 0.020845
0 0.142857 0.590978 0.014881 0.020845
0 0.233259 0.647559 0.015625 0.022831
0 0.226190 0.688753 0.014881 0.019853
0 0.254092 0.690739 0.012649 0.015882
0 0.268229 0.714066 0.015625 0.016875
0 0.142485 0.430667 0.015625 0.017868
0 0.157366 0.412800 0.012649 0.017868
0 0.146577 0.414785 0.011905 0.019853
0 0.194196 0.409325 0.013393 0.016875
0 0.234375 0.402377 0.014881 0.018860
0 0.202753 0.402377 0.014137 0.016875
0 0.204241 0.433149 0.014137 0.012904
0 0.218750 0.459454 0.016369 0.015882
0 0.216890 0.516530 0.014137 0.020845
0 0.230283 0.518516 0.015625 0.022831
0 0.312128 0.366642 0.014137 0.018860
0 0.278646 0.526457 0.012649 0.020845
0 0.300967 0.527449 0.015625 0.020845
0 0.292411 0.468884 0.013393 0.018860
0 0.305432 0.454491 0.012649 0.019853
0 0.327381 0.451016 0.016369 0.020845
0 0.363467 0.481788 0.012649 0.022831
0 0.385789 0.373094 0.015625 0.023823
0 0.396205 0.301624 0.015625 0.019853
0 0.404762 0.341826 0.013393 0.016875
0 0.444940 0.374583 0.016369 0.020845
0 0.433408 0.388976 0.015625 0.019853
0 0.406250 0.546310 0.013393 0.018860
0 0.311384 0.662945 0.014137 0.017868
0 0.334821 0.647062 0.014881 0.017868
0 0.372768 0.611327 0.014881 0.021838
0 0.333705 0.697687 0.014137 0.019853
0 0.353051 0.718036 0.015625 0.022831
0 0.377604 0.699672 0.014137 0.019853
0 0.403274 0.655500 0.013393 0.018860
0 0.425967 0.680316 0.014137 0.020845
0 0.444940 0.687761 0.016369 0.015882
0 0.436384 0.679323 0.012649 0.024816
1 0.600074 0.059420 0.026042 0.067499
0 0.434896 0.941876 0.017113 0.027794
0 0.425223 0.818789 0.015625 0.023823
0 0.442708 0.808863 0.014881 0.021838
0 0.473958 0.815811 0.014881 0.019853
0 0.464286 0.859487 0.013393 0.023823
0 0.460565 0.923016 0.013393 0.021838
0 0.490327 0.902171 0.014881 0.019853
0 0.499256 0.849065 0.013393 0.018860
0 0.520089 0.829212 0.014881 0.022831
0 0.504464 0.786528 0.014881 0.020845
0 0.501860 0.744837 0.012649 0.016875
0 0.511905 0.740371 0.013393 0.023823
0 0.499628 0.580556 0.017113 0.021838
0 0.398810 0.416274 0.019345 0.024816
0 0.493304 0.484270 0.017857 0.023823
0 0.500000 0.446549 0.014881 0.021838
0 0.511161 0.408333 0.016369 0.018860
0 0.499256 0.382524 0.016369 0.020845
0 0.510417 0.147269 0.019345 0.026801
0 0.514509 0.217250 0.017113 0.021838
0 0.531250 0.252985 0.017857 0.021838
0 0.565104 0.201864 0.015625 0.022831
0 0.559524 0.132379 0.013393 0.016875
0 0.640253 0.048998 0.012649 0.018860
0 0.650298 0.057931 0.016369 0.020845
0 0.729167 0.017233 0.011905 0.018860
0 0.702753 0.106571 0.015625 0.018860
0 0.669271 0.165633 0.014137 0.023823
0 0.601562 0.227673 0.014137 0.016875
0 0.730655 0.156203 0.013393 0.018860
0 0.731399 0.219235 0.011905 0.021838
0 0.745908 0.223702 0.012649 0.022831
0 0.698289 0.294179 0.017113 0.022831
0 0.759673 0.302120 0.013393 0.018860
0 0.716146 0.335374 0.015625 0.023823
0 0.692336 0.371605 0.017113 0.018860
0 0.657738 0.394932 0.016369 0.021838
0 0.649182 0.443075 0.014137 0.024816
0 0.681920 0.435134 0.014137 0.022831
0 0.761161 0.369124 0.013393 0.017868
0 0.788318 0.323462 0.017113 0.021838
0 0.788690 0.345300 0.019345 0.025809
1 0.938616 0.294179 0.037946 0.044669
0 0.530506 0.653018 0.014881 0.019853
0 0.566964 0.676842 0.016369 0.025809
0 0.592634 0.598423 0.017113 0.023823
0 0.602679 0.561199 0.016369 0.022831
0 0.597098 0.521494 0.018601 0.024816
0 0.694196 0.548295 0.019345 0.016875
0 0.729167 0.590482 0.019345 0.019853
0 0.695312 0.616787 0.014137 0.020845
0 0.556920 0.787025 0.017113 0.023823
0 0.561756 0.724488 0.013393 0.019853
0 0.569196 0.728459 0.013393 0.023823
0 0.604539 0.733422 0.011161 0.019853
0 0.596354 0.749304 0.014137 0.017868
0 0.620164 0.745830 0.011161 0.018860
0 0.665179 0.765683 0.013393 0.024816
0 0.694940 0.721510 0.014881 0.019853
0 0.687128 0.747815 0.014137 0.018860
0 0.678571 0.756749 0.013393 0.018860
0 0.584821 0.891252 0.014881 0.021838
0 0.611979 0.889266 0.014137 0.017868
0 0.645089 0.898696 0.014881 0.022831
0 0.632812 0.918053 0.012649 0.017868
0 0.621280 0.921527 0.008929 0.018860
0 0.613839 0.907134 0.014881 0.019853
0 0.744420 0.892244 0.012649 0.017868
0 0.759301 0.871399 0.015625 0.017868
0 0.778274 0.786032 0.014881 0.023823
0 0.813988 0.829708 0.017857 0.023823
0 0.834821 0.990295 0.014881 0.019410
0 0.905506 0.865939 0.016369 0.024816
0 0.904018 0.929965 0.016369 0.017868
0 0.915179 0.951803 0.013393 0.021838
0 0.947917 0.979597 0.014881 0.023823
0 0.802827 0.493700 0.013393 0.016875
0 0.764509 0.586015 0.017113 0.020845
0 0.826265 0.547799 0.014137 0.019853
0 0.850446 0.547302 0.016369 0.018860
0 0.905878 0.493203 0.015625 0.015882
0 0.883557 0.570133 0.017113 0.022831
0 0.816220 0.592467 0.014881 0.019853
0 0.804315 0.614305 0.014881 0.023823
0 0.934524 0.657485 0.011905 0.018860
0 0.966146 0.694213 0.015625 0.020845
0 0.988095 0.728459 0.014881 0.023823
0 0.953497 0.498663 0.012649 0.022831
0 0.965402 0.501641 0.014137 0.028787
0 0.840402 0.027159 0.017113 0.022831
0 0.826637 0.085725 0.016369 0.018860
0 0.795387 0.125927 0.011905 0.017868
0 0.806920 0.132379 0.015625 0.024816
0 0.882440 0.132379 0.016369 0.020845
0 0.857515 0.193426 0.018601 0.025809
0 0.880208 0.230650 0.014881 0.022831
0 0.966518 0.183004 0.011905 0.020845
0 0.974702 0.280282 0.013393 0.026801
0 0.911458 0.071828 0.020833 0.024816
0 0.947173 0.041056 0.017857 0.020845
0 0.994420 0.241073 0.011160 0.029779