2 0.236136 0.104798 0.102004 0.118687
2 0.425268 0.087121 0.080753 0.123737
2 0.623963 0.690657 0.078628 0.123737
2 0.578274 0.767677 0.059502 0.080808
2 0.286076 0.601010 0.099879 0.070707
2 0.337077 0.655303 0.082878 0.068182
2 0.173447 0.748737 0.078628 0.058081
2 0.074631 0.761364 0.093503 0.058081
2 0.670714 0.958333 0.104129 0.073232
2 0.870025 0.280680 0.084270 0.092302
2 0.966828 0.130471 0.066344 0.087948
1 0.578252 0.015332 0.083485 0.030664
1 0.151719 0.098304 0.098664 0.117244
1 0.163103 0.360450 0.057681 0.041486
1 0.037117 0.346020 0.042502 0.048701
1 0.051537 0.401936 0.092593 0.059524
1 0.112253 0.377585 0.080449 0.064935
1 0.101628 0.454245 0.074378 0.088384
1 0.252660 0.476792 0.085003 0.046898
1 0.178282 0.634620 0.081967 0.095599
1 0.040911 0.868206 0.074378 0.093795
1 0.150201 0.939454 0.059199 0.073954
1 0.226855 0.946669 0.075896 0.091991
1 0.416594 0.967412 0.048573 0.061328
1 0.440881 0.824916 0.106254 0.072150
1 0.395344 0.753668 0.072860 0.073954
1 0.357396 0.712181 0.063752 0.081169
1 0.475034 0.759079 0.080449 0.059524
1 0.570915 0.578704 0.109290 0.073954
1 0.522342 0.637326 0.106254 0.111833
1 0.536762 0.723004 0.071342 0.073954
1 0.625560 0.827621 0.106254 0.110029
1 0.749270 0.915103 0.098664 0.093795
1 0.393320 0.564274 0.060716 0.063131
1 0.401668 0.612975 0.062234 0.059524
1 0.687795 0.580507 0.072860 0.117244
1 0.830225 0.614779 0.089557 0.099206
1 0.914469 0.670695 0.078931 0.081169
1 0.849199 0.490320 0.069824 0.088384
1 0.758883 0.516474 0.077413 0.090188
1 0.732320 0.411857 0.072860 0.097403
1 0.686783 0.325878 0.072860 0.075758
1 0.594190 0.210438 0.100182 0.093795
1 0.702721 0.237494 0.107772 0.104618