0 0.037662 0.083934 0.033727 0.052372
0 0.064643 0.130487 0.033727 0.052372
0 0.040191 0.924794 0.032040 0.046553
0 0.414316 0.465543 0.026167 0.045148
0 0.427400 0.537278 0.023260 0.034112
0 0.389021 0.575905 0.025586 0.045148
0 0.436123 0.653660 0.027912 0.038125
0 0.275145 0.663526 0.023841 0.055181
0 0.206528 0.585771 0.023841 0.036119
0 0.378942 0.867696 0.025586 0.056184
0 0.461708 0.903815 0.024423 0.042138
0 0.540211 0.849135 0.031401 0.051168
0 0.547188 0.916356 0.018608 0.033109
0 0.558915 0.941438 0.020352 0.029096
0 0.574906 0.972039 0.022097 0.036119
0 0.627532 0.986019 0.025004 0.027961
0 0.689752 0.840607 0.023841 0.044145
0 0.649629 0.927894 0.018026 0.042138
0 0.658933 0.904818 0.016863 0.028092
0 0.786862 0.795459 0.026167 0.042138
0 0.882324 0.863683 0.017445 0.042138
0 0.892791 0.906323 0.026749 0.033109
0 0.867206 0.942943 0.031401 0.046151
0 0.690624 0.748304 0.030238 0.054178
0 0.799073 0.966019 0.021515 0.032105
0 0.803435 0.989596 0.022097 0.019063
0 0.863426 0.989596 0.026167 0.019063
0 0.954139 0.945953 0.022678 0.034112
0 0.973329 0.954481 0.019189 0.033109
0 0.964897 0.724058 0.024423 0.047155
0 0.989901 0.847965 0.013956 0.028092
0 0.992625 0.825892 0.014750 0.036119
0 0.736272 0.684428 0.023841 0.038125
0 0.734818 0.638778 0.020934 0.043142
0 0.699444 0.602659 0.022678 0.039128
0 0.693338 0.665365 0.025586 0.048158
0 0.701188 0.534101 0.031982 0.049161
0 0.909364 0.469389 0.025004 0.044145
0 0.958210 0.509520 0.023841 0.052171
0 0.788413 0.356518 0.030819 0.059194
0 0.912562 0.307357 0.024423 0.061201
0 0.893373 0.147666 0.030238 0.052171
0 0.963734 0.036300 0.030238 0.038125
0 0.755849 0.081449 0.018026 0.036119
0 0.700316 0.283612 0.020934 0.043142
0 0.727356 0.101013 0.016863 0.037122
0 0.742765 0.099508 0.015119 0.040132
0 0.692466 0.081950 0.026167 0.051168
0 0.640034 0.097836 0.029075 0.052840
0 0.606113 0.010458 0.020934 0.020916
0 0.576457 0.125761 0.019771 0.033109
0 0.581109 0.165391 0.019771 0.034112
0 0.518017 0.191476 0.022678 0.042138
0 0.483418 0.203014 0.017445 0.025082
0 0.499990 0.256690 0.014537 0.024079
0 0.511330 0.251172 0.012793 0.025082
0 0.536334 0.271238 0.020934 0.037122
0 0.556396 0.269733 0.019189 0.042138
0 0.586343 0.236123 0.016282 0.031102
0 0.606695 0.257192 0.020934 0.035115
0 0.425171 0.283779 0.027330 0.046151
0 0.485647 0.320400 0.022678 0.045148
0 0.492334 0.382604 0.026749 0.043142
0 0.526933 0.316386 0.021515 0.031102
0 0.524898 0.346987 0.019771 0.032105
0 0.561920 0.352839 0.018608 0.037122
0 0.561047 0.382938 0.020352 0.031102
0 0.637224 0.538616 0.028493 0.046151
0 0.630246 0.614866 0.020352 0.054178
0 0.501056 0.452333 0.025586 0.042138
0 0.469656 0.451831 0.017445 0.029096
0 0.471109 0.474907 0.018026 0.029096
0 0.549611 0.482431 0.016863 0.028092
0 0.532457 0.505507 0.020934 0.040132
0 0.551937 0.520557 0.018026 0.042138
0 0.559206 0.589784 0.025586 0.040132
0 0.576069 0.610351 0.015119 0.033109
0 0.456960 0.729576 0.023841 0.038125
0 0.462484 0.762685 0.022097 0.028092
0 0.236572 0.973543 0.029656 0.045148
0 0.294140 0.981003 0.030819 0.037994
0 0.267101 0.888765 0.019771 0.024079
0 0.266229 0.865689 0.015700 0.024079
0 0.278440 0.846125 0.019189 0.029096
0 0.292977 0.830574 0.015700 0.030099
0 0.373806 0.661854 0.018026 0.031102
0 0.357524 0.670382 0.013374 0.026086
0 0.341823 0.714527 0.014537 0.022072
0 0.306643 0.722051 0.010467 0.021069
0 0.198193 0.730747 0.018026 0.035115
0 0.226396 0.734258 0.008141 0.028092
0 0.237154 0.711182 0.013374 0.032105
0 0.236572 0.744793 0.014537 0.023076
0 0.109515 0.142649 0.018608 0.034112
0 0.122308 0.457851 0.016282 0.027089
0 0.227559 0.558515 0.017445 0.029096
0 0.192960 0.358357 0.015700 0.032105
0 0.193251 0.486779 0.013956 0.020066
1 0.189180 0.446146 0.118625 0.265873
1 0.150220 0.853148 0.059313 0.073240
1 0.080053 0.955986 0.034890 0.062204
1 0.392898 0.773888 0.055824 0.081267
1 0.537728 0.061056 0.037199 0.064181
0 0.921784 0.600892 0.013392 0.018827
0 0.939887 0.595329 0.011904 0.012836
0 0.936911 0.623997 0.007936 0.013692
0 0.935919 0.808411 0.009920 0.014548
0 0.948071 0.619718 0.007440 0.011981
0 0.317594 0.712995 0.010912 0.020538
1 0.059435 0.734389 0.038191 0.051345
0 0.452501 0.360798 0.008994 0.018427
0 0.435076 0.371952 0.012366 0.025216
0 0.443789 0.418989 0.014053 0.024246
0 0.447161 0.437901 0.015177 0.025216
0 0.501124 0.139673 0.011804 0.018427
0 0.503092 0.122700 0.011242 0.019397
0 0.506464 0.104758 0.011242 0.024246
0 0.517707 0.113971 0.015739 0.025216
0 0.453907 0.177497 0.016301 0.022307
0 0.463744 0.158100 0.013491 0.014548