2 0.080870 0.849413 0.026306 0.031728
2 0.107420 0.600341 0.022896 0.031728
2 0.046039 0.580592 0.024845 0.031080
2 0.034834 0.552102 0.018999 0.025900
2 0.550729 0.567103 0.030691 0.044678
2 0.299033 0.313930 0.023870 0.039498
0 0.293431 0.306160 0.010717 0.011008
1 0.272727 0.209898 0.022896 0.033023
2 0.292700 0.195006 0.024845 0.021368
2 0.087447 0.215186 0.019973 0.029785
2 0.109369 0.285656 0.030691 0.039498
1 0.010962 0.220042 0.021924 0.027843
0 0.017784 0.205474 0.010230 0.014245
0 0.074050 0.314901 0.008769 0.014245
0 0.096215 0.319757 0.009256 0.013598
0 0.034347 0.322671 0.007307 0.014245
0 0.027283 0.337564 0.012666 0.012950
0 0.115945 0.317491 0.008769 0.014245
2 0.110099 0.327204 0.005846 0.010360
1 0.107664 0.325585 0.019486 0.035613
0 0.227503 0.281231 0.009743 0.011655
0 0.198030 0.263425 0.012179 0.014893
0 0.212888 0.303570 0.006820 0.014893
0 0.200466 0.308102 0.012179 0.009713
2 0.233836 0.328175 0.021435 0.025253
1 0.209478 0.289649 0.028255 0.025900
1 0.225067 0.282202 0.026306 0.040793
1 0.192672 0.314254 0.018999 0.028490
1 0.166365 0.243029 0.023870 0.028490
1 0.153943 0.273785 0.014615 0.030433
1 0.165391 0.267634 0.023870 0.023310
2 0.189505 0.348247 0.015589 0.020073
0 0.224212 0.657516 0.014096 0.018736
0 0.268645 0.752009 0.012257 0.018736
0 0.354446 0.769116 0.011032 0.018736
0 0.309707 0.767487 0.012257 0.012219
0 0.336367 0.816770 0.012870 0.013034
0 0.447836 0.958393 0.010857 0.012987
0 0.402238 0.894901 0.010857 0.012987
0 0.600551 0.824194 0.010857 0.015873
0 0.560110 0.825277 0.007057 0.010823
0 0.575852 0.829966 0.008142 0.012987
0 0.613036 0.838624 0.007600 0.010101
0 0.643434 0.771886 0.007600 0.015152
2 0.621610 0.863658 0.026306 0.029138
2 0.715874 0.831067 0.016076 0.036044
2 0.739744 0.804735 0.034588 0.018778
2 0.687619 0.772252 0.030691 0.028490
2 0.695900 0.706855 0.013153 0.029785
2 0.674953 0.680955 0.029716 0.034965
2 0.647672 0.723366 0.026793 0.036908
1 0.669351 0.755417 0.026306 0.028490
1 0.686644 0.798800 0.028742 0.019425
1 0.537576 0.687754 0.026793 0.025253
1 0.560472 0.686135 0.018999 0.018130
1 0.554139 0.714625 0.018999 0.034965
1 0.584830 0.692610 0.024845 0.032375
1 0.580932 0.703294 0.030691 0.062808
0 0.622827 0.645990 0.013153 0.014245
0 0.532461 0.671566 0.011692 0.017483
0 0.508834 0.771929 0.014127 0.013598
2 0.509564 0.738259 0.034101 0.042088
0 0.502988 0.747647 0.010230 0.010360
2 0.441363 0.729194 0.014615 0.029138
0 0.426748 0.744410 0.009743 0.011655
0 0.387370 0.719157 0.007307 0.009065
0 0.336625 0.633687 0.008769 0.010360
0 0.330450 0.345719 0.013571 0.010823
0 0.264632 0.325427 0.009499 0.017136
0 0.201377 0.014580 0.011159 0.012927
0 0.173632 0.014029 0.010555 0.016835
0 0.020950 0.060541 0.007794 0.009713
2 0.027283 0.067016 0.015589 0.016188
2 0.054564 0.045001 0.021435 0.034318
1 0.075024 0.009065 0.022409 0.018130
1 0.152482 0.054714 0.025332 0.025253
1 0.150289 0.026224 0.025819 0.025253
1 0.098164 0.007446 0.021922 0.014892
1 0.011694 0.092593 0.016563 0.034965
1 0.142739 0.157666 0.014615 0.030433
1 0.171724 0.200725 0.015102 0.015540
1 0.163199 0.185833 0.019486 0.024605
0 0.017053 0.121730 0.009743 0.010360
1 0.056756 0.222740 0.035562 0.023310
1 0.060897 0.238280 0.015589 0.016835
1 0.069178 0.245403 0.026306 0.024605
1 0.097677 0.257058 0.043357 0.019425
1 0.119355 0.243784 0.023383 0.029138
1 0.140790 0.252849 0.009743 0.013598
1 0.079652 0.267742 0.017050 0.020073
1 0.077216 0.363464 0.018999 0.020720
2 0.078191 0.380946 0.017050 0.022015
1 0.044334 0.520483 0.037998 0.027843
2 0.098164 0.482388 0.018999 0.042735
2 0.024523 0.810995 0.029229 0.021368
0 0.007716 0.821678 0.006333 0.009065
0 0.081844 0.992511 0.014615 0.009713
0 0.166365 0.979561 0.010230 0.011008
0 0.261604 0.960459 0.010717 0.015540
1 0.200710 0.984438 0.039947 0.031123
1 0.024117 0.937149 0.018999 0.019425
1 0.059679 0.942653 0.014127 0.023958
1 0.078434 0.931969 0.013640 0.015540
1 0.090613 0.939739 0.027281 0.025900
2 0.043603 0.949452 0.014127 0.022015
1 0.033860 0.977942 0.020948 0.036260
1 0.041654 0.847794 0.028742 0.041440
2 0.194133 0.922904 0.017050 0.025900
2 0.208017 0.947833 0.025332 0.026548
1 0.289290 0.958841 0.035562 0.049858
1 0.318032 0.949128 0.028742 0.042088
1 0.349454 0.973409 0.025332 0.031080
2 0.429915 0.935854 0.018999 0.023310
2 0.409698 0.849413 0.023383 0.043383
2 0.452811 0.761677 0.030691 0.014245
2 0.466208 0.752935 0.025332 0.016188
1 0.480822 0.763943 0.037024 0.027843
1 0.470105 0.801822 0.036049 0.049210
1 0.521256 0.825455 0.022409 0.040793
1 0.573544 0.815419 0.024358 0.031080
1 0.550160 0.822865 0.020460 0.026548
1 0.556493 0.883083 0.023383 0.023958
2 0.494138 0.880493 0.033126 0.025253
1 0.706049 0.901537 0.019486 0.024605
1 0.739419 0.933264 0.019973 0.022015
1 0.673167 0.970496 0.023870 0.026548
1 0.765726 0.832902 0.029716 0.040145
1 0.784481 0.830312 0.016563 0.024605
1 0.783263 0.789519 0.014127 0.034965
2 0.800557 0.792433 0.022409 0.034318
1 0.812736 0.822218 0.021435 0.026548
2 0.827594 0.873694 0.018999 0.038850
2 0.849272 0.855564 0.022409 0.023310
2 0.877040 0.769447 0.015589 0.050505
2 0.866810 0.757792 0.012666 0.025900
2 0.897987 0.780130 0.026306 0.029138
2 0.894821 0.725417 0.022896 0.037555
2 0.923319 0.694013 0.018512 0.034318
1 0.861938 0.870673 0.012666 0.020720
1 0.841478 0.875529 0.016563 0.018778
1 0.857797 0.886644 0.018025 0.025900
0 0.840991 0.909954 0.007794 0.010360
0 0.815172 0.899271 0.008769 0.009713
1 0.965539 0.886644 0.023383 0.044030
1 0.963591 0.826427 0.018512 0.022015
0 0.879557 0.894738 0.007307 0.012303
1 0.839854 0.751640 0.031178 0.018778
1 0.972116 0.709553 0.025819 0.027843
1 0.927785 0.638004 0.018025 0.020720
1 0.860558 0.723150 0.023870 0.025253
1 0.847892 0.698545 0.027768 0.035613
0 0.952143 0.687214 0.012179 0.015540
0 0.958719 0.802145 0.010717 0.014893
0 0.887595 0.631205 0.011692 0.017483
0 0.838880 0.598399 0.010717 0.017483
0 0.929246 0.526202 0.010230 0.012950
2 0.782776 0.578110 0.018025 0.036908
2 0.711408 0.435984 0.017537 0.033670
2 0.291970 0.040469 0.034101 0.021368
2 0.300008 0.016835 0.021922 0.023310
1 0.320549 0.041764 0.022409 0.021368
1 0.260142 0.180329 0.020460 0.031728
2 0.310319 0.165760 0.021435 0.028490
1 0.339305 0.115579 0.018999 0.039498
1 0.337600 0.070254 0.033126 0.036908
0 0.347586 0.079966 0.009256 0.012303
2 0.281333 0.021368 0.023870 0.019425
1 0.387452 0.081909 0.028255 0.052448
1 0.394515 0.042735 0.038485 0.069930
1 0.490728 0.024281 0.017537 0.034318
1 0.527508 0.009065 0.021922 0.018130
1 0.545289 0.058275 0.017537 0.032375
1 0.429103 0.127881 0.011205 0.022663
1 0.428859 0.133061 0.031178 0.029138
1 0.445179 0.208064 0.029716 0.034965
1 0.460524 0.179574 0.020460 0.049210
1 0.471972 0.224899 0.018025 0.036260
1 0.459794 0.246266 0.022896 0.036260
2 0.484395 0.261482 0.033126 0.030433
2 0.524829 0.241086 0.018512 0.019425
2 0.516791 0.214862 0.022896 0.023958
1 0.495843 0.218100 0.034588 0.038203
1 0.520688 0.273137 0.042382 0.026548
2 0.561690 0.331089 0.027281 0.028490
2 0.591568 0.346952 0.025332 0.034318
2 0.613734 0.341449 0.021922 0.027195
2 0.473678 0.401990 0.015589 0.022663
2 0.430565 0.343067 0.016076 0.036908
2 0.382580 0.412026 0.020460 0.023310
2 0.417655 0.422602 0.030203 0.031943
1 0.412296 0.366701 0.029229 0.032375
2 0.436898 0.290296 0.018025 0.025900
1 0.453217 0.333679 0.035075 0.038850
1 0.482933 0.374471 0.024358 0.037555
2 0.493407 0.357960 0.020948 0.027843
2 0.536520 0.413321 0.024358 0.016835
1 0.524098 0.385479 0.024845 0.031080
1 0.562583 0.386126 0.034588 0.047915
1 0.553327 0.405551 0.025819 0.031080
1 0.576710 0.359579 0.029716 0.036260
0 0.518983 0.365406 0.010717 0.011655
0 0.612354 0.400371 0.007794 0.014245
0 0.682991 0.339506 0.010717 0.015540
0 0.650108 0.283821 0.010230 0.009065
0 0.659607 0.270871 0.010717 0.014245
0 0.520282 0.449581 0.008769 0.010360
0 0.521013 0.463179 0.007307 0.007770
0 0.442581 0.455733 0.014127 0.014893
1 0.451593 0.436308 0.034101 0.030433
1 0.609431 0.381270 0.031178 0.031728
1 0.684452 0.412998 0.019486 0.034318
2 0.706861 0.406199 0.027281 0.025900
1 0.725373 0.410408 0.011692 0.033023
1 0.671786 0.298390 0.029229 0.023958
1 0.656685 0.310369 0.016563 0.020720
1 0.639391 0.283497 0.027768 0.048563
1 0.652057 0.218747 0.018999 0.048563
1 0.650595 0.178386 0.020948 0.044678
2 0.694195 0.194898 0.025332 0.028490
0 0.689811 0.247345 0.008769 0.011655
0 0.729757 0.253820 0.007794 0.012950
0 0.730001 0.345765 0.014127 0.019425
0 0.645967 0.299793 0.006820 0.009065
2 0.589945 0.211733 0.029229 0.011655
2 0.570215 0.183890 0.033614 0.028490
1 0.588970 0.196840 0.019486 0.019425
1 0.712951 0.258677 0.018025 0.018778
2 0.694926 0.256410 0.018999 0.020720
2 0.677145 0.241518 0.014615 0.023310
2 0.081601 0.720237 0.012179 0.029785
1 0.073076 0.771065 0.028255 0.022663
2 0.021925 0.783044 0.037024 0.031080
2 0.180249 0.663257 0.020460 0.027195
2 0.167340 0.674912 0.019973 0.022015
1 0.255027 0.699840 0.015102 0.026548
1 0.244310 0.840672 0.025819 0.037555
0 0.203876 0.847147 0.010230 0.014245
1 0.144200 0.684624 0.028255 0.031080
2 0.129829 0.665523 0.022896 0.026548
1 0.109612 0.646098 0.054561 0.027843
1 0.104741 0.634766 0.035075 0.025900
1 0.067473 0.604658 0.040434 0.033023
0 0.046769 0.605953 0.009743 0.011008
0 0.012425 0.586204 0.009256 0.018130
0 0.178544 0.594945 0.006333 0.013598
0 0.208991 0.609514 0.013640 0.020720
1 0.091831 0.597859 0.022896 0.015540
2 0.072832 0.632824 0.026793 0.012950
2 0.085985 0.617284 0.018999 0.018130
2 0.012912 0.624730 0.024845 0.018778
1 0.009988 0.660019 0.019976 0.025900
1 0.010962 0.691423 0.021924 0.047268
1 0.053102 0.665199 0.019486 0.028490
1 0.057000 0.679768 0.013640 0.018778
1 0.068448 0.693042 0.016076 0.011655
1 0.063333 0.728654 0.012666 0.025900
1 0.115945 0.726712 0.024358 0.041440
1 0.184796 0.531382 0.014615 0.033670
1 0.194295 0.556311 0.033614 0.044678
1 0.221576 0.551131 0.025819 0.033023
1 0.267856 0.583830 0.019973 0.027195
1 0.264933 0.611349 0.050177 0.023958
1 0.124154 0.368266 0.021580 0.064815
1 0.129196 0.408670 0.031665 0.026094
1 0.011694 0.399508 0.020460 0.024605
1 0.052372 0.431883 0.022896 0.019425
1 0.086960 0.449689 0.010230 0.022663
1 0.180736 0.408573 0.009743 0.032375
1 0.192428 0.385263 0.021435 0.047915
1 0.211671 0.351593 0.020948 0.029785
1 0.211427 0.326340 0.018512 0.025900
1 0.227016 0.371018 0.026306 0.024605
1 0.237003 0.356773 0.021922 0.024605
1 0.229208 0.397242 0.020948 0.016188
1 0.148097 0.356449 0.013640 0.026548
1 0.164660 0.362600 0.032152 0.033670
2 0.143713 0.376522 0.013640 0.027843
2 0.137623 0.341233 0.016076 0.028490
1 0.265663 0.356125 0.016563 0.023310
2 0.288316 0.347708 0.024845 0.022015
2 0.314947 0.440300 0.016076 0.020720
2 0.328587 0.442890 0.014127 0.020720
1 0.260629 0.385910 0.019486 0.025900
1 0.339061 0.420552 0.018512 0.022663
1 0.360009 0.438358 0.038972 0.034965
0 0.337600 0.439005 0.014615 0.012950
1 0.290404 0.468501 0.026499 0.026582
1 0.305903 0.457204 0.021499 0.018607
1 0.349150 0.622010 0.029998 0.042531
2 0.474893 0.602073 0.032498 0.029240
1 0.446895 0.509370 0.024499 0.029904
1 0.365611 0.824484 0.018025 0.031080
1 0.384610 0.806030 0.026793 0.030433
1 0.325340 0.281339 0.034588 0.031728
1 0.315840 0.307239 0.021435 0.022663
1 0.385503 0.371989 0.020460 0.023958
1 0.385503 0.395623 0.034101 0.022015
1 0.396220 0.428322 0.019486 0.044678
0 0.444448 0.362600 0.009743 0.012950
0 0.416681 0.523396 0.007794 0.014245
2 0.513462 0.519296 0.018512 0.025900
2 0.619417 0.508288 0.030691 0.038850
1 0.531486 0.582427 0.027281 0.040793
1 0.572894 0.605737 0.017537 0.026548
1 0.581663 0.577247 0.018512 0.023958
0 0.596440 0.561707 0.011692 0.013598
0 0.627699 0.559117 0.014127 0.016188
0 0.681529 0.494043 0.009743 0.014245
0 0.756551 0.459078 0.007794 0.010360
2 0.714412 0.477532 0.031665 0.034318
2 0.749731 0.554261 0.021435 0.033670
2 0.739500 0.601204 0.011692 0.038203
2 0.659607 0.576923 0.017537 0.019425
2 0.683234 0.570448 0.018025 0.022015
1 0.766294 0.526418 0.023383 0.033670
2 0.893603 0.408249 0.033126 0.044678
2 0.899936 0.493072 0.016563 0.029138
2 0.783994 0.380730 0.016563 0.033670
2 0.818338 0.433178 0.013153 0.036260
2 0.783263 0.452927 0.027768 0.020073
1 0.769136 0.390119 0.015102 0.017483
1 0.807864 0.436955 0.018512 0.027843
1 0.767674 0.271519 0.029716 0.038850
1 0.803480 0.289001 0.022409 0.047915
0 0.801531 0.323319 0.010717 0.015540
0 0.808595 0.366054 0.008282 0.015540
1 0.806646 0.339506 0.026793 0.033670
1 0.798121 0.317167 0.029229 0.018778
1 0.819312 0.273137 0.030691 0.045973
1 0.838555 0.260187 0.019486 0.023958
1 0.838068 0.243244 0.027281 0.020288
1 0.794224 0.208171 0.025332 0.020073
1 0.813467 0.224359 0.013153 0.022663
1 0.836363 0.211085 0.045305 0.034965
1 0.871438 0.212056 0.034588 0.047268
1 0.896039 0.273245 0.030203 0.041440
1 0.924213 0.260511 0.022571 0.021583
1 0.859746 0.282310 0.023870 0.033670
1 0.840747 0.306592 0.023870 0.043383
1 0.839042 0.345118 0.025332 0.029785
1 0.823453 0.367457 0.021435 0.036908
2 0.920153 0.347708 0.025819 0.024605
2 0.895633 0.050181 0.026793 0.042088
2 0.958963 0.045001 0.021922 0.030433
2 0.986910 0.253820 0.026179 0.031080
1 0.970411 0.334110 0.020460 0.038850
2 0.980641 0.451632 0.019486 0.042088
1 0.985449 0.299145 0.029102 0.036260
1 0.949707 0.148925 0.049202 0.082880
1 0.826701 0.020073 0.033126 0.029785
0 0.824752 0.027843 0.010717 0.014245
0 0.775793 0.063131 0.008282 0.014893
2 0.776524 0.027843 0.031178 0.024605
2 0.796173 0.176444 0.025332 0.025253
1 0.791545 0.163494 0.039459 0.036908
1 0.589214 0.031404 0.021922 0.040793
1 0.692003 0.026548 0.016076 0.034965
1 0.670812 0.034318 0.015589 0.029785
1 0.629160 0.065074 0.019973 0.016188
1 0.597008 0.104248 0.018025 0.036260
1 0.609431 0.101658 0.011692 0.022015
2 0.618930 0.090003 0.011205 0.022015
2 0.625507 0.083851 0.014615 0.027843
1 0.641096 0.086118 0.030203 0.029785
1 0.661556 0.127881 0.028255 0.023958
2 0.677632 0.154753 0.032152 0.024605
1 0.680717 0.073491 0.034101 0.021368
1 0.664398 0.063455 0.030691 0.032375
1 0.702152 0.082880 0.026306 0.032375
1 0.712869 0.067340 0.022409 0.023310
1 0.733817 0.032699 0.029229 0.038203
1 0.739663 0.083528 0.016563 0.029785
1 0.755252 0.077053 0.027281 0.032375
1 0.751598 0.117845 0.023870 0.036260
1 0.728702 0.161551 0.029716 0.040793
1 0.696306 0.128205 0.024358 0.028490
1 0.708242 0.113313 0.020948 0.028490
1 0.766456 0.151191 0.022409 0.035613
1 0.731868 0.113960 0.015589 0.015540
1 0.776199 0.101010 0.024358 0.046620
1 0.802506 0.075110 0.026306 0.031080
0 0.834739 0.141263 0.010230 0.013598
0 0.887595 0.184969 0.010717 0.016835
0 0.911465 0.242921 0.011692 0.013598
0 0.364502 0.482604 0.012666 0.020576
0 0.411852 0.199169 0.008580 0.010590
0 0.097619 0.805759 0.010482 0.020899
0 0.110722 0.540027 0.010482 0.020028
0 0.004260 0.499971 0.008520 0.014803
0 0.222423 0.448160 0.007206 0.013932
0 0.170012 0.469494 0.009827 0.018286
0 0.089102 0.414199 0.009172 0.015674
0 0.407717 0.528852 0.010482 0.013932
0 0.317963 0.056600 0.009172 0.015674
0 0.413395 0.091432 0.010482 0.012191
0 0.463513 0.033525 0.009827 0.014803
0 0.654859 0.033508 0.010961 0.018454
0 0.809769 0.051188 0.010270 0.015015
0 0.991115 0.064155 0.009756 0.016380
0 0.961590 0.247065 0.009243 0.013650
0 0.891242 0.511762 0.010270 0.012968
0 0.506043 0.962667 0.009756 0.017063
0 0.034132 0.355562 0.009148 0.014029
1 0.993647 0.525514 0.012706 0.040927