0 0.062676 0.234276 0.023609 0.038069
0 0.017144 0.264069 0.023609 0.031449
0 0.037381 0.278966 0.016863 0.031449
0 0.427347 0.238138 0.019393 0.034759
0 0.569280 0.677591 0.021079 0.026483
0 0.584036 0.604762 0.018550 0.029793
0 0.647695 0.890282 0.021079 0.024828
0 0.738336 0.682556 0.023609 0.026483
0 0.988196 0.586279 0.018550 0.041380
1 0.661046 0.159792 0.112985 0.177105
1 0.561551 0.090274 0.109612 0.163864
1 0.311130 0.146551 0.069140 0.167174
0 0.288364 0.144068 0.015177 0.039725
1 0.033867 0.543796 0.067734 0.150622
1 0.464446 0.509037 0.069983 0.104277
1 0.491849 0.578555 0.074199 0.107587
2 0.539910 0.523106 0.057336 0.089380
1 0.518409 0.898558 0.031197 0.067863
1 0.548342 0.957141 0.064081 0.085717
1 0.419758 0.933317 0.096965 0.124139
1 0.351461 0.912627 0.083474 0.142346
1 0.173131 0.853868 0.121417 0.140691
0 0.170601 0.894420 0.026981 0.033104
1 0.181141 0.758695 0.078415 0.115863
1 0.264615 0.847247 0.066610 0.120829
1 0.248595 0.776902 0.076728 0.109242
1 0.825157 0.901888 0.097348 0.141443
1 0.803695 0.621258 0.078951 0.154986
1 0.745056 0.622010 0.090449 0.123387
1 0.864633 0.628781 0.041392 0.085769
1 0.877664 0.566336 0.044458 0.114359
1 0.917523 0.642324 0.053656 0.103825
0 0.931170 0.886999 0.020934 0.027396