0 0.056020 0.087121 0.048599 0.047980
0 0.181256 0.099747 0.062306 0.050505
0 0.082812 0.139520 0.057322 0.044192
0 0.022091 0.181187 0.044182 0.039141
0 0.140134 0.268939 0.049845 0.045455
0 0.182502 0.252525 0.069783 0.045455
0 0.261007 0.308712 0.057322 0.046717
0 0.426118 0.179924 0.036138 0.046717
0 0.550108 0.295244 0.047353 0.039141
0 0.571915 0.348906 0.056075 0.032828
0 0.289045 0.493476 0.063552 0.049242
0 0.093404 0.526936 0.066044 0.037879
0 0.785624 0.252315 0.059814 0.044192
0 0.642321 0.391835 0.039876 0.042929
0 0.661635 0.497896 0.056075 0.050505
0 0.329336 0.618056 0.056075 0.056818
0 0.648967 0.734007 0.047353 0.050505
0 0.683235 0.816077 0.053583 0.047980
0 0.444603 0.727694 0.042368 0.042929
0 0.526847 0.786406 0.057322 0.044192
0 0.510024 0.912668 0.053583 0.054293
1 0.031437 0.758628 0.062874 0.074495
1 0.413034 0.785143 0.057322 0.069444
1 0.475340 0.804714 0.057322 0.055556
1 0.801409 0.673401 0.064798 0.070707
1 0.527262 0.502315 0.134581 0.087121
1 0.905460 0.347643 0.110905 0.121212
0 0.881784 0.476431 0.051091 0.040404
0 0.965274 0.422138 0.036138 0.042929
0 0.973997 0.512416 0.041122 0.041667
0 0.942843 0.560396 0.046106 0.041667
0 0.108302 0.858586 0.059814 0.045455
0 0.072165 0.909091 0.062306 0.040404