2 0.099403 0.327320 0.151479 0.111684
2 0.475362 0.488832 0.147829 0.128866
2 0.464412 0.667526 0.133228 0.135739
2 0.296507 0.164948 0.129578 0.120275
2 0.454374 0.143471 0.164254 0.128866
2 0.573002 0.225945 0.131403 0.115120
2 0.685242 0.201031 0.129578 0.158076
2 0.384110 0.834192 0.100377 0.087629
2 0.426086 0.969072 0.122278 0.061856
2 0.147766 0.758591 0.156954 0.176976
1 0.770107 0.095361 0.171554 0.190722
1 0.866834 0.390034 0.175204 0.164948
1 0.656954 0.598797 0.160604 0.201031
1 0.589427 0.579897 0.146004 0.118557
1 0.277345 0.955326 0.149654 0.089347
1 0.398710 0.355670 0.173379 0.182131
1 0.167842 0.230241 0.156954 0.147766
1 0.140466 0.075601 0.164254 0.127148
1 0.563877 0.060137 0.171554 0.089347
1 0.176055 0.437285 0.063877 0.080756
2 0.392354 0.768041 0.094902 0.065292
1 0.432473 0.902921 0.167904 0.152921