2 0.024131 0.070532 0.019873 0.028710
2 0.174313 0.008823 0.023847 0.017645
2 0.011640 0.080354 0.017602 0.030221
2 0.277652 0.008823 0.017034 0.017645
2 0.300079 0.037667 0.031229 0.040043
2 0.216046 0.072043 0.018737 0.022666
2 0.042301 0.187638 0.015330 0.022666
2 0.127754 0.239769 0.018169 0.025688
2 0.007097 0.350075 0.014194 0.019644
2 0.050818 0.373118 0.022144 0.038532
2 0.107597 0.667393 0.014195 0.025688
2 0.099364 0.638684 0.017034 0.030221
2 0.081195 0.629240 0.022712 0.021910
2 0.088576 0.668904 0.020441 0.019644
2 0.086305 0.654550 0.022712 0.016621
2 0.074097 0.747479 0.014195 0.027199
2 0.141097 0.779210 0.016466 0.024177
2 0.110436 0.870629 0.021008 0.027199
2 0.120940 0.874784 0.019305 0.024932
2 0.074097 0.937114 0.019873 0.024177
2 0.107881 0.918982 0.018169 0.021155
2 0.113559 0.892539 0.021576 0.022666
2 0.004258 0.924270 0.008516 0.027199
2 0.427549 0.865340 0.019305 0.030221
2 0.381274 0.756167 0.016466 0.020399
2 0.389223 0.776944 0.013059 0.022666
2 0.377867 0.777322 0.013059 0.020399
2 0.379855 0.710836 0.014763 0.027954
2 0.351749 0.659083 0.015330 0.024177
2 0.336418 0.567287 0.019873 0.024932
2 0.312003 0.578242 0.022144 0.028710
2 0.337270 0.612618 0.020441 0.023421
2 0.339825 0.594108 0.032364 0.027199
2 0.350329 0.524978 0.019305 0.024932
2 0.329321 0.437715 0.024983 0.028710
2 0.332160 0.418827 0.023847 0.016621
2 0.324495 0.373118 0.023280 0.029465
2 0.455087 0.345542 0.022144 0.024177
2 0.380706 0.279811 0.019873 0.018133
2 0.359982 0.427516 0.020441 0.023421
2 0.572053 0.819253 0.016466 0.033243
2 0.545935 0.824164 0.011924 0.021910
2 0.548490 0.807920 0.021576 0.019644
2 0.575460 0.759945 0.017602 0.027954
2 0.583693 0.667771 0.023847 0.026443
2 0.598739 0.676460 0.022144 0.021155
2 0.605269 0.662483 0.017034 0.021910
2 0.611799 0.675326 0.019873 0.018888
2 0.625142 0.674571 0.021576 0.020399
2 0.617477 0.624329 0.019873 0.018133
2 0.633375 0.637550 0.019873 0.021910
2 0.631104 0.653416 0.022144 0.018888
2 0.682773 0.551421 0.023280 0.020399
2 0.625994 0.826431 0.017602 0.021910
2 0.642176 0.826431 0.018169 0.020399
2 0.564672 0.902360 0.025551 0.025688
2 0.631104 0.937114 0.014195 0.025688
2 0.641040 0.940892 0.015898 0.030221
2 0.657506 0.928804 0.021576 0.022666
2 0.677379 0.930692 0.019305 0.040043
2 0.703782 0.985090 0.021008 0.015866
2 0.717125 0.973757 0.027254 0.018888
2 0.782137 0.943536 0.024415 0.030976
2 0.769362 0.884228 0.030661 0.021155
2 0.751476 0.846830 0.017602 0.026443
2 0.736146 0.841541 0.014195 0.021910
2 0.708324 0.874406 0.018737 0.015110
2 0.701510 0.752390 0.017602 0.014355
2 0.561549 0.852874 0.014763 0.023421
2 0.765103 0.732746 0.017602 0.026443
2 0.730468 0.706303 0.013059 0.018888
2 0.714286 0.685526 0.013627 0.027199
2 0.706904 0.712347 0.023847 0.012844
2 0.705201 0.697992 0.021576 0.012844
2 0.681070 0.711214 0.030093 0.030221
2 0.787815 0.671171 0.011924 0.013599
2 0.767942 0.671549 0.011924 0.018888
2 0.776743 0.676082 0.012491 0.017377
2 0.859641 0.612996 0.019305 0.022666
2 0.865603 0.605441 0.024415 0.012088
2 0.867306 0.594486 0.024415 0.021910
2 0.880366 0.578997 0.019873 0.021155
2 0.866171 0.574087 0.016466 0.021910
2 0.752044 0.608841 0.019873 0.018888
2 0.913014 0.468691 0.020441 0.025688
2 0.928060 0.475869 0.016466 0.030976
2 0.926641 0.681371 0.026119 0.024932
2 0.858506 0.715747 0.017034 0.021155
2 0.825857 0.750878 0.021008 0.021910
2 0.942539 0.614885 0.017034 0.027954
2 0.979730 0.216347 0.015330 0.030221
2 0.821599 0.211437 0.026119 0.032487
2 0.884624 0.065999 0.018169 0.022666
2 0.885760 0.043711 0.018169 0.024932
2 0.952192 0.007689 0.019305 0.015378
2 0.992505 0.076198 0.012491 0.023421
2 0.008801 0.615640 0.017602 0.026443
2 0.006814 0.572198 0.013627 0.027199
2 0.194470 0.544999 0.017602 0.016621
1 0.016750 0.324765 0.033500 0.032487
1 0.054792 0.544244 0.018737 0.027199
1 0.055644 0.578997 0.021576 0.016621
1 0.022428 0.576353 0.023280 0.035509
1 0.045991 0.630373 0.022712 0.033243
1 0.208097 0.687415 0.022144 0.023421
1 0.355723 0.712725 0.021008 0.019644
2 0.394617 0.802254 0.015898 0.015866
1 0.557290 0.942025 0.021008 0.032487
1 0.601578 0.778455 0.031229 0.036265
1 0.660345 0.809054 0.023847 0.030976
1 0.645866 0.858162 0.021008 0.027954
1 0.664320 0.970735 0.026119 0.038532
1 0.678515 0.855140 0.036339 0.024932
1 0.718544 0.923515 0.033500 0.036265
1 0.775891 0.863829 0.022144 0.028710
1 0.703782 0.861185 0.018737 0.021910
1 0.717976 0.851363 0.031229 0.037021
1 0.699523 0.772411 0.035203 0.025688
1 0.690722 0.741812 0.034635 0.026443
1 0.719680 0.733879 0.026686 0.042309
2 0.784976 0.755412 0.019873 0.029465
2 0.809391 0.694214 0.022144 0.026443
1 0.670282 0.644350 0.028958 0.037021
1 0.772769 0.589197 0.035203 0.041554
1 0.822167 0.653039 0.030661 0.025688
1 0.763968 0.696859 0.028958 0.028710
1 0.744663 0.677971 0.033500 0.028710
1 0.856802 0.667016 0.026119 0.033998
2 0.908188 0.727835 0.031229 0.024177
2 0.961276 0.651527 0.013627 0.022666
2 0.970361 0.517423 0.023847 0.029465
2 0.934874 0.595241 0.025551 0.033998
2 0.888599 0.647372 0.026119 0.012844
2 0.886044 0.658705 0.017602 0.023421
2 0.924370 0.666260 0.023847 0.020399
1 0.937713 0.813209 0.043720 0.031732
0 0.899103 0.957891 0.010788 0.015866
0 0.913014 0.912182 0.012491 0.016621
1 0.753180 0.932959 0.027822 0.046087
0 0.573473 0.862318 0.011356 0.015110
0 0.093402 0.933715 0.024415 0.023421
2 0.388144 0.270087 0.029525 0.023572
2 0.384965 0.140742 0.019532 0.036869
2 0.408131 0.116263 0.021349 0.021759
2 0.424710 0.138022 0.022712 0.022968
2 0.442653 0.078487 0.017715 0.021155
2 0.475131 0.038595 0.019986 0.022363
2 0.506019 0.043128 0.019078 0.033847
2 0.522825 0.044942 0.020895 0.024177
2 0.523507 0.026507 0.019532 0.028408
2 0.563479 0.016232 0.017715 0.023572
2 0.503293 0.092993 0.022712 0.025990
2 0.527141 0.100548 0.019532 0.035056
2 0.531910 0.170056 0.022712 0.019341
2 0.595957 0.223849 0.030888 0.036265
2 0.592323 0.186073 0.015444 0.025990
2 0.617988 0.094202 0.022258 0.034452
2 0.608222 0.059750 0.019986 0.029616
2 0.608676 0.028622 0.026346 0.031430
2 0.588008 0.107197 0.019532 0.027803
2 0.524869 0.144368 0.026800 0.032034
2 0.511697 0.167638 0.014990 0.021759
1 0.691347 0.160385 0.029980 0.039892
1 0.738814 0.188793 0.029525 0.037474
1 0.612764 0.399130 0.021803 0.022968
1 0.581649 0.474077 0.018624 0.021759
1 0.788553 0.654798 0.034522 0.032639
1 0.882807 0.472869 0.019532 0.021759
0 0.770611 0.344128 0.009539 0.012088
1 0.521463 0.318440 0.032705 0.039287
1 0.400863 0.293961 0.024074 0.037474
1 0.450602 0.240773 0.030888 0.024177
1 0.424256 0.173078 0.031797 0.030221
2 0.472859 0.130164 0.023620 0.020550
1 0.393141 0.110521 0.028617 0.032034
1 0.514195 0.115658 0.020895 0.026594
2 0.487168 0.279758 0.017715 0.022363
1 0.342948 0.374047 0.015444 0.029616
1 0.362026 0.558091 0.018169 0.027803
1 0.135816 0.993009 0.024529 0.013982
2 0.859932 0.196551 0.021605 0.019527
1 0.888875 0.193296 0.028943 0.024952
1 0.963475 0.223943 0.023236 0.030918
1 0.993641 0.209569 0.012637 0.033630
2 0.973666 0.082641 0.019159 0.029291