2 0.931081 0.681381 0.081081 0.166266
2 0.358784 0.625959 0.058108 0.125959
2 0.281081 0.686420 0.064865 0.125959
1 0.689189 0.837571 0.124324 0.176343
1 0.548649 0.117743 0.091892 0.235485
1 0.658108 0.043427 0.094595 0.086854
1 0.221622 0.258158 0.100000 0.196496
1 0.110811 0.259418 0.083784 0.178862
1 0.137162 0.546605 0.122973 0.204054
1 0.246622 0.586912 0.144595 0.214131
1 0.377027 0.459693 0.100000 0.181381
1 0.431757 0.589431 0.090541 0.193977
1 0.503378 0.410569 0.085135 0.183901
2 0.458784 0.756957 0.087838 0.196496
1 0.383108 0.799783 0.058108 0.110844
1 0.306757 0.885435 0.121622 0.196496
1 0.700000 0.230447 0.140541 0.317417
1 0.379730 0.164948 0.127027 0.191458
1 0.335135 0.306023 0.100000 0.181381
1 0.187838 0.040908 0.110811 0.081815