0 0.071951 0.030151 0.022934 0.023192
0 0.140753 0.079264 0.018887 0.031378
0 0.219674 0.010642 0.018887 0.021283
0 0.240585 0.020601 0.020236 0.036835
0 0.095559 0.071761 0.009444 0.027285
0 0.273637 0.157026 0.016189 0.020464
0 0.305677 0.152251 0.020911 0.040927
0 0.348173 0.039701 0.012816 0.028649
0 0.051040 0.254570 0.016189 0.032742
0 0.036200 0.343246 0.014840 0.032742
0 0.060483 0.384174 0.016189 0.027285
1 0.017763 0.093589 0.035526 0.054570
1 0.140079 0.189768 0.041821 0.085948
0 0.144126 0.249113 0.010793 0.021828
1 0.171445 0.196589 0.042496 0.088676
1 0.128612 0.266166 0.043170 0.064120
1 0.106689 0.285948 0.037099 0.084583
1 0.077347 0.281173 0.044519 0.045020
1 0.096571 0.333696 0.041147 0.054570
1 0.086228 0.380081 0.046543 0.043656
1 0.047780 0.482400 0.034401 0.079126
0 0.114221 0.438744 0.009444 0.019099
0 0.069327 0.475243 0.015566 0.021863
0 0.080570 0.525966 0.010377 0.021863
0 0.144348 0.408780 0.010810 0.020114
0 0.149537 0.436765 0.010810 0.021863
1 0.152996 0.472620 0.014269 0.041102
0 0.181966 0.497544 0.007351 0.019239
0 0.203730 0.430060 0.009080 0.016616
0 0.202649 0.413881 0.009513 0.017490
0 0.153356 0.675071 0.011242 0.027985
0 0.124674 0.775641 0.009513 0.026236
0 0.028250 0.660641 0.012972 0.016616
0 0.084029 0.584558 0.011242 0.018365
1 0.074516 0.607733 0.027673 0.064714
1 0.092244 0.627410 0.025079 0.051597
1 0.083596 0.647524 0.030268 0.058593
1 0.163806 0.624349 0.047131 0.048973
0 0.211153 0.591554 0.008648 0.025361
0 0.218936 0.575376 0.018161 0.020988
1 0.233854 0.616041 0.036754 0.079581
1 0.222611 0.685128 0.043672 0.039353
1 0.193857 0.740223 0.035456 0.042851
1 0.173102 0.670261 0.020755 0.044600
1 0.211153 0.894575 0.044969 0.085703
1 0.284660 0.882769 0.038051 0.077832
0 0.097217 0.870963 0.015134 0.024487
0 0.073003 0.922997 0.011675 0.025361
0 0.045762 0.912066 0.009080 0.015741
0 0.048140 0.927370 0.009513 0.014867
0 0.023710 0.899822 0.013404 0.019239
1 0.159049 0.890640 0.022052 0.032357
1 0.396867 0.882769 0.033294 0.051597
1 0.494155 0.964778 0.025511 0.070444
0 0.496750 0.921685 0.013404 0.031483
0 0.465329 0.964537 0.011675 0.022737
0 0.456033 0.807998 0.012972 0.031483
0 0.488895 0.824177 0.014701 0.021863
0 0.493002 0.746782 0.010810 0.027985
0 0.556781 0.770394 0.019025 0.029734
0 0.366599 0.830735 0.006486 0.013992
1 0.354708 0.840355 0.027673 0.034981
1 0.346709 0.701161 0.028106 0.049848
1 0.307289 0.597093 0.019890 0.042851
0 0.300370 0.677986 0.013837 0.027985
0 0.306424 0.614583 0.012972 0.030608
0 0.323936 0.587036 0.017728 0.020988
0 0.456321 0.571878 0.016431 0.027985
1 0.526369 0.646649 0.042375 0.076083
1 0.554691 0.609919 0.043672 0.069087
1 0.607227 0.650584 0.032862 0.036730
1 0.630576 0.631345 0.036321 0.076958
1 0.623658 0.667638 0.032862 0.067338
1 0.635765 0.730166 0.039780 0.061216
1 0.686571 0.704805 0.043672 0.062965
0 0.669059 0.826363 0.014701 0.019239
0 0.631225 0.800127 0.015134 0.022737
0 0.679437 0.966723 0.014701 0.023612
0 0.686355 0.935678 0.012972 0.020988
0 0.697165 0.925183 0.010377 0.017490
0 0.711866 0.930868 0.011242 0.027110
0 0.727865 0.906819 0.016431 0.029734
1 0.705380 0.854347 0.048428 0.099695
1 0.674032 0.877085 0.050590 0.076958
1 0.661060 0.930431 0.054914 0.069962
1 0.804111 0.871838 0.062265 0.078707
1 0.867673 0.839043 0.058806 0.091824
0 0.833297 0.933929 0.009945 0.022737
1 0.851458 0.948795 0.048861 0.085703
1 0.898084 0.750280 0.057076 0.097946
1 0.964673 0.779576 0.036321 0.072585
1 0.986012 0.917313 0.027976 0.061216
1 0.980175 0.983143 0.039650 0.033714
0 0.969646 0.888454 0.010810 0.020988
1 0.979375 0.617790 0.024214 0.072585
1 0.975916 0.691250 0.041510 0.083079
0 0.988455 0.507601 0.012107 0.025361
0 0.991698 0.673322 0.009080 0.020988
1 0.964457 0.562258 0.041942 0.076958
1 0.919920 0.641402 0.017728 0.055095
0 0.856575 0.518532 0.009513 0.019239
0 0.844684 0.518095 0.005621 0.014867
0 0.850737 0.528589 0.009080 0.020114
1 0.814848 0.692561 0.034159 0.061216
1 0.800363 0.655103 0.036321 0.055678
1 0.850521 0.218281 0.031132 0.061216
2 0.289337 0.034383 0.036006 0.068766
0 0.235936 0.812651 0.005469 0.009218
0 0.241405 0.816799 0.009115 0.019358
0 0.338787 0.238222 0.009115 0.021201
0 0.352460 0.222091 0.015496 0.031341
1 0.327849 0.230387 0.030081 0.051620
0 0.288653 0.273250 0.012761 0.011983
0 0.309162 0.316113 0.005469 0.009218
1 0.298224 0.277398 0.049223 0.053464
1 0.302782 0.407831 0.028258 0.059916
0 0.281361 0.377873 0.013673 0.018436
0 0.299136 0.361742 0.010027 0.021201
0 0.338332 0.394005 0.015496 0.023045
0 0.403203 0.184297 0.015496 0.027654
0 0.448551 0.225778 0.013217 0.027654
0 0.450830 0.277398 0.015952 0.020279
0 0.459490 0.273250 0.013217 0.026732
1 0.389985 0.480653 0.040108 0.083883
1 0.411634 0.423041 0.032360 0.079274
1 0.455616 0.378334 0.056515 0.078352
0 0.521474 0.959216 0.010483 0.029497
0 0.529906 0.898377 0.014585 0.022123
0 0.523981 0.926953 0.018231 0.022123
0 0.549048 0.891464 0.010027 0.017514
0 0.532185 0.874411 0.010027 0.022123
0 0.549732 0.849062 0.015040 0.019358
0 0.566595 0.883629 0.016863 0.029497
0 0.572292 0.874411 0.018231 0.025810
0 0.592346 0.895612 0.010938 0.016592
0 0.541300 0.922344 0.010027 0.023967
0 0.550416 0.934327 0.014585 0.020279
0 0.572976 0.963364 0.009571 0.019358
0 0.563405 0.986869 0.013217 0.022123
1 0.563405 0.915543 0.090698 0.168913
1 0.423771 0.072761 0.036850 0.053054
1 0.455000 0.046865 0.029355 0.051791
1 0.437824 0.025643 0.039973 0.051286
0 0.489663 0.041181 0.016239 0.037896
0 0.494011 0.211722 0.009945 0.016616
1 0.502011 0.126456 0.053617 0.071711
1 0.596273 0.167996 0.033727 0.081330
1 0.552601 0.349021 0.018161 0.030608
1 0.568599 0.358641 0.020755 0.046350
1 0.604704 0.291740 0.041942 0.068212
1 0.689454 0.188547 0.047996 0.094448
0 0.668050 0.297425 0.014701 0.020114
0 0.671942 0.314915 0.009513 0.020114
0 0.680806 0.326284 0.011675 0.018365
0 0.654430 0.567505 0.012539 0.026236
0 0.689238 0.403533 0.014701 0.030608
0 0.532494 0.096431 0.016863 0.022737
0 0.653997 0.221924 0.018593 0.027110
0 0.558654 0.284890 0.021620 0.025361
0 0.818091 0.018453 0.012972 0.021863
0 0.869546 0.040753 0.024214 0.020988
1 0.971592 0.021805 0.025079 0.036730
1 0.957755 0.116691 0.040645 0.097072
1 0.994876 0.040170 0.010248 0.047224
1 0.991633 0.327158 0.016734 0.063840
1 0.964025 0.419857 0.041942 0.065589
1 0.995309 0.407614 0.009382 0.053346
0 0.960998 0.373070 0.009945 0.022737
0 0.853980 0.330656 0.023349 0.028859
0 0.888788 0.417671 0.015999 0.019239
0 0.903273 0.418108 0.012972 0.025361
1 0.841657 0.421023 0.041942 0.081330
1 0.938297 0.390852 0.025079 0.054220
1 0.909759 0.348875 0.066589 0.124182
1 0.833441 0.056057 0.045401 0.055095
1 0.795607 0.100658 0.038916 0.060342
1 0.163806 0.015130 0.026376 0.030259
0 0.719217 0.530338 0.012972 0.020114
0 0.771969 0.529901 0.011242 0.013992
0 0.777807 0.483551 0.015999 0.027985
0 0.787103 0.444635 0.010377 0.023612
0 0.728514 0.556136 0.011675 0.024487
0 0.732405 0.570129 0.011675 0.024487
0 0.770024 0.561384 0.015999 0.020988
1 0.728730 0.469122 0.046699 0.067338
1 0.791427 0.484426 0.038051 0.125931
1 0.784509 0.621288 0.043240 0.067338
1 0.764186 0.580186 0.041510 0.065589
1 0.760511 0.520718 0.057509 0.102319
1 0.731540 0.525528 0.089506 0.075209
1 0.717046 0.280572 0.035835 0.089529
1 0.762718 0.021743 0.034429 0.043486
0 0.727586 0.029986 0.018971 0.024159
0 0.778311 0.234022 0.012972 0.027985
0 0.825442 0.209973 0.005189 0.023612
0 0.934149 0.562038 0.011242 0.032843