2 0.633783 0.076088 0.042159 0.123839
2 0.893969 0.198122 0.051215 0.091733
2 0.917078 0.312788 0.041222 0.116430
2 0.985083 0.103743 0.029834 0.107610
2 0.873046 0.418928 0.030604 0.082912
2 0.674328 0.401287 0.046218 0.139363
2 0.438032 0.452445 0.043720 0.139363
2 0.481752 0.505368 0.038723 0.118194
2 0.448025 0.260159 0.046218 0.097025
2 0.088585 0.435686 0.059334 0.077620
2 0.044240 0.515953 0.043095 0.139363
2 0.075781 0.696772 0.051215 0.063507
2 0.088897 0.737346 0.044969 0.052923
2 0.269398 0.877298 0.071201 0.109374
2 0.331855 0.445683 0.053713 0.091733
2 0.829638 0.878768 0.052464 0.146420
2 0.910520 0.712061 0.071826 0.134071
2 0.867112 0.033201 0.042471 0.066402
2 0.290946 0.287797 0.053089 0.135835
1 0.052048 0.045550 0.051215 0.091100
1 0.076094 0.279858 0.056836 0.130543
1 0.138551 0.077870 0.053089 0.121722
1 0.181334 0.037612 0.051215 0.075223
1 0.247226 0.056135 0.055587 0.112269
1 0.209752 0.136967 0.051839 0.127015
1 0.169779 0.213705 0.051839 0.157004
1 0.178835 0.510954 0.057460 0.119958
1 0.099827 0.645026 0.051839 0.098789
1 0.079529 0.557703 0.053713 0.174645
1 0.122936 0.555057 0.045594 0.088205
1 0.081090 0.832313 0.074324 0.111138
0 0.070160 0.868477 0.011242 0.035282
0 0.366415 0.593867 0.011242 0.038810
0 0.259613 0.159606 0.012491 0.026461
1 0.366207 0.806734 0.064955 0.144656
1 0.286262 0.972559 0.054962 0.052923
1 0.455208 0.604745 0.058085 0.118194
1 0.470510 0.642673 0.046218 0.169353
1 0.650594 0.243694 0.052464 0.135835
1 0.645598 0.331017 0.066204 0.112902
1 0.471343 0.319550 0.081194 0.125251
1 0.542544 0.485375 0.061208 0.132307
1 0.499761 0.479201 0.045594 0.112902
1 0.598443 0.625620 0.036850 0.144656
1 0.751775 0.367181 0.053713 0.093497
1 0.705557 0.127264 0.063706 0.142892
1 0.817042 0.030555 0.036850 0.061110
1 0.825474 0.095510 0.044969 0.128779
1 0.863573 0.088454 0.041222 0.068800
1 0.899173 0.100803 0.044969 0.097025
1 0.887931 0.283386 0.029979 0.088205
1 0.951284 0.343429 0.038224 0.092086
1 0.981357 0.318026 0.030916 0.114313
1 0.994473 0.213239 0.011054 0.076209
1 0.963088 0.576818 0.037099 0.130190
1 0.769269 0.968331 0.078365 0.063337
1 0.742982 0.924055 0.035711 0.086856