1 0.221443 0.461502 0.074148 0.130098
1 0.437876 0.541153 0.094188 0.135408
1 0.241483 0.639390 0.090180 0.114167
1 0.617234 0.770816 0.080160 0.106202
1 0.757515 0.440261 0.088176 0.119478
1 0.588793 0.103992 0.117003 0.169115
1 0.170341 0.851293 0.078619 0.095990
1 0.295073 0.831142 0.089835 0.118104
1 0.076705 0.430137 0.078778 0.081483
1 0.108493 0.320273 0.070486 0.127260
1 0.579435 0.270834 0.108493 0.145570
1 0.640246 0.460350 0.084998 0.107118
1 0.580126 0.399467 0.102965 0.144655
1 0.902840 0.592645 0.093290 0.117189
1 0.907332 0.820614 0.080160 0.100709
1 0.823025 0.732264 0.102274 0.152895
1 0.844793 0.245657 0.075323 0.109864
1 0.349762 0.759031 0.088302 0.103713
1 0.446205 0.859840 0.127129 0.162622
0 0.512588 0.881827 0.016909 0.017424
0 0.477518 0.701781 0.015656 0.020743
0 0.440256 0.807568 0.016283 0.018254
0 0.388903 0.300204 0.018788 0.019083
0 0.283066 0.038017 0.016283 0.020743
0 0.009394 0.672741 0.015030 0.022402
0 0.816946 0.464071 0.013151 0.018254
0 0.904935 0.454944 0.015030 0.019913
0 0.799098 0.560316 0.015030 0.016594
0 0.850451 0.640383 0.013778 0.019083
1 0.056363 0.843661 0.102705 0.188343
1 0.096994 0.106011 0.129860 0.151869
1 0.317301 0.719432 0.075150 0.110627
1 0.932735 0.357070 0.072319 0.108511