2 0.270353 0.082860 0.050218 0.071023
2 0.316087 0.133365 0.048425 0.074179
1 0.247934 0.134943 0.073534 0.071023
1 0.686445 0.310133 0.125545 0.080492
1 0.822154 0.424558 0.082501 0.142045
1 0.750414 0.494003 0.060979 0.075758
1 0.876258 0.880682 0.145274 0.116793
2 0.740848 0.722064 0.071740 0.083649
2 0.435953 0.932765 0.096849 0.075758
2 0.329239 0.918561 0.087882 0.072601
2 0.238667 0.928819 0.111197 0.058396
2 0.219537 0.375368 0.082501 0.074179
2 0.206085 0.230955 0.098643 0.066288
2 0.164675 0.166509 0.055919 0.054188
2 0.703783 0.369318 0.082501 0.066288
2 0.732479 0.413510 0.082501 0.082071
2 0.119758 0.210820 0.044348 0.048209