1 0.026224 0.080016 0.031164 0.053354
1 0.057768 0.342517 0.062329 0.066159
1 0.104515 0.310505 0.117817 0.078964
1 0.112496 0.258751 0.051687 0.060823
1 0.251216 0.339316 0.044846 0.074695
2 0.291502 0.414545 0.057008 0.075762
2 0.313165 0.466831 0.051687 0.056555
1 0.188127 0.504713 0.070690 0.091769
1 0.060429 0.544728 0.055488 0.088567
1 0.045607 0.642899 0.057768 0.088567
1 0.095394 0.641832 0.049407 0.060823
1 0.137200 0.724530 0.037245 0.057622
1 0.054348 0.865385 0.038766 0.081098
1 0.082852 0.857915 0.034965 0.036281
1 0.096534 0.926742 0.044086 0.088567
1 0.200289 0.972174 0.037245 0.055652
1 0.240575 0.896330 0.038766 0.055488
1 0.287701 0.970492 0.041806 0.048018
2 0.132259 0.951284 0.024324 0.041616
1 0.331408 0.699988 0.050167 0.096037
1 0.392216 0.744271 0.062329 0.112043
1 0.456446 0.968358 0.046367 0.060823
1 0.402478 0.973159 0.052448 0.046951
1 0.515354 0.681314 0.038005 0.058689
1 0.407039 0.589545 0.064609 0.073628
1 0.420341 0.641299 0.031925 0.076830
1 0.616221 0.939598 0.076923 0.073948
2 0.709030 0.853309 0.050167 0.082165
1 0.806856 0.441311 0.071906 0.065732
2 0.888796 0.271112 0.041806 0.044604
2 0.965719 0.473003 0.031773 0.063384
2 0.738294 0.646723 0.031773 0.058689
2 0.659451 0.139648 0.035613 0.053994
2 0.429766 0.030502 0.060201 0.061004
1 0.453177 0.441311 0.043478 0.084512
2 0.484950 0.438963 0.023411 0.070427
1 0.710702 0.564558 0.066890 0.068079
1 0.674749 0.707760 0.048495 0.086860
1 0.829431 0.679589 0.070234 0.096250
1 0.959866 0.559863 0.063545 0.096250
1 0.871237 0.133779 0.050167 0.070427
1 0.776756 0.302804 0.051839 0.056342
1 0.489130 0.043414 0.055184 0.086828
1 0.846959 0.891630 0.079896 0.049560
1 0.841695 0.952927 0.063174 0.057385
1 0.776044 0.872501 0.043354 0.059993
1 0.807630 0.838157 0.048309 0.088686
0 0.789669 0.872501 0.023535 0.030431
0 0.843862 0.758601 0.027871 0.033909
0 0.812585 0.099977 0.021058 0.034779
0 0.523969 0.033463 0.013626 0.021737
1 0.556794 0.125626 0.050787 0.068688
1 0.617181 0.136060 0.045212 0.080861
1 0.622755 0.253873 0.058838 0.071297
1 0.624613 0.387337 0.050167 0.082600
2 0.591168 0.506020 0.048929 0.059124
2 0.439118 0.194315 0.034684 0.046082
1 0.471944 0.175621 0.049548 0.067819
1 0.520253 0.315171 0.059457 0.073905
1 0.522730 0.241701 0.061935 0.081730
1 0.463892 0.312563 0.000000 0.000869
0 0.482163 0.697738 0.014245 0.021737
0 0.494240 0.637310 0.011148 0.019128
0 0.635761 0.618616 0.010529 0.014781
0 0.191998 0.877283 0.012387 0.019128
2 0.221727 0.608182 0.019819 0.030431
1 0.229097 0.038719 0.056856 0.077438
1 0.187291 0.019938 0.066890 0.039876
1 0.974080 0.187773 0.051839 0.056342
1 0.969630 0.029524 0.044773 0.056039
0 0.911050 0.962942 0.014793 0.020767