2 0.635648 0.624512 0.050372 0.051522
2 0.581013 0.585090 0.060447 0.072600
2 0.357826 0.846604 0.069746 0.078845
2 0.105354 0.215574 0.058587 0.057377
2 0.783263 0.958033 0.087880 0.059016
1 0.871794 0.911148 0.090484 0.095082
1 0.671623 0.496066 0.085927 0.076721
1 0.543126 0.054098 0.110664 0.088525
1 0.132483 0.791518 0.055898 0.113329
1 0.340862 0.632929 0.083493 0.059872
2 0.862098 0.427049 0.074861 0.057377
2 0.146660 0.398770 0.070792 0.069672
2 0.028266 0.147541 0.056532 0.062295
1 0.377944 0.259016 0.079743 0.068852
1 0.378758 0.320492 0.048822 0.060656