0 0.482579 0.428378 0.021291 0.018665
0 0.475619 0.447592 0.013921 0.021959
0 0.430579 0.422339 0.027024 0.024155
0 0.435492 0.478334 0.030299 0.028546
0 0.367933 0.554641 0.016378 0.012077
0 0.366295 0.576599 0.022929 0.027448
0 0.400280 0.612282 0.020473 0.024155
0 0.442453 0.612282 0.014740 0.015371
0 0.454737 0.646867 0.008189 0.009881
0 0.467839 0.662238 0.019654 0.023057
0 0.462926 0.639731 0.011465 0.015371
0 0.035400 0.073491 0.017386 0.018778
0 0.072345 0.064103 0.014005 0.027195
0 0.083452 0.053419 0.011108 0.021368
0 0.093836 0.053419 0.008693 0.021368
0 0.088765 0.076405 0.014971 0.022015
0 0.144062 0.005828 0.039601 0.011655
0 0.156135 0.036584 0.011591 0.020073
0 0.157101 0.057628 0.017386 0.019425
0 0.175694 0.033670 0.019801 0.023310
0 0.191390 0.011331 0.012557 0.014893
0 0.099631 0.155400 0.010625 0.018130
0 0.116775 0.161228 0.019801 0.022015
0 0.086592 0.232453 0.017386 0.029785
0 0.161448 0.199430 0.014488 0.024605
0 0.109531 0.242813 0.015937 0.016835
1 0.106151 0.161228 0.047811 0.084175
1 0.135852 0.096478 0.040567 0.078995
1 0.099631 0.091621 0.056987 0.052448
1 0.058822 0.065721 0.049743 0.084823
1 0.099148 0.020396 0.028977 0.040792
1 0.069689 0.012303 0.047328 0.024605
1 0.121122 0.015540 0.042982 0.031080
1 0.165794 0.078024 0.059885 0.095183
1 0.205154 0.051476 0.042982 0.102952
1 0.278803 0.027519 0.079203 0.055038
1 0.319128 0.040469 0.056504 0.056333
1 0.371528 0.045973 0.078237 0.071225
1 0.369354 0.076405 0.059402 0.062160
1 0.338929 0.093888 0.051675 0.060865
1 0.405817 0.119788 0.065680 0.076405
0 0.290554 0.192308 0.014488 0.019425
0 0.298764 0.112557 0.017386 0.030433
0 0.324924 0.079858 0.014971 0.022015
0 0.340861 0.109320 0.017869 0.016188
0 0.443245 0.159825 0.016903 0.025253
0 0.526794 0.018993 0.015937 0.023310
0 0.541523 0.064966 0.017386 0.024605
0 0.549089 0.100147 0.021571 0.018993
0 0.576778 0.063995 0.014488 0.020073
0 0.599879 0.152055 0.024630 0.030433
0 0.631270 0.068851 0.019801 0.019425
0 0.506752 0.225870 0.015454 0.025253
0 0.472946 0.300332 0.019318 0.027843
0 0.514237 0.348247 0.016903 0.022663
0 0.551907 0.325261 0.020767 0.016835
0 0.563256 0.255007 0.014488 0.020073
0 0.588852 0.275727 0.013522 0.023958
0 0.661696 0.334974 0.018835 0.025900
0 0.576939 0.376090 0.013522 0.022663
0 0.585149 0.387097 0.015454 0.018778
0 0.693328 0.232669 0.011591 0.025900
0 0.693811 0.088384 0.011591 0.034318
0 0.734861 0.012626 0.014488 0.022663
0 0.717958 0.107485 0.015454 0.015540
0 0.699607 0.112018 0.015454 0.019425
0 0.707575 0.128529 0.011108 0.018778
1 0.721339 0.102629 0.070510 0.082233
1 0.787502 0.062160 0.059885 0.082880
1 0.805612 0.011008 0.094174 0.022015
1 0.848353 0.042735 0.069544 0.085470
0 0.906789 0.056009 0.018352 0.020073
0 0.920070 0.046620 0.012074 0.018130
0 0.887713 0.126910 0.020767 0.028490
0 0.917655 0.122378 0.017869 0.029785
1 0.895198 0.125939 0.074373 0.109428
1 0.963213 0.134033 0.070993 0.082880
1 0.957176 0.053743 0.054090 0.107485
1 0.912021 0.031728 0.060368 0.063455
1 0.989213 0.246698 0.021574 0.089355
1 0.963937 0.319110 0.069544 0.073168
1 0.975769 0.404580 0.046845 0.097773
1 0.894152 0.351161 0.067129 0.068635
1 0.911055 0.401990 0.072924 0.078348
0 0.930856 0.376737 0.012074 0.026548
0 0.893186 0.307455 0.016903 0.025253
0 0.916850 0.327851 0.012074 0.022015
0 0.851653 0.498468 0.015937 0.020073
0 0.851894 0.478071 0.031874 0.024605
0 0.865900 0.508828 0.014488 0.018778
0 0.933753 0.553505 0.014005 0.021368
0 0.918701 0.562894 0.016420 0.024605
0 0.895279 0.581024 0.015937 0.025900
0 0.878859 0.600773 0.016903 0.018778
0 0.867027 0.613075 0.011591 0.020073
0 0.870166 0.624730 0.016903 0.020073
0 0.883205 0.626996 0.012074 0.019425
0 0.890691 0.649335 0.014488 0.016188
0 0.899867 0.638004 0.017386 0.022015
0 0.903247 0.659372 0.010625 0.014245
0 0.932948 0.664875 0.017869 0.026548
0 0.940047 0.684948 0.012365 0.020073
0 0.827264 0.661638 0.016420 0.023958
0 0.838614 0.669732 0.014005 0.019425
0 0.839579 0.648364 0.012074 0.025900
0 0.869280 0.684948 0.011591 0.022663
0 0.705563 0.734805 0.018352 0.026548
0 0.720776 0.698653 0.015937 0.029785
0 0.743474 0.727791 0.021732 0.025900
0 0.860587 0.743978 0.017386 0.029785
0 0.916126 0.724877 0.018352 0.029138
0 0.923611 0.907148 0.027528 0.019425
0 0.545145 0.716783 0.011108 0.016835
0 0.555046 0.742036 0.013522 0.015540
0 0.507234 0.904882 0.016420 0.026548
0 0.558668 0.877687 0.014971 0.018778
0 0.568085 0.890961 0.012557 0.020720
0 0.544421 0.753583 0.015454 0.018778
0 0.521723 0.988647 0.020284 0.022706
0 0.315345 0.949128 0.020284 0.021368
0 0.306894 0.976647 0.015937 0.019425
0 0.402275 0.989597 0.013522 0.014245
0 0.249424 0.854593 0.012074 0.018778
0 0.270432 0.851679 0.013522 0.018130
0 0.305686 0.849089 0.018352 0.023310
0 0.336112 0.836139 0.017386 0.023310
0 0.324521 0.873694 0.013522 0.025900
0 0.174809 0.856859 0.015454 0.023310
0 0.215859 0.798584 0.016420 0.023310
0 0.226484 0.813153 0.015454 0.022663
0 0.226967 0.836463 0.013522 0.020073
0 0.244353 0.829664 0.013522 0.018130
0 0.295062 0.818657 0.016420 0.020720
0 0.129171 0.841967 0.014971 0.020720
0 0.134725 0.826427 0.018352 0.028490
0 0.246526 0.770094 0.014971 0.023310
0 0.116534 0.739014 0.011591 0.018130
0 0.136093 0.740309 0.014971 0.018130
0 0.037331 0.660019 0.017386 0.019425
0 0.045300 0.651278 0.014971 0.013598
0 0.038539 0.633795 0.019801 0.023958
0 0.185756 0.660019 0.015454 0.025900
0 0.017767 0.725870 0.018835 0.028620
0 0.427319 0.874860 0.017579 0.030303
0 0.522850 0.646529 0.009659 0.017483
0 0.532508 0.650414 0.007727 0.016188
0 0.539270 0.649767 0.007727 0.016188
0 0.194932 0.697574 0.013522 0.018130
0 0.146879 0.784339 0.019801 0.023310
0 0.099551 0.554908 0.015937 0.022015
0 0.095446 0.531922 0.022215 0.027843
0 0.188734 0.519943 0.024630 0.024605
0 0.181248 0.629371 0.019318 0.029785
0 0.302708 0.508612 0.021732 0.023958
0 0.031478 0.428132 0.020134 0.022640
0 0.010381 0.345408 0.020762 0.024382
0 0.014916 0.363694 0.010392 0.022640
0 0.007783 0.379804 0.015566 0.014803
0 0.004211 0.362824 0.008422 0.020899
0 0.118507 0.280100 0.016237 0.029606
0 0.170141 0.317108 0.014288 0.018286
0 0.101946 0.345843 0.022082 0.032219
0 0.062869 0.323058 0.012340 0.033090
0 0.265830 0.286050 0.015587 0.023511
0 0.236928 0.368774 0.020134 0.026994
0 0.153796 0.417407 0.020134 0.016805
0 0.172955 0.421456 0.018185 0.024382
0 0.327530 0.289533 0.018185 0.025253
0 0.305448 0.313044 0.015587 0.025253
0 0.322009 0.318269 0.016237 0.033960
0 0.332726 0.345698 0.009093 0.020899
0 0.317138 0.343521 0.014288 0.023511
0 0.294731 0.348311 0.013639 0.017416
0 0.299278 0.340038 0.020134 0.025253
0 0.282716 0.424068 0.027278 0.017416
0 0.289536 0.442790 0.016237 0.021769
0 0.278819 0.458899 0.019484 0.026123
1 0.596740 0.019425 0.054090 0.038850
1 0.575490 0.034965 0.035738 0.062160
1 0.554724 0.040469 0.054090 0.079643
1 0.500151 0.043706 0.070510 0.083528
1 0.527679 0.102629 0.090793 0.097773
1 0.472865 0.136299 0.068095 0.075758
1 0.483007 0.237633 0.070027 0.076405
1 0.436644 0.302383 0.077754 0.086765
1 0.491941 0.341880 0.052158 0.067340
1 0.505222 0.403717 0.051675 0.109428
1 0.549653 0.381054 0.083549 0.080938
1 0.572754 0.316628 0.073407 0.069930
1 0.621289 0.304002 0.027528 0.058923
1 0.608250 0.303678 0.056504 0.086765
1 0.646885 0.265475 0.083549 0.072520
1 0.653244 0.336700 0.075339 0.077700
1 0.646966 0.416990 0.056987 0.076405
1 0.607606 0.399832 0.058436 0.071873
1 0.645034 0.495662 0.080168 0.088708
1 0.575007 0.530951 0.069544 0.088060
1 0.539511 0.606061 0.059402 0.066045
1 0.614850 0.589873 0.083549 0.085470
1 0.721983 0.583074 0.076305 0.074463
1 0.609216 0.703509 0.089344 0.071873
1 0.582976 0.669192 0.059402 0.069283
1 0.490975 0.760490 0.054090 0.052448
1 0.523333 0.736856 0.094657 0.062160
1 0.497254 0.676638 0.067612 0.091945
1 0.445820 0.604766 0.065197 0.088060
1 0.399216 0.614154 0.063748 0.099068
1 0.358166 0.685056 0.074373 0.085470
1 0.544824 0.816390 0.057470 0.092593
1 0.592393 0.812182 0.057953 0.115255
1 0.625475 0.902832 0.053607 0.071225
1 0.511259 0.840348 0.061817 0.062808
1 0.542409 0.897004 0.073890 0.094535
1 0.572110 0.938768 0.075339 0.088708
1 0.510293 0.961431 0.094657 0.066693
1 0.375552 0.886644 0.074373 0.063455
1 0.436886 0.964344 0.092725 0.069930
1 0.325326 0.951610 0.054090 0.071225
1 0.293693 0.861931 0.058436 0.090003
1 0.268822 0.778404 0.096588 0.061513
1 0.237672 0.927005 0.083549 0.133385
1 0.198554 0.842506 0.078720 0.062808
1 0.118627 0.939092 0.083066 0.107485
1 0.103656 0.706531 0.070510 0.079643
1 0.074518 0.651817 0.065680 0.069930
1 0.028325 0.786821 0.056649 0.099068
1 0.152674 0.771929 0.114457 0.131443
1 0.234774 0.716675 0.087413 0.102953
1 0.232360 0.633687 0.092242 0.068635
1 0.284276 0.601312 0.056021 0.129500
1 0.218113 0.553397 0.070510 0.139860
1 0.315184 0.417098 0.061817 0.067988
1 0.300213 0.472783 0.062783 0.070578
1 0.401390 0.371450 0.118321 0.085470
1 0.358166 0.313822 0.047328 0.113960
1 0.346334 0.246158 0.080651 0.078348
1 0.306733 0.338751 0.086447 0.109428
1 0.337158 0.177523 0.131843 0.056333
1 0.242743 0.217992 0.069544 0.075110
1 0.267615 0.274001 0.042982 0.079643
1 0.238155 0.342312 0.073890 0.108780
1 0.205556 0.299577 0.041533 0.040145
1 0.161126 0.255547 0.064714 0.075110
1 0.204349 0.390227 0.070027 0.098420
1 0.125951 0.373068 0.074856 0.101658
1 0.106392 0.305189 0.080168 0.082880
1 0.040712 0.291915 0.072441 0.122378
1 0.071379 0.383212 0.073890 0.134033
1 0.024461 0.410947 0.048922 0.121730
1 0.139474 0.464690 0.068095 0.060865
1 0.053510 0.472136 0.059402 0.071873
1 0.023495 0.508396 0.046990 0.083528
1 0.033468 0.568290 0.066646 0.071225
1 0.065342 0.539800 0.059885 0.078995
1 0.711509 0.189745 0.058074 0.071549
1 0.660106 0.231832 0.077693 0.107323
1 0.794565 0.226571 0.070369 0.092593
0 0.732437 0.219732 0.025113 0.028409
0 0.814446 0.189745 0.022759 0.031566
0 0.830142 0.188166 0.016480 0.030513
0 0.844268 0.242529 0.018050 0.018589
0 0.833673 0.267957 0.014126 0.021044
0 0.786587 0.354763 0.025113 0.024200
1 0.864672 0.202722 0.065137 0.054714
1 0.878406 0.264801 0.078478 0.069444
1 0.839952 0.312675 0.062783 0.076810
1 0.798358 0.337928 0.043948 0.081019
1 0.741069 0.266905 0.043948 0.086279
1 0.777954 0.284266 0.043948 0.078914
1 0.759904 0.333719 0.084756 0.135732
1 0.899987 0.481026 0.068276 0.081019
1 0.966040 0.547840 0.037670 0.061027
1 0.972033 0.758803 0.055934 0.106271
1 0.940142 0.609919 0.059643 0.115741
1 0.899726 0.548366 0.071415 0.097854
1 0.849892 0.568357 0.061213 0.087332
1 0.814969 0.603606 0.061998 0.086279
1 0.814636 0.889789 0.061051 0.107106
1 0.934464 0.860182 0.062999 0.101881
1 0.977136 0.858876 0.045727 0.151515
1 0.871140 0.864101 0.067545 0.097527
1 0.889650 0.943341 0.059102 0.073145
1 0.845161 0.932021 0.067545 0.074887
1 0.880233 0.973848 0.057154 0.052304
1 0.816259 0.969929 0.127946 0.060142
1 0.714617 0.963805 0.076638 0.061825