0 0.033784 0.362243 0.045946 0.070707
0 0.068243 0.243991 0.033784 0.063393
0 0.087162 0.131834 0.033784 0.034135
0 0.095946 0.170845 0.029730 0.053640
0 0.111486 0.189132 0.031081 0.065831
0 0.147973 0.158654 0.033784 0.063393
0 0.177027 0.213514 0.037838 0.065831
0 0.294595 0.229362 0.032432 0.063393
0 0.354730 0.361024 0.028378 0.053640
0 0.241892 0.278125 0.035135 0.058516
0 0.186486 0.342737 0.032432 0.046325
0 0.134459 0.287878 0.033784 0.043887
0 0.131081 0.352490 0.029730 0.051202
0 0.143243 0.392720 0.029730 0.053640
0 0.243919 0.382967 0.025676 0.058516
0 0.238514 0.445141 0.025676 0.046325
0 0.182432 0.446360 0.018919 0.034135
0 0.167568 0.423197 0.032432 0.051202
0 0.233108 0.570707 0.036486 0.048764
0 0.275676 0.645072 0.027027 0.065831
0 0.431081 0.758447 0.024324 0.048764
0 0.307432 0.962036 0.025676 0.046325
0 0.325000 0.948626 0.031081 0.048764
0 0.461486 0.382967 0.036486 0.058516
0 0.655405 0.250086 0.035135 0.056078
0 0.630405 0.318355 0.033784 0.041449
0 0.619595 0.393939 0.028378 0.046325
0 0.640541 0.353709 0.024324 0.048764
0 0.664865 0.387844 0.024324 0.068269
0 0.693243 0.354928 0.035135 0.056078
0 0.697973 0.436607 0.036486 0.068269
0 0.766216 0.409787 0.029730 0.053640
0 0.787162 0.434169 0.025676 0.058516
0 0.950000 0.634100 0.029730 0.068269
0 0.852703 0.720656 0.027027 0.051202
0 0.829054 0.721875 0.025676 0.058516
0 0.813514 0.718217 0.024324 0.056078
0 0.820946 0.671892 0.031081 0.060955
0 0.802703 0.648729 0.029730 0.048764
0 0.800000 0.592651 0.035135 0.063393
0 0.768919 0.579241 0.024324 0.060955
0 0.751351 0.571926 0.027027 0.060955
0 0.729054 0.564612 0.025676 0.060955
0 0.699324 0.551202 0.031081 0.043887
0 0.484459 0.507315 0.031081 0.058516
0 0.535135 0.571926 0.029730 0.056078
0 0.620946 0.576803 0.020270 0.056078
0 0.658108 0.681645 0.032432 0.056078
0 0.679730 0.699931 0.027027 0.048764
0 0.442568 0.582898 0.036486 0.068269
0 0.472297 0.595089 0.031081 0.058516
0 0.449324 0.702369 0.025676 0.034135
0 0.458784 0.729189 0.025676 0.048764
0 0.472973 0.743818 0.024324 0.053640
0 0.543919 0.792582 0.028378 0.048764
0 0.656081 0.810868 0.028378 0.046325
0 0.558108 0.907177 0.032432 0.053640
0 0.725000 0.836469 0.020270 0.048764
0 0.739865 0.846222 0.031081 0.068269
0 0.760135 0.912053 0.036486 0.053640
0 0.805405 0.881576 0.029730 0.036573
0 0.808108 0.924244 0.037838 0.053640
0 0.674324 0.963255 0.037838 0.063393
0 0.617568 0.874261 0.029730 0.036573
0 0.625000 0.909615 0.033784 0.039011
0 0.623649 0.937654 0.028378 0.046325
0 0.590541 0.963255 0.024324 0.048764
0 0.487838 0.984066 0.029730 0.031868
0 0.417568 0.963255 0.024324 0.048764
0 0.360811 0.927901 0.032432 0.065831
0 0.267568 0.497562 0.029730 0.053640