1 0.191664 0.310606 0.167884 0.111111
1 0.580102 0.151515 0.154717 0.111111
2 0.828636 0.029040 0.118506 0.058080
2 0.561996 0.511364 0.118506 0.078283
2 0.571872 0.628788 0.079004 0.055556
1 0.446782 0.616162 0.111923 0.085859
1 0.277252 0.439394 0.095464 0.065657
1 0.120889 0.854798 0.111923 0.053030
1 0.371069 0.392677 0.098755 0.053030
1 0.380945 0.478535 0.085588 0.088384
1 0.859909 0.757576 0.088880 0.075758
1 0.762799 0.904040 0.171176 0.111111
1 0.924194 0.421717 0.151612 0.095960
1 0.910932 0.340909 0.144841 0.111111