0 0.011783 0.089148 0.022701 0.042322
0 0.015999 0.243887 0.022052 0.037032
0 0.038699 0.098406 0.023349 0.031741
0 0.042267 0.149986 0.022701 0.037032
0 0.087992 0.050794 0.020755 0.047612
0 0.107450 0.044182 0.020755 0.037032
0 0.151879 0.200904 0.021404 0.046289
0 0.090911 0.180405 0.026592 0.039677
0 0.114909 0.332278 0.018809 0.048935
0 0.094803 0.433454 0.027889 0.039677
0 0.163229 0.329633 0.020755 0.043644
0 0.211874 0.292601 0.022052 0.035709
0 0.207982 0.219200 0.027241 0.039677
0 0.242033 0.037569 0.027889 0.052902
0 0.224845 0.360272 0.022052 0.034386
0 0.198577 0.434997 0.023998 0.040999
0 0.228088 0.538156 0.023349 0.033064
0 0.130151 0.475335 0.033727 0.037032
0 0.117503 0.486576 0.020106 0.030419
0 0.106802 0.518318 0.019458 0.030419
0 0.071778 0.651896 0.025944 0.035709
0 0.071778 0.691572 0.031132 0.033064
0 0.136961 0.721991 0.023998 0.035709
2 0.144744 0.612219 0.131664 0.239382
0 0.262248 0.776657 0.020755 0.040999
0 0.292407 0.834849 0.022701 0.056870
0 0.319324 0.786576 0.015566 0.031741
0 0.164310 0.859978 0.024647 0.040999
0 0.167553 0.907590 0.020755 0.040999
0 0.111450 0.898332 0.018809 0.030419
0 0.104640 0.922138 0.024647 0.035709
0 0.400722 0.816995 0.023998 0.039677
0 0.431530 0.822946 0.019458 0.035709
0 0.421153 0.688045 0.019458 0.033064
0 0.408181 0.595467 0.022052 0.030419
0 0.460717 0.542564 0.023349 0.046289
0 0.687292 0.711851 0.018161 0.033064
0 0.727180 0.629853 0.025295 0.035709
0 0.803174 0.677465 0.024647 0.051580
0 0.765880 0.733674 0.026592 0.047612
0 0.855061 0.777318 0.020755 0.039677
0 0.742206 0.533307 0.028538 0.048935
0 0.681887 0.454614 0.031132 0.060838
0 0.844359 0.889956 0.031781 0.059515
0 0.915705 0.979889 0.027889 0.035709
0 0.986725 0.947487 0.022052 0.055547
0 0.919272 0.306047 0.022052 0.050257
0 0.927704 0.412513 0.023349 0.038354
0 0.903381 0.408545 0.023998 0.030419
0 0.959809 0.327208 0.016215 0.042322
0 0.983807 0.339773 0.020106 0.033064
0 0.918299 0.228458 0.026592 0.052902
0 0.906300 0.181507 0.037618 0.064805
0 0.880356 0.262844 0.029835 0.058192
0 0.830739 0.259538 0.031781 0.056870
0 0.808038 0.366665 0.027889 0.062160
0 0.923812 0.042198 0.012972 0.040999
0 0.894301 0.020768 0.025295 0.041536
0 0.871925 0.084519 0.029835 0.046289
0 0.837225 0.112954 0.034375 0.042322
0 0.928676 0.091793 0.021404 0.031741
0 0.937432 0.134115 0.018161 0.021161
0 0.753232 0.190324 0.027241 0.059515
0 0.722100 0.246532 0.020755 0.044967
0 0.678644 0.248957 0.015566 0.043644
0 0.693562 0.267473 0.016863 0.033064
0 0.674752 0.147341 0.020755 0.042322
0 0.690319 0.137422 0.019458 0.043644
0 0.723397 0.102374 0.022052 0.042322
0 0.622865 0.067326 0.028538 0.054225
0 0.607191 0.426400 0.016215 0.034386
0 0.603299 0.460786 0.026592 0.029096
0 0.589030 0.364901 0.014918 0.043644
0 0.619190 0.334482 0.016863 0.030419
0 0.632810 0.317950 0.015566 0.037032
0 0.645133 0.339111 0.016863 0.034386
0 0.545250 0.395981 0.022052 0.047612
0 0.483093 0.356305 0.022701 0.042322
0 0.481796 0.390691 0.025295 0.047612
0 0.496714 0.124637 0.018809 0.038354
0 0.394777 0.095761 0.016863 0.044967
0 0.407424 0.109648 0.011026 0.035709
0 0.374995 0.171588 0.021404 0.034386
0 0.403208 0.376804 0.023349 0.043644
0 0.574076 0.673392 0.013837 0.024688