2 0.725676 0.183871 0.072973 0.128723
2 0.164189 0.608847 0.071622 0.104114
0 0.402027 0.547325 0.044595 0.068147
0 0.559459 0.168727 0.045946 0.071933
0 0.652027 0.195229 0.041892 0.075719
0 0.715541 0.349508 0.041892 0.073826
0 0.776351 0.427120 0.039189 0.070040
0 0.849324 0.549218 0.039189 0.064362
0 0.722973 0.519876 0.045946 0.070040
0 0.694595 0.594649 0.045946 0.087077
0 0.862162 0.641027 0.048649 0.054897
0 0.922973 0.836952 0.048649 0.068147
0 0.868243 0.728105 0.063514 0.039753
0 0.876351 0.682673 0.055405 0.058683
0 0.486486 0.939173 0.040541 0.056790
0 0.386486 0.934440 0.037838 0.051111
0 0.379054 0.894688 0.041892 0.051111
0 0.377703 0.811396 0.047297 0.054897
0 0.402703 0.760286 0.037838 0.054897
0 0.368919 0.735677 0.040541 0.058683
0 0.361486 0.669422 0.044595 0.054897
0 0.499324 0.647653 0.031081 0.049218
0 0.172973 0.851149 0.048649 0.062469
0 0.076351 0.863453 0.039189 0.053004
0 0.114189 0.822754 0.044595 0.054897
0 0.135811 0.789627 0.041892 0.060576
0 0.164865 0.765965 0.040541 0.066255
0 0.088514 0.673208 0.036486 0.051111
0 0.066892 0.588970 0.044595 0.056790
0 0.118243 0.633456 0.033784 0.051111
0 0.150676 0.520823 0.033784 0.056790
0 0.369595 0.376009 0.039189 0.051111
0 0.326351 0.362759 0.033784 0.043539
0 0.325000 0.322059 0.033784 0.045432
0 0.352703 0.334364 0.035135 0.043539
0 0.344595 0.287986 0.037838 0.053004
0 0.270946 0.205641 0.036486 0.043539
0 0.102703 0.542592 0.045946 0.054897
0 0.074324 0.498107 0.032432 0.049218
0 0.096622 0.485803 0.036486 0.054897
0 0.040541 0.457408 0.040541 0.054897
0 0.269305 0.534212 0.039254 0.049578
0 0.138353 0.390436 0.028314 0.054085
0 0.115187 0.406661 0.036036 0.050480
0 0.096203 0.424239 0.035393 0.047775
0 0.068855 0.437760 0.032175 0.045973
0 0.067889 0.318773 0.041828 0.040564
0 0.095882 0.333195 0.023166 0.036958
0 0.081081 0.355731 0.027027 0.040564
0 0.219434 0.418380 0.032175 0.055888
0 0.193372 0.418380 0.030245 0.048677
0 0.293436 0.508522 0.042471 0.052282
0 0.216216 0.027809 0.034749 0.055617
0 0.183880 0.020372 0.033784 0.040744
0 0.184846 0.077927 0.041506 0.050029
0 0.221042 0.161084 0.030888 0.048677
0 0.049228 0.143506 0.040541 0.054085
0 0.017857 0.047504 0.035714 0.045973
0 0.017857 0.094153 0.033784 0.050029
0 0.030405 0.178661 0.027992 0.037860
0 0.012548 0.196915 0.025096 0.055437
0 0.183880 0.127280 0.029923 0.043268
0 0.185811 0.163788 0.033784 0.040564
0 0.154440 0.035335 0.028958 0.043268
0 0.151834 0.071203 0.036100 0.047253
0 0.110039 0.027222 0.030888 0.040564
1 0.310135 0.216052 0.158108 0.208228
1 0.028378 0.329631 0.056756 0.159011
1 0.461486 0.626830 0.087838 0.143867
1 0.532432 0.704442 0.089189 0.083291
1 0.475000 0.780162 0.077027 0.136295
1 0.047297 0.827487 0.094594 0.227158
1 0.646622 0.218892 0.066216 0.104114
0 0.803378 0.434692 0.036486 0.058683
0 0.748649 0.649546 0.029730 0.041646
0 0.763514 0.554897 0.029730 0.037860
0 0.774324 0.620205 0.032432 0.043539
0 0.745946 0.610740 0.032432 0.043539
0 0.762162 0.219838 0.040541 0.053004
1 0.636486 0.091115 0.102703 0.143867