0 0.022487 0.958315 0.026187 0.034036
0 0.058904 0.942395 0.020459 0.037330
0 0.089183 0.925377 0.030279 0.016469
0 0.093684 0.895733 0.034371 0.023057
0 0.169381 0.988215 0.025369 0.023569
0 0.271675 0.906163 0.018822 0.024155
0 0.307274 0.831503 0.016367 0.026350
0 0.393201 0.777705 0.026187 0.032938
0 0.412023 0.580625 0.029461 0.038428
0 0.280268 0.559764 0.018004 0.020861
0 0.265128 0.567999 0.022096 0.026350
0 0.294180 0.628385 0.027824 0.032938
0 0.231576 0.643207 0.023732 0.025253
0 0.077726 0.646501 0.017185 0.027448
0 0.018395 0.715671 0.024551 0.023057
0 0.042946 0.751354 0.018004 0.024155
0 0.074452 0.799663 0.022096 0.028546
0 0.121099 0.679439 0.023732 0.018665
0 0.175519 0.753001 0.019640 0.018665
0 0.185748 0.817230 0.023732 0.037330
0 0.395656 0.874323 0.019640 0.024155
0 0.416933 0.861697 0.019640 0.020861
0 0.401793 0.851266 0.017185 0.021959
0 0.428390 0.924828 0.019640 0.028546
1 0.197614 0.742571 0.063831 0.109794
1 0.250807 0.745864 0.063831 0.070268
1 0.342463 0.937454 0.073652 0.117479
2 0.747547 0.924279 0.065468 0.082345
2 0.760232 0.975333 0.046646 0.046113
1 0.740591 0.969551 0.113751 0.060898
0 0.716450 0.984666 0.026187 0.027448
0 0.473399 0.829857 0.018004 0.027448
0 0.517590 0.793076 0.013094 0.015371
0 0.600653 0.974235 0.017185 0.019763
0 0.702947 0.747877 0.025369 0.040624
0 0.669395 0.659494 0.028642 0.028546
0 0.656301 0.605146 0.013912 0.029644
0 0.665712 0.607891 0.013094 0.032938
1 0.481174 0.641561 0.076107 0.098814
1 0.536821 0.718416 0.071197 0.094422
1 0.492630 0.776058 0.058103 0.077953
1 0.520864 0.554641 0.062195 0.077953
0 0.364558 0.525545 0.019640 0.035134
0 0.646890 0.527192 0.016367 0.025253
0 0.621930 0.521154 0.013912 0.026350
0 0.564645 0.483824 0.025369 0.026350
0 0.570374 0.430574 0.015549 0.027448
0 0.511043 0.496450 0.018004 0.023057
0 0.470535 0.494803 0.023732 0.030742
0 0.817516 0.847972 0.009002 0.015371
0 0.797876 0.809545 0.012275 0.013175
0 0.830201 0.844130 0.018004 0.018665
0 0.820380 0.836444 0.014730 0.023057
0 0.880120 0.806251 0.022914 0.032938
0 0.866208 0.873225 0.022914 0.026350
0 0.893214 0.901222 0.019640 0.023057
0 0.921856 0.973137 0.018004 0.024155
0 0.945588 0.985214 0.016367 0.028546
1 0.988343 0.944042 0.023314 0.069170
0 0.860480 0.689321 0.019640 0.023057
0 0.885849 0.682184 0.021277 0.026350
0 0.926357 0.557568 0.018822 0.027448
0 0.932904 0.578429 0.015549 0.025253
0 0.936996 0.598192 0.015549 0.016469
0 0.940269 0.619602 0.015549 0.024155
0 0.953772 0.622896 0.013094 0.013175
0 0.976686 0.586664 0.019640 0.015371
0 0.989370 0.546040 0.017185 0.026350
0 0.967275 0.608073 0.017185 0.018665
1 0.950908 0.583370 0.071197 0.122969
1 0.873164 0.696457 0.040099 0.032938
0 0.992844 0.502123 0.014312 0.039526
0 0.853115 0.566169 0.027824 0.028546
0 0.798285 0.526094 0.016367 0.023057
0 0.781918 0.545308 0.018004 0.028546
0 0.819153 0.539270 0.010639 0.014273
0 0.866208 0.431123 0.014730 0.026350
0 0.867845 0.460767 0.018004 0.024155
0 0.885849 0.404223 0.011457 0.027448
0 0.903852 0.475040 0.014730 0.013175
0 0.701719 0.527924 0.018004 0.020861
0 0.709494 0.494986 0.005728 0.020861
0 0.744683 0.493888 0.017185 0.016469
0 0.725452 0.554824 0.011457 0.019763
0 0.717268 0.527375 0.011457 0.015371
0 0.720542 0.497731 0.011457 0.021959
0 0.707448 0.548236 0.009820 0.021959
0 0.747138 0.564705 0.015549 0.019763
1 0.740182 0.530120 0.065468 0.117479
0 0.717677 0.460401 0.020459 0.017567
1 0.722587 0.434051 0.066287 0.043917
1 0.774144 0.391231 0.058103 0.079051
1 0.741000 0.377507 0.085109 0.097716
1 0.591242 0.474125 0.091655 0.154809
1 0.600653 0.284182 0.082654 0.115283
0 0.698037 0.171644 0.020459 0.024155
0 0.701719 0.206778 0.013094 0.019763
0 0.660393 0.269360 0.022096 0.028546
0 0.804423 0.345118 0.023732 0.035134
0 0.513089 0.237520 0.022096 0.024155
0 0.492630 0.188113 0.018822 0.026350
0 0.469307 0.333041 0.024551 0.019763
0 0.429208 0.317669 0.014730 0.030742
0 0.378879 0.346216 0.010639 0.015371
0 0.375606 0.356646 0.022096 0.020861
0 0.485265 0.398917 0.017185 0.021959
0 0.484038 0.413190 0.016367 0.019763
0 0.490175 0.432404 0.017185 0.025253
1 0.724224 0.202935 0.072833 0.143830
1 0.403021 0.368175 0.112933 0.109794
1 0.450485 0.427463 0.073652 0.065876
2 0.610882 0.026899 0.054011 0.053798
0 0.650163 0.032389 0.029461 0.031840
0 0.590833 0.068072 0.020459 0.021959
0 0.725452 0.067523 0.024551 0.027448
0 0.881757 0.029095 0.022914 0.038428
0 0.291998 0.307239 0.016367 0.023057
0 0.220801 0.236971 0.021277 0.025253
0 0.237577 0.216110 0.012275 0.016469
0 0.225302 0.459852 0.013912 0.020861
0 0.241669 0.444481 0.015549 0.016469
0 0.234304 0.384095 0.022096 0.031840
0 0.325386 0.262065 0.023841 0.030303
0 0.338562 0.260382 0.025096 0.040404
0 0.322249 0.339506 0.020077 0.030303
0 0.264528 0.369809 0.020077 0.030303
0 0.263901 0.428732 0.023841 0.026936
1 0.215591 0.455668 0.087836 0.084175
2 0.904119 0.082973 0.045039 0.055916
0 0.828158 0.232684 0.011428 0.014430
0 0.842947 0.246513 0.015461 0.025253
0 0.958904 0.336249 0.009411 0.017136
1 0.845300 0.035173 0.049744 0.070346
1 0.852022 0.096952 0.047055 0.069444
1 0.832191 0.141595 0.070583 0.070346
1 0.939410 0.146104 0.099488 0.111833
1 0.940082 0.022547 0.043022 0.045094
2 0.972394 0.039683 0.055212 0.036075
1 0.982813 0.022547 0.034373 0.045094
1 0.953572 0.073954 0.092856 0.082973
1 0.894708 0.198413 0.078649 0.093795
1 0.945124 0.178571 0.066550 0.086580
1 0.977772 0.214646 0.044456 0.061328
1 0.852358 0.202922 0.075961 0.093795
1 0.964954 0.266504 0.064533 0.069444
1 0.984113 0.334596 0.026216 0.048701
1 0.907144 0.266053 0.080666 0.045094
1 0.837233 0.262446 0.075288 0.039683
1 0.833536 0.289051 0.088061 0.062229
1 0.848325 0.353084 0.073272 0.091089
1 0.863449 0.319264 0.075288 0.055916
1 0.944788 0.315657 0.095455 0.068543
1 0.912185 0.446429 0.086716 0.097403
1 0.934032 0.377886 0.107555 0.055916
1 0.490179 0.010633 0.087176 0.021265
0 0.468385 0.003323 0.017831 0.006645
0 0.486216 0.051170 0.015850 0.025253
0 0.458478 0.059809 0.021794 0.021265
0 0.425292 0.068448 0.028728 0.030569
1 0.371302 0.018607 0.095101 0.037214
0 0.336135 0.119617 0.026747 0.026582
0 0.279008 0.003987 0.033351 0.007974
0 0.186218 0.008639 0.024766 0.017278
0 0.115883 0.219298 0.010897 0.034556
0 0.043071 0.338915 0.023775 0.031898
0 0.012857 0.404705 0.020803 0.025253
0 0.006676 0.489102 0.013352 0.026582
0 0.031184 0.450558 0.019813 0.026582
0 0.090622 0.459862 0.013869 0.026582
0 0.101519 0.459862 0.017831 0.021265
0 0.140154 0.420211 0.011888 0.018164
0 0.099042 0.383440 0.014860 0.014620
0 0.085669 0.413344 0.015850 0.018607
0 0.117369 0.390085 0.013869 0.014620
0 0.116874 0.482456 0.026747 0.034556
0 0.138668 0.478469 0.020803 0.018607
0 0.149070 0.496633 0.013869 0.020379
1 0.170864 0.084397 0.081232 0.142212
1 0.147584 0.492203 0.086185 0.108985
1 0.071800 0.335371 0.083213 0.093036
1 0.101519 0.326732 0.069345 0.099681
1 0.106472 0.407142 0.063401 0.124934
1 0.028965 0.468944 0.057930 0.120946
1 0.125790 0.156831 0.102036 0.154173
1 0.069323 0.049841 0.129773 0.089048
1 0.028470 0.183413 0.056940 0.066454
1 0.020050 0.128921 0.040099 0.106326
1 0.141144 0.290404 0.105008 0.104997
1 0.186714 0.154838 0.069345 0.107656
1 0.073781 0.186736 0.105008 0.163477