2 0.793252 0.450417 0.091299 0.121911
2 0.190762 0.340206 0.111326 0.151203
2 0.745071 0.885739 0.115964 0.118557
2 0.853011 0.881518 0.092099 0.113551
1 0.260340 0.945017 0.098956 0.109966
1 0.128914 0.754296 0.095864 0.096220
1 0.337650 0.685567 0.132972 0.109966
1 0.435060 0.730241 0.111326 0.099656
1 0.561848 0.865979 0.080402 0.106529
1 0.397178 0.459622 0.137611 0.125430
1 0.374758 0.335911 0.123695 0.104811
1 0.329919 0.130584 0.105141 0.147766
1 0.028895 0.340206 0.057789 0.113402
1 0.333784 0.939863 0.066486 0.092784