2 0.115135 0.468504 0.064865 0.132948
2 0.026486 0.729839 0.036757 0.071688
2 0.476216 0.557136 0.043243 0.080812
2 0.410811 0.178494 0.056216 0.100363
2 0.889189 0.867349 0.027027 0.052137
2 0.978378 0.276790 0.043243 0.127083
1 0.415974 0.814588 0.051629 0.084388
2 0.463964 0.641634 0.026334 0.094414
1 0.533611 0.581477 0.060291 0.166269
1 0.592568 0.431571 0.044595 0.104273
1 0.906081 0.675961 0.033784 0.084722
1 0.759459 0.635229 0.043243 0.140117
1 0.792568 0.651522 0.036486 0.081464
1 0.538514 0.143190 0.085135 0.153151
1 0.266216 0.154595 0.064865 0.162927
1 0.042568 0.835630 0.031081 0.110790
1 0.446446 0.963615 0.032032 0.067585