0 0.069603 0.288922 0.033727 0.084844
0 0.147224 0.777232 0.019343 0.028738
0 0.895496 0.163936 0.015375 0.030106
0 0.681232 0.068829 0.022319 0.039685
0 0.437870 0.385170 0.021327 0.046527
1 0.089690 0.028370 0.027279 0.056740
1 0.016202 0.054004 0.032404 0.076633
1 0.071091 0.470014 0.014879 0.060212
1 0.040340 0.525436 0.030751 0.056107
1 0.025460 0.665703 0.034719 0.095792
1 0.061667 0.531594 0.017855 0.068423
1 0.078779 0.535700 0.014383 0.065686
1 0.109281 0.606859 0.019839 0.065686
1 0.126641 0.632176 0.016863 0.058843
1 0.209966 0.620544 0.026783 0.076633
1 0.246669 0.738915 0.018847 0.075265
1 0.299491 0.596596 0.018351 0.069791
1 0.172767 0.652018 0.027775 0.041054
1 0.152928 0.679387 0.027775 0.054738
1 0.177975 0.695124 0.026287 0.053370
1 0.128542 0.748494 0.025295 0.053370
1 0.133750 0.813496 0.029759 0.073896
1 0.100023 0.894919 0.017855 0.061580
1 0.083408 0.955815 0.025295 0.057475
1 0.113911 0.938709 0.025791 0.072528
1 0.117631 0.889445 0.015375 0.039685
1 0.353966 0.779284 0.027775 0.082107
1 0.335863 0.624421 0.031247 0.088949
1 0.362398 0.614842 0.030751 0.056107
0 0.419188 0.842689 0.026287 0.082107
1 0.462586 0.712002 0.038687 0.061580
1 0.477962 0.779056 0.035711 0.067054
1 0.559055 0.920235 0.018351 0.068423
1 0.575174 0.905866 0.017855 0.058843
1 0.585094 0.802548 0.029759 0.073896
1 0.616589 0.792285 0.029263 0.064317
1 0.728681 0.811443 0.017359 0.053370
1 0.724961 0.810075 0.027775 0.086213
1 0.706114 0.890129 0.017855 0.052001
1 0.706114 0.947604 0.020831 0.057475
1 0.740337 0.944183 0.020831 0.061580
1 0.730665 0.945551 0.016367 0.086213
1 0.743808 0.680528 0.035711 0.083476
1 0.808617 0.608228 0.031743 0.052001
1 0.811345 0.558279 0.022319 0.056107
1 0.837136 0.532963 0.034223 0.087581
1 0.843832 0.592490 0.026783 0.061580
1 0.831680 0.449487 0.031247 0.062949
1 0.885494 0.549384 0.026783 0.071160
1 0.917568 0.561016 0.026783 0.078002
1 0.946335 0.527489 0.027775 0.065686
1 0.993255 0.515173 0.013490 0.073896
1 0.964438 0.562384 0.022319 0.050633
1 0.956502 0.619175 0.022319 0.052001
1 0.981053 0.617123 0.024799 0.075265
1 0.952534 0.667071 0.024303 0.054738
1 0.952286 0.739599 0.022815 0.079370
1 0.970390 0.691703 0.021327 0.073896
1 0.975102 0.762863 0.024799 0.093055
1 0.930959 0.394749 0.024799 0.052001
1 0.912856 0.404328 0.026287 0.065686
1 0.901944 0.446750 0.016367 0.054738
1 0.863754 0.432381 0.028271 0.075265
1 0.820355 0.370117 0.024799 0.062949
1 0.822587 0.277746 0.026287 0.045159
1 0.848130 0.318116 0.032735 0.082107
1 0.846642 0.371485 0.030751 0.087581
1 0.869705 0.376959 0.028271 0.049264
1 0.875657 0.329063 0.013392 0.041054
1 0.892521 0.303063 0.025295 0.046527
1 0.901696 0.358485 0.020831 0.058843
1 0.947823 0.018791 0.035711 0.037582
0 0.980805 0.084794 0.026287 0.069791
1 0.900208 0.024265 0.035711 0.048530
1 0.864994 0.027686 0.022815 0.055372
1 0.823083 0.140217 0.022319 0.068423
1 0.836475 0.121742 0.025295 0.067054
1 0.841186 0.219587 0.016863 0.084844
1 0.855570 0.259272 0.021823 0.079370
1 0.880369 0.222324 0.026783 0.052001
1 0.884089 0.114900 0.016367 0.072528
1 0.909880 0.197007 0.015375 0.061580
1 0.897728 0.260640 0.028767 0.073896
1 0.777205 0.175112 0.031743 0.088949
1 0.749678 0.074987 0.031247 0.057475
1 0.720332 0.068145 0.026783 0.057475
1 0.653622 0.666387 0.021327 0.053370
1 0.644447 0.595912 0.021823 0.060212
1 0.695037 0.504225 0.025791 0.049264
1 0.697765 0.540489 0.020335 0.039685
1 0.650398 0.536384 0.028767 0.069791
1 0.624359 0.537752 0.024303 0.058843
1 0.610224 0.528173 0.015871 0.047896
1 0.612456 0.596596 0.033231 0.061580
1 0.521278 0.483698 0.036703 0.087581
1 0.440350 0.424627 0.029263 0.031474
1 0.425470 0.343888 0.014383 0.053370
1 0.450517 0.355520 0.019839 0.046527
1 0.151440 0.734582 0.030751 0.076633
1 0.372896 0.065408 0.028271 0.065686
1 0.383808 0.119462 0.021327 0.067054
1 0.554922 0.445838 0.017359 0.041054
1 0.562362 0.405468 0.024303 0.056107
1 0.574513 0.521103 0.024799 0.049264
1 0.582201 0.396574 0.028271 0.057475
1 0.592616 0.359625 0.025295 0.090318
1 0.594848 0.320624 0.022815 0.075265
1 0.623367 0.393837 0.026287 0.112213
1 0.649902 0.425311 0.022815 0.068423
1 0.672222 0.400679 0.024799 0.071160
1 0.685861 0.287781 0.024303 0.080739
1 0.706444 0.255623 0.017855 0.054738
1 0.699253 0.340467 0.031247 0.071160
1 0.651638 0.272044 0.018351 0.043791
1 0.664534 0.309677 0.021327 0.075265
1 0.650894 0.326098 0.034719 0.086213
1 0.616920 0.247640 0.021327 0.053370
1 0.610472 0.249693 0.032239 0.106739
1 0.630311 0.166901 0.022319 0.045159
1 0.659078 0.207727 0.018351 0.052001
1 0.663294 0.135883 0.022815 0.058843
1 0.689829 0.161884 0.026287 0.045159
1 0.681397 0.203622 0.023311 0.054738
1 0.697765 0.011949 0.029263 0.023898
1 0.689085 0.046477 0.031743 0.053370
1 0.697269 0.101900 0.020335 0.057475
1 0.661806 0.083426 0.023807 0.053370
1 0.620640 0.033477 0.024799 0.057475
1 0.605760 0.158691 0.022815 0.064317
1 0.523427 0.017423 0.027775 0.034846
1 0.490444 0.079320 0.024303 0.047896
1 0.491188 0.127900 0.029759 0.071160
1 0.509539 0.121058 0.022815 0.076633
1 0.525411 0.129953 0.022815 0.058843
1 0.544506 0.069057 0.030255 0.057475
1 0.559634 0.021528 0.031743 0.043056
1 0.586169 0.081373 0.025295 0.062949
1 0.556658 0.139532 0.023807 0.050633
1 0.574265 0.132690 0.027279 0.053370
1 0.578274 0.454690 0.022284 0.048189
1 0.578575 0.187988 0.015659 0.049851