2 0.491043 0.472222 0.074853 0.095960
1 0.809585 0.343540 0.057579 0.047348
1 0.766801 0.650077 0.103163 0.095749
0 0.718818 0.655338 0.023192 0.019992
0 0.907950 0.571163 0.017594 0.024200
0 0.646444 0.689008 0.019193 0.026305
0 0.774398 0.879454 0.025591 0.026305
1 0.771599 0.764766 0.106362 0.102062
1 0.710021 0.963138 0.120757 0.073723
1 0.314562 0.738987 0.087969 0.094697
1 0.328157 0.570637 0.091167 0.061027
1 0.033325 0.707597 0.066650 0.058572
1 0.044921 0.744248 0.089842 0.122054
1 0.012533 0.471556 0.025065 0.116793
1 0.034925 0.354763 0.069849 0.106271
1 0.013869 0.647797 0.027190 0.082071
1 0.158218 0.983130 0.093567 0.033740
0 0.139425 0.958895 0.028790 0.021044
0 0.136226 0.718469 0.017594 0.019992
0 0.131827 0.825267 0.016794 0.014731
0 0.448114 0.926277 0.025591 0.029461
0 0.555676 0.604833 0.021592 0.024200
0 0.410782 0.102991 0.025967 0.032680
0 0.163529 0.082194 0.028225 0.023767
0 0.201093 0.332056 0.019193 0.013932
0 0.204071 0.320736 0.015884 0.015674
0 0.828128 0.393939 0.023032 0.032323
0 0.889162 0.087879 0.013051 0.022222
1 0.945078 0.105051 0.039922 0.056566
1 0.899398 0.134848 0.082147 0.087879
1 0.921279 0.034343 0.101340 0.068686
1 0.778098 0.067677 0.066792 0.098990
1 0.678933 0.050505 0.064489 0.044444
1 0.516559 0.045960 0.083682 0.079798
1 0.567997 0.100505 0.083682 0.069697
1 0.589877 0.040909 0.079844 0.061616
1 0.517967 0.299832 0.083426 0.095960
1 0.420337 0.310101 0.091359 0.119192
1 0.640291 0.525253 0.084450 0.088889
1 0.595763 0.465657 0.084450 0.064646
1 0.600753 0.550000 0.099037 0.085859
1 0.683284 0.468687 0.095198 0.070707
1 0.628391 0.656397 0.083682 0.104040
1 0.193169 0.882867 0.054627 0.099068
1 0.232293 0.840132 0.036910 0.046620
1 0.234139 0.792055 0.064223 0.053419
1 0.172499 0.816336 0.064961 0.061189
1 0.152568 0.877525 0.081202 0.076729
1 0.205718 0.787199 0.101871 0.072844
1 0.230817 0.426379 0.054627 0.079643
1 0.233770 0.380245 0.042815 0.035936
1 0.267727 0.386072 0.060532 0.086441
1 0.185049 0.373932 0.048721 0.040793
1 0.197598 0.439977 0.062009 0.067988
1 0.247796 0.477855 0.064961 0.085470
1 0.211255 0.336053 0.098180 0.054390
1 0.160368 0.131752 0.065924 0.142732
1 0.189158 0.136144 0.081780 0.074660