2 0.132097 0.218463 0.053963 0.127630
1 0.175942 0.164033 0.074199 0.138891
1 0.065486 0.411785 0.075885 0.183937
1 0.289769 0.210956 0.062395 0.157661
1 0.447442 0.278525 0.067454 0.150153
1 0.722316 0.933937 0.080944 0.132125
1 0.958404 0.404278 0.074199 0.123876
2 0.227375 0.511261 0.055649 0.127630
2 0.271220 0.563815 0.059022 0.082584
2 0.272906 0.447446 0.059022 0.105107
2 0.300731 0.408031 0.060708 0.101353
2 0.317594 0.353601 0.033727 0.112615
2 0.350478 0.321693 0.045531 0.183937
2 0.438167 0.453077 0.072513 0.146399
2 0.086565 0.909167 0.077572 0.127630
2 0.307476 0.753383 0.067454 0.123876
1 0.663294 0.597599 0.084317 0.135138
2 0.888420 0.620122 0.062395 0.165168
2 0.664980 0.956460 0.064081 0.087080