1 0.705547 0.136724 0.039155 0.046898
1 0.778342 0.272968 0.035846 0.056277
1 0.711614 0.268639 0.022611 0.027417
1 0.722643 0.288841 0.018199 0.036075
1 0.789096 0.408971 0.028677 0.052670
1 0.918417 0.438191 0.030331 0.060606
1 0.718599 0.619048 0.029228 0.040404
1 0.745345 0.770202 0.044118 0.059885
1 0.931193 0.814935 0.047427 0.052670
1 0.968969 0.782828 0.032537 0.049062
1 0.634407 0.780784 0.056802 0.049784
1 0.637991 0.810366 0.041912 0.038240
1 0.678065 0.715127 0.026471 0.039683
1 0.680823 0.679413 0.039706 0.050505
1 0.660142 0.746513 0.024816 0.028860
1 0.676687 0.748677 0.031434 0.049062
1 0.717496 0.923401 0.030331 0.026696
1 0.660418 0.963083 0.046324 0.046898
1 0.592035 0.903920 0.028677 0.029582
1 0.598101 0.934945 0.024265 0.029582
1 0.557016 0.965488 0.043567 0.069024
1 0.322547 0.880471 0.041912 0.047619
1 0.273465 0.911135 0.025368 0.045455
1 0.272087 0.949735 0.040258 0.038961
1 0.222270 0.947210 0.023713 0.036797
1 0.207104 0.954786 0.029780 0.049062
1 0.156368 0.913300 0.028677 0.042569
2 0.201865 0.846561 0.022611 0.034632
2 0.185597 0.797860 0.018750 0.029582
1 0.203520 0.877225 0.024816 0.045455
1 0.109401 0.612073 0.039155 0.062049
1 0.168409 0.610630 0.033640 0.033189
1 0.233207 0.552910 0.015441 0.046176
1 0.246994 0.564815 0.016544 0.029582
1 0.250027 0.533790 0.025919 0.031025
1 0.332473 0.648148 0.031986 0.036075
1 0.294697 0.623256 0.025919 0.042569
1 0.287252 0.594036 0.026471 0.034632
1 0.311241 0.597282 0.022611 0.042569
2 0.232380 0.475349 0.044670 0.044012
1 0.396996 0.636965 0.043015 0.048341
1 0.421812 0.661857 0.028677 0.037518
1 0.554902 0.440957 0.026471 0.032468
1 0.558763 0.468735 0.036397 0.041847
1 0.613083 0.419312 0.034743 0.045455
1 0.638175 0.361231 0.034192 0.040404
1 0.554167 0.276936 0.041912 0.048341
1 0.569884 0.180375 0.027022 0.043290
1 0.628065 0.260823 0.034192 0.023810
1 0.640749 0.239899 0.020956 0.041126
1 0.655087 0.240620 0.020956 0.045455
1 0.511152 0.135642 0.044118 0.057720
1 0.285965 0.100649 0.028677 0.046898
1 0.364827 0.062771 0.041912 0.050505
1 0.052875 0.237374 0.047427 0.036075
1 0.070798 0.330087 0.029228 0.032468
2 0.093408 0.312049 0.021508 0.048341
2 0.253888 0.255411 0.034743 0.046176