2 0.076578 0.126263 0.088520 0.131313
2 0.194310 0.035354 0.072587 0.070707
2 0.245652 0.231061 0.090291 0.103535
2 0.372236 0.465909 0.088520 0.128788
2 0.277519 0.665404 0.076127 0.108586
2 0.328861 0.727273 0.083209 0.111111
2 0.368695 0.666667 0.099143 0.161616
2 0.435970 0.693182 0.099143 0.164141
2 0.497934 0.792929 0.102683 0.151515
2 0.034748 0.838384 0.069496 0.131313
2 0.723661 0.756313 0.086750 0.184343
2 0.641337 0.872475 0.092061 0.133838
2 0.962301 0.510101 0.075398 0.131313
2 0.829000 0.549242 0.060194 0.123737
2 0.881227 0.659091 0.086750 0.121212
2 0.960010 0.686869 0.056653 0.101010
2 0.684712 0.095960 0.097372 0.151515
2 0.776773 0.056818 0.090291 0.113636
2 0.798903 0.194444 0.159336 0.156566
2 0.922348 0.196128 0.107191 0.129630
2 0.860868 0.080808 0.099143 0.161616
2 0.427118 0.061869 0.109765 0.098485
2 0.451019 0.265152 0.061964 0.095960
1 0.238670 0.095183 0.149804 0.190365
1 0.053285 0.330614 0.106570 0.187257
1 0.102485 0.172883 0.103501 0.182595
2 0.195091 0.300117 0.076264 0.114608
1 0.321062 0.195221 0.072178 0.196193
1 0.210072 0.285548 0.182488 0.190365
1 0.365322 0.339938 0.147080 0.194250
1 0.425925 0.244755 0.140271 0.198135
1 0.389155 0.137918 0.088520 0.143745
1 0.485165 0.136946 0.098053 0.153458
1 0.553258 0.262238 0.087158 0.174825
1 0.506955 0.405659 0.095330 0.145688
1 0.186920 0.489187 0.128014 0.161228
1 0.082058 0.700919 0.125290 0.126263
1 0.127680 0.711603 0.107586 0.167055
1 0.143341 0.717431 0.122567 0.202020
1 0.180111 0.602823 0.157975 0.306915
1 0.298592 0.548433 0.122567 0.143745
1 0.290421 0.812613 0.196106 0.221445
1 0.097038 0.915566 0.133461 0.104895
1 0.592751 0.593111 0.084435 0.139860
1 0.463376 0.549404 0.065369 0.126263
1 0.522616 0.545519 0.102139 0.238928
1 0.566195 0.802901 0.126652 0.225330
1 0.644502 0.693149 0.155251 0.196193
1 0.735292 0.893227 0.089882 0.145688
1 0.791809 0.947099 0.121205 0.105802
1 0.932334 0.918933 0.135332 0.162134
1 0.651538 0.311448 0.055836 0.108780
2 0.652900 0.411487 0.061283 0.145688
1 0.735973 0.419257 0.099415 0.110723
2 0.730525 0.503756 0.069454 0.101010
2 0.793851 0.631961 0.049027 0.155400
2 0.755039 0.593111 0.064007 0.101010
2 0.670604 0.555232 0.044941 0.095183
1 0.856496 0.363895 0.059921 0.108780
1 0.942293 0.418285 0.073540 0.217560
1 0.850368 0.472675 0.093968 0.116550
1 0.924589 0.587283 0.103501 0.135975
1 0.637796 0.064394 0.113306 0.128788
1 0.921061 0.030303 0.042490 0.060606
1 0.956469 0.034091 0.070816 0.068182
1 0.974694 0.779040 0.050612 0.073232
1 0.728972 0.290404 0.097372 0.186869