2 0.591438 0.410539 0.084405 0.080882
2 0.964579 0.139875 0.049985 0.075220
1 0.746486 0.294118 0.082570 0.058824
1 0.661164 0.175245 0.044037 0.075980
1 0.426299 0.276961 0.062386 0.063725
1 0.274003 0.241422 0.102754 0.110294
1 0.029661 0.238971 0.059321 0.110294
1 0.364830 0.528186 0.053212 0.090686
1 0.249232 0.449755 0.049542 0.066176
1 0.108863 0.806373 0.073395 0.063725
1 0.450152 0.965686 0.044037 0.058824
1 0.972178 0.556373 0.027523 0.053922
1 0.406115 0.872549 0.091744 0.093137
1 0.921718 0.977941 0.022019 0.044118
1 0.981960 0.963235 0.036079 0.073529
1 0.557493 0.922794 0.137617 0.095588