2 0.155976 0.108586 0.193163 0.141414
2 0.391814 0.079545 0.152733 0.113636
2 0.528825 0.371212 0.175194 0.126263
2 0.772524 0.462121 0.110058 0.217172
2 0.505241 0.577020 0.177440 0.113636
2 0.395183 0.695707 0.096581 0.128788
2 0.223358 0.558081 0.121288 0.196970
2 0.096454 0.661616 0.150487 0.171717
2 0.261541 0.383838 0.116796 0.146465
2 0.887074 0.472222 0.154979 0.161616
1 0.093085 0.377525 0.184178 0.250000
1 0.313201 0.781566 0.067382 0.159091
1 0.195282 0.766414 0.105566 0.189394
1 0.073994 0.916667 0.132519 0.166666
2 0.324431 0.926768 0.251561 0.146464
1 0.486149 0.739899 0.098827 0.212121
2 0.605191 0.825758 0.139257 0.237374
1 0.784878 0.667929 0.229100 0.179293
1 0.734341 0.816919 0.154979 0.108586
2 0.851137 0.810606 0.105566 0.126263
1 0.766909 0.921717 0.175194 0.106061
1 0.926381 0.609848 0.130273 0.194444
1 0.917396 0.707071 0.080859 0.212121
1 0.953334 0.869949 0.080859 0.214646
1 0.945222 0.284091 0.109556 0.209596
1 0.912904 0.045455 0.089843 0.090909
1 0.956452 0.136364 0.087096 0.191919
1 0.647867 0.066919 0.206639 0.133838
1 0.541178 0.190657 0.258299 0.214646
1 0.324431 0.035354 0.098827 0.070707
1 0.242450 0.190657 0.137011 0.154040
1 0.423259 0.436869 0.143749 0.196970
1 0.319939 0.570707 0.152733 0.212121