2 0.033631 0.349095 0.026497 0.034150
2 0.047695 0.409264 0.017936 0.030897
2 0.059313 0.398423 0.019159 0.023309
2 0.054013 0.372946 0.020790 0.034150
2 0.076230 0.382703 0.025274 0.034150
1 0.040765 0.372946 0.021198 0.026561
0 0.175900 0.431488 0.009376 0.013552
0 0.243366 0.448021 0.008968 0.011925
0 0.295544 0.542069 0.009784 0.014636
0 0.272920 0.613621 0.011006 0.012467
0 0.272512 0.601695 0.010191 0.012467
0 0.251315 0.453713 0.008561 0.013552
0 0.278831 0.436367 0.009784 0.013552
0 0.317354 0.391918 0.009376 0.014636
0 0.145734 0.368880 0.009376 0.014094
0 0.156333 0.361562 0.008561 0.014636
0 0.191187 0.333646 0.010599 0.014094
0 0.231544 0.346927 0.010599 0.013552
0 0.256206 0.477563 0.008561 0.010299
0 0.309404 0.512797 0.007338 0.010299
0 0.303901 0.525265 0.006930 0.010299
0 0.296156 0.525265 0.008561 0.009215
0 0.365048 0.605219 0.011006 0.015178
2 0.217072 0.707397 0.024051 0.017888
2 0.215442 0.680023 0.024866 0.029271
2 0.190779 0.791688 0.031797 0.030355
0 0.183238 0.799006 0.006115 0.009215
0 0.232155 0.835324 0.009376 0.012467
0 0.193633 0.852670 0.008153 0.011383
0 0.199951 0.871913 0.008561 0.013009
2 0.206473 0.895492 0.029758 0.026561
2 0.233786 0.914465 0.026497 0.021140
2 0.251722 0.866221 0.022421 0.043907
2 0.312462 0.826922 0.023236 0.029271
2 0.346500 0.775426 0.027720 0.019514
2 0.506706 0.839118 0.017936 0.024393
2 0.548082 0.881670 0.023236 0.026019
2 0.621255 0.778949 0.016306 0.022224
2 0.611879 0.764856 0.017936 0.030897
2 0.605968 0.749949 0.018344 0.027103
2 0.584566 0.796295 0.032612 0.033066
2 0.494884 0.763501 0.031797 0.028187
2 0.436183 0.772716 0.014675 0.032524
2 0.370348 0.679752 0.018344 0.015720
2 0.384819 0.665659 0.024459 0.022224
2 0.371774 0.655359 0.015491 0.021140
2 0.461253 0.620939 0.028128 0.026019
2 0.429253 0.573779 0.025274 0.030355
2 0.366475 0.520928 0.029351 0.031982
2 0.563980 0.409535 0.017529 0.033608
2 0.519343 0.409535 0.025274 0.032524
2 0.594146 0.470246 0.019975 0.021682
2 0.608006 0.333917 0.010191 0.028729
2 0.617586 0.334188 0.013045 0.034692
2 0.547267 0.303020 0.026497 0.027645
2 0.540948 0.316029 0.026905 0.027645
2 0.337940 0.217916 0.016306 0.036318
2 0.306755 0.179430 0.030574 0.027645
2 0.415597 0.330123 0.024051 0.027645
2 0.682198 0.378908 0.021605 0.035234
2 0.631446 0.361562 0.023644 0.042823
2 0.857690 0.446124 0.027720 0.021140
2 0.874404 0.393544 0.017936 0.024393
2 0.981819 0.353974 0.028943 0.025477
2 0.985692 0.399507 0.017936 0.016804
2 0.982023 0.419021 0.026905 0.023309
2 0.597611 0.683276 0.022828 0.024935
2 0.561331 0.617415 0.018752 0.051496
2 0.666911 0.587873 0.021198 0.026019
2 0.680364 0.584891 0.017121 0.017888
2 0.608210 0.536377 0.017121 0.017346
2 0.619217 0.529601 0.020382 0.016804
2 0.574783 0.544237 0.022013 0.015720
2 0.565407 0.560228 0.015491 0.016262
2 0.553789 0.550742 0.021605 0.015720
2 0.445966 0.714173 0.012229 0.041197
1 0.045657 0.442329 0.043211 0.038486
2 0.276589 0.587602 0.019159 0.026561
2 0.290856 0.501414 0.018344 0.037402
2 0.335902 0.342590 0.013860 0.026561
2 0.306551 0.327955 0.022013 0.043907
2 0.689740 0.291908 0.026905 0.049870
2 0.703192 0.271851 0.010599 0.019514
2 0.704415 0.291365 0.013045 0.027103
2 0.779014 0.318740 0.030981 0.035234
2 0.834251 0.224963 0.019975 0.025477
2 0.855652 0.201654 0.022013 0.037402
2 0.889079 0.077251 0.017936 0.031440
2 0.879703 0.172383 0.026905 0.029813
2 0.923118 0.145009 0.023236 0.034692
2 0.934939 0.239599 0.027312 0.018972
2 0.920876 0.010439 0.020382 0.020877
2 0.786556 0.010307 0.023236 0.020056
2 0.742530 0.200028 0.019975 0.040655
2 0.728262 0.427152 0.027312 0.021140
2 0.740899 0.409264 0.012637 0.030897
2 0.729281 0.410348 0.022828 0.036318
2 0.236639 0.788435 0.026497 0.026019
2 0.443317 0.564835 0.015898 0.021140
2 0.454935 0.564835 0.013045 0.028729
2 0.504668 0.616873 0.013860 0.038486
2 0.537687 0.022774 0.028535 0.026561
2 0.794656 0.288474 0.031284 0.036143
2 0.320786 0.208004 0.029232 0.030688
2 0.286169 0.182090 0.018462 0.030688
0 0.195651 0.462370 0.011795 0.012957
0 0.250013 0.683662 0.009744 0.013639
0 0.262065 0.707189 0.008206 0.011593
0 0.270014 0.706507 0.009744 0.017049
0 0.303349 0.772315 0.008718 0.009547
0 0.304887 0.781863 0.010770 0.009547
0 0.306426 0.789705 0.011795 0.010229
0 0.321042 0.787659 0.008206 0.012957
0 0.287963 0.869834 0.006667 0.009547
0 0.287963 0.851421 0.007693 0.012275
0 0.280527 0.887224 0.007180 0.011593
0 0.267450 0.899158 0.010770 0.010911
2 0.265990 0.863511 0.012637 0.018972
2 0.273939 0.860801 0.013045 0.018972
2 0.278627 0.849417 0.019975 0.016804
2 0.275366 0.840473 0.012637 0.024935
0 0.334882 0.839931 0.008561 0.011925
0 0.335290 0.936147 0.008561 0.012467
0 0.387673 0.797921 0.007338 0.010299
0 0.375647 0.846165 0.007745 0.010299
0 0.375647 0.860258 0.009376 0.011383
0 0.372590 0.908231 0.008153 0.011925
0 0.389507 0.908502 0.009376 0.012467
0 0.412132 0.920156 0.011414 0.017346
0 0.430272 0.897932 0.009376 0.015178
0 0.411928 0.886277 0.009376 0.011383
0 0.423138 0.877062 0.008153 0.013552
0 0.428437 0.880857 0.008968 0.012467
0 0.446578 0.881399 0.007745 0.011383
0 0.457177 0.864866 0.010191 0.014094
0 0.431902 0.847249 0.010191 0.013552
0 0.414985 0.836950 0.010599 0.013552
0 0.416004 0.868931 0.010191 0.012467
0 0.387265 0.837763 0.007338 0.009757
0 0.398475 0.865950 0.007745 0.010841
0 0.403367 0.860801 0.010191 0.013552
0 0.399495 0.852399 0.008153 0.011925
0 0.419469 0.770005 0.008968 0.011925
0 0.402960 0.758622 0.009376 0.013009
0 0.391545 0.764043 0.010191 0.015178
0 0.384615 0.708481 0.011006 0.012467
0 0.376462 0.730164 0.007745 0.010299
0 0.359341 0.723930 0.006930 0.011925
0 0.344870 0.754015 0.012229 0.011383
0 0.341405 0.737211 0.009376 0.010299
0 0.295544 0.671079 0.010599 0.013552
0 0.302271 0.653462 0.011006 0.013009
0 0.349354 0.659696 0.010599 0.014636
0 0.332640 0.671350 0.011414 0.013009
0 0.326118 0.685173 0.009784 0.010299
0 0.324080 0.694388 0.008153 0.010299
2 0.217684 0.447750 0.017121 0.022224
0 0.372590 0.387310 0.007338 0.010841
0 0.396030 0.400591 0.006115 0.009215
0 0.388896 0.397880 0.007338 0.010299
0 0.393991 0.390292 0.008561 0.011383
0 0.386042 0.383516 0.007338 0.011925
0 0.376055 0.364815 0.009376 0.013552
0 0.357711 0.354245 0.007745 0.010841
0 0.340997 0.359394 0.006115 0.011383
0 0.348946 0.355058 0.010599 0.014636
0 0.358526 0.311964 0.008561 0.009757
0 0.356692 0.299767 0.007338 0.010299
0 0.298806 0.284590 0.008153 0.012467
0 0.262729 0.244748 0.009376 0.010841
0 0.248257 0.245561 0.008153 0.011383
0 0.250092 0.219271 0.009376 0.015178
0 0.257429 0.217645 0.010191 0.014094
0 0.290653 0.202196 0.008153 0.013552
0 0.337124 0.136607 0.009784 0.013552
0 0.304716 0.162626 0.010191 0.015720
0 0.456565 0.189187 0.010599 0.012467
0 0.412132 0.276459 0.007338 0.010299
0 0.408463 0.285945 0.010599 0.014094
0 0.409278 0.311151 0.009784 0.014636
0 0.459215 0.468348 0.009376 0.012467
0 0.463699 0.529601 0.008561 0.011383
0 0.485508 0.533125 0.007338 0.009757
0 0.514451 0.551826 0.007338 0.010299
0 0.503241 0.570798 0.007745 0.011383
0 0.447801 0.605761 0.009376 0.011925
0 0.550936 0.588415 0.010191 0.011925
0 0.522604 0.608742 0.005707 0.008131
0 0.527700 0.626630 0.006930 0.011383
0 0.600669 0.609284 0.007745 0.011383
0 0.615344 0.626088 0.008561 0.011383
0 0.572745 0.659696 0.009784 0.011383
0 0.647548 0.630696 0.008561 0.009757
0 0.617790 0.635845 0.009376 0.011383
0 0.625739 0.687612 0.008968 0.013009
0 0.616974 0.703061 0.009376 0.011383
0 0.610860 0.694117 0.011006 0.015178
0 0.633077 0.746426 0.005707 0.010299
0 0.627166 0.741005 0.008561 0.011383
0 0.623089 0.809576 0.010191 0.014094
0 0.590477 0.813912 0.010191 0.011925
0 0.565815 0.850772 0.009784 0.013009
0 0.575191 0.871913 0.008153 0.010841
0 0.571114 0.878689 0.008968 0.009215
0 0.552566 0.864053 0.008561 0.009215
0 0.554197 0.895763 0.005299 0.008673
0 0.558681 0.893053 0.007745 0.013009
0 0.516693 0.900371 0.008561 0.011383
0 0.479801 0.867305 0.008153 0.011383
0 0.496718 0.813099 0.007745 0.011383
0 0.542783 0.811202 0.009376 0.011925
0 0.448005 0.740463 0.007338 0.008131
0 0.537483 0.756183 0.008561 0.010299
0 0.510782 0.688696 0.008153 0.009757
0 0.461253 0.888175 0.006930 0.009757
0 0.466349 0.894408 0.009784 0.011383
0 0.401737 0.929100 0.007745 0.010299
0 0.700542 0.805781 0.006115 0.007589
0 0.695243 0.806594 0.006115 0.009215
0 0.714198 0.778136 0.007338 0.010841
0 0.707268 0.732061 0.010599 0.014094
0 0.776161 0.711734 0.011414 0.016804
0 0.765562 0.654275 0.015491 0.014636
0 0.801231 0.649668 0.012637 0.014094
0 0.804085 0.630154 0.011822 0.017346
0 0.696670 0.574321 0.011414 0.015178
0 0.675676 0.552368 0.009376 0.014636
0 0.677510 0.521199 0.007338 0.011925
0 0.718886 0.548031 0.011006 0.014636
0 0.695243 0.460760 0.008561 0.012467
0 0.719498 0.451273 0.008153 0.013009
0 0.697485 0.421731 0.008153 0.011383
0 0.646937 0.440432 0.007338 0.010841
0 0.665281 0.491386 0.008968 0.013009
0 0.632873 0.489218 0.007745 0.011925
0 0.658351 0.551555 0.008968 0.011925
0 0.635930 0.565377 0.008153 0.012467
0 0.627777 0.489760 0.006522 0.013009
0 0.590477 0.487049 0.007745 0.009757
0 0.600872 0.444769 0.005707 0.008673
0 0.580898 0.445040 0.008968 0.014636
0 0.544413 0.448834 0.006115 0.012467
0 0.554604 0.456694 0.006115 0.010841
0 0.549713 0.454797 0.005299 0.010299
0 0.533611 0.498975 0.009784 0.015178
0 0.505279 0.485423 0.007745 0.009757
0 0.515063 0.476479 0.007745 0.009215
0 0.519751 0.458862 0.008153 0.008673
0 0.520158 0.451002 0.009784 0.010299
0 0.551955 0.410077 0.011414 0.013009
0 0.573968 0.393544 0.008153 0.007047
0 0.571929 0.365899 0.008968 0.011383
0 0.544821 0.353702 0.006930 0.010841
0 0.535649 0.357226 0.008153 0.011383
0 0.452285 0.401404 0.008561 0.010841
0 0.471648 0.374572 0.007338 0.012467
0 0.443724 0.419292 0.004484 0.006505
0 0.440667 0.415226 0.006522 0.012467
0 0.445355 0.410348 0.006115 0.008131
0 0.459623 0.426068 0.006930 0.008131
0 0.457584 0.433928 0.007745 0.009757
0 0.461049 0.320637 0.008968 0.008673
0 0.589254 0.291094 0.007745 0.012467
0 0.570095 0.269683 0.008561 0.011925
0 0.616159 0.119261 0.006930 0.013552
0 0.669765 0.159374 0.005707 0.009215
0 0.686071 0.150701 0.007338 0.010299
0 0.686071 0.138504 0.007338 0.010841
0 0.662427 0.137149 0.006522 0.009215
0 0.664262 0.145551 0.008561 0.007589
0 0.666300 0.152869 0.007745 0.009215
0 0.706861 0.110588 0.008153 0.012467
0 0.704415 0.095953 0.008153 0.011383
0 0.731116 0.125495 0.006930 0.006505
0 0.740695 0.100560 0.007338 0.009757
0 0.730912 0.096766 0.007338 0.011925
0 0.742326 0.082130 0.008153 0.010841
0 0.733562 0.083485 0.009376 0.013552
0 0.723574 0.064784 0.007338 0.010841
0 0.658554 0.079149 0.008561 0.010299
0 0.641433 0.092971 0.008561 0.010841
0 0.623701 0.057466 0.008153 0.011383
0 0.649790 0.058279 0.007338 0.008673
0 0.658962 0.056653 0.007745 0.010841
0 0.770861 0.068849 0.008968 0.008131
0 0.768823 0.060176 0.008968 0.011383
0 0.811218 0.064242 0.007338 0.009757
0 0.818964 0.062074 0.008968 0.011925
0 0.817537 0.044999 0.007745 0.011383
0 0.858709 0.034700 0.008561 0.013552
0 0.811218 0.026569 0.008968 0.010299
0 0.791651 0.021690 0.006522 0.009215
0 0.945334 0.029279 0.007338 0.013552
0 0.996515 0.049064 0.006970 0.010841
0 0.964494 0.175635 0.008153 0.011383
0 0.967959 0.230113 0.006115 0.010841
0 0.890098 0.243393 0.006115 0.009215
0 0.894786 0.290552 0.008153 0.010299
0 0.933513 0.214393 0.008153 0.010841
0 0.930252 0.227131 0.007338 0.011383
0 0.927806 0.179430 0.008153 0.011383
0 0.953691 0.158832 0.006930 0.011383
0 0.946965 0.162897 0.009784 0.011925
0 0.954914 0.124682 0.007745 0.008131
0 0.950226 0.117906 0.008153 0.010841
0 0.939220 0.142299 0.007338 0.009757
0 0.905385 0.092700 0.007338 0.011383
0 0.913334 0.094868 0.007745 0.012467
0 0.915984 0.126850 0.008968 0.011383
0 0.941666 0.104625 0.000000 0.000542
0 0.860951 0.300581 0.005707 0.010841
0 0.863805 0.295702 0.006522 0.013009
0 0.869104 0.295973 0.007338 0.011383
0 0.910277 0.327413 0.007338 0.011383
0 0.946150 0.385413 0.008153 0.012467
0 0.844238 0.477292 0.008968 0.013009
0 0.859729 0.473498 0.008153 0.011925
0 0.827117 0.443143 0.007338 0.009757
0 0.842403 0.445311 0.007745 0.011925
0 0.875219 0.434199 0.008968 0.010299
0 0.879907 0.473498 0.007745 0.007589
0 0.882557 0.465096 0.007338 0.009215
0 0.878684 0.459133 0.011006 0.010299
0 0.802454 0.435825 0.006115 0.008131
0 0.802862 0.428778 0.009376 0.010299
0 0.838531 0.426881 0.006522 0.010841
0 0.859525 0.425255 0.007745 0.011925
0 0.791040 0.371319 0.006115 0.009215
0 0.767193 0.419292 0.007338 0.011925
0 0.755575 0.412516 0.006930 0.010299
0 0.875423 0.588686 0.010191 0.013552
0 0.729485 0.585705 0.006930 0.010841
0 0.719905 0.584078 0.008153 0.011925
0 0.723574 0.674061 0.008968 0.011925
0 0.818964 0.663219 0.007338 0.010841
0 0.904570 0.675145 0.009784 0.009757
0 0.901105 0.664574 0.010191 0.011383
0 0.909665 0.656986 0.008561 0.013552
0 0.884799 0.644518 0.009376 0.013552
0 0.902124 0.555349 0.010599 0.013009
0 0.944519 0.639640 0.012229 0.015720
0 0.943908 0.810660 0.011822 0.015178
0 0.886429 0.671079 0.011006 0.015720
0 0.971628 0.460760 0.006930 0.009215
0 0.967551 0.464012 0.006930 0.009215
0 0.941054 0.420647 0.010191 0.013552
0 0.931271 0.421460 0.010191 0.015178
0 0.945538 0.461031 0.006115 0.007589
0 0.945131 0.452629 0.010191 0.012467
1 0.008764 0.585434 0.017528 0.035234
1 0.073173 0.174822 0.015898 0.030355
1 0.254983 0.257758 0.037096 0.029271
1 0.255799 0.241225 0.031389 0.037402
1 0.263544 0.204636 0.024051 0.020598
1 0.261302 0.184850 0.019567 0.023309
1 0.387061 0.236346 0.028943 0.026561
1 0.380947 0.172112 0.033019 0.018430
0 0.365252 0.158290 0.008153 0.011383
0 0.376666 0.382703 0.007338 0.012467
0 0.415189 0.181869 0.006930 0.007589
0 0.417635 0.175906 0.005299 0.009757
0 0.412743 0.175093 0.006930 0.009215
0 0.356488 0.207346 0.006115 0.008673
0 0.351596 0.208972 0.006115 0.009757
1 0.347519 0.177533 0.014268 0.050954
1 0.358322 0.191626 0.018752 0.044449
1 0.398068 0.202739 0.016714 0.025477
1 0.360972 0.268057 0.029758 0.045533
1 0.376259 0.294076 0.022828 0.029271
1 0.345481 0.305459 0.025682 0.028187
0 0.341201 0.316842 0.007338 0.008673
1 0.337328 0.324431 0.022421 0.013009
1 0.310424 0.422002 0.012637 0.039028
1 0.364029 0.492470 0.025274 0.028187
1 0.413151 0.367254 0.011822 0.026019
1 0.444743 0.369422 0.030981 0.021682
1 0.446782 0.345572 0.020382 0.039028
1 0.435979 0.302749 0.016714 0.044449
1 0.448208 0.291365 0.018344 0.031440
1 0.461865 0.273748 0.018752 0.041739
1 0.449635 0.258842 0.032612 0.036860
1 0.408870 0.262365 0.022828 0.034150
1 0.476336 0.237701 0.024051 0.046617
1 0.482451 0.281879 0.025682 0.030897
0 0.513840 0.307085 0.006930 0.011925
0 0.515470 0.297870 0.006930 0.011925
0 0.504464 0.335001 0.006930 0.011383
2 0.483470 0.329852 0.017121 0.028187
0 0.502426 0.406011 0.006930 0.009215
1 0.405202 0.354516 0.029351 0.030897
1 0.490808 0.345572 0.028535 0.035776
1 0.504464 0.316300 0.019159 0.040113
0 0.496515 0.307627 0.008968 0.010841
1 0.470425 0.311693 0.016306 0.024393
1 0.483470 0.303020 0.026089 0.022224
1 0.546044 0.379179 0.018344 0.040113
1 0.531368 0.348282 0.029758 0.014094
1 0.549713 0.341506 0.025682 0.023309
1 0.577636 0.401404 0.030166 0.041197
1 0.577433 0.377553 0.012637 0.023851
1 0.594350 0.382161 0.013860 0.020056
1 0.610044 0.435554 0.024866 0.018430
1 0.558069 0.450460 0.015491 0.039570
1 0.572949 0.451544 0.025682 0.024393
1 0.580490 0.472685 0.027720 0.022224
1 0.605356 0.482713 0.017936 0.020598
1 0.564388 0.517676 0.024051 0.035234
2 0.579879 0.522012 0.015898 0.013552
1 0.600669 0.551555 0.020790 0.027103
1 0.573560 0.498433 0.028535 0.034692
1 0.596796 0.518760 0.026089 0.048243
1 0.611879 0.511442 0.017121 0.034692
1 0.625535 0.504124 0.028943 0.035234
1 0.649790 0.575676 0.022828 0.026561
1 0.654886 0.547218 0.017529 0.039028
1 0.642249 0.561583 0.024051 0.029813
1 0.687294 0.539900 0.030981 0.044991
1 0.671192 0.494367 0.019159 0.055832
1 0.661816 0.447208 0.035465 0.037402
1 0.658554 0.420647 0.016714 0.029813
1 0.699523 0.406282 0.026905 0.039028
1 0.727651 0.394899 0.030981 0.026019
1 0.712160 0.361833 0.023644 0.028187
1 0.701969 0.375927 0.022013 0.022767
0 0.695039 0.360749 0.007338 0.011925
0 0.740288 0.250982 0.008153 0.011383
0 0.662019 0.278085 0.007338 0.009215
0 0.670988 0.245832 0.007338 0.010841
0 0.646733 0.247459 0.006930 0.011925
0 0.656924 0.238786 0.006930 0.008673
0 0.669765 0.291094 0.008153 0.011383
0 0.751498 0.385142 0.006115 0.009757
0 0.749052 0.368067 0.006115 0.009215
0 0.837308 0.378366 0.007338 0.009215
1 0.852391 0.377824 0.026905 0.021140
1 0.840161 0.401946 0.028535 0.041197
1 0.910277 0.355871 0.027720 0.019514
1 0.799804 0.251253 0.020382 0.041197
1 0.819168 0.266431 0.017529 0.039028
0 0.813664 0.266431 0.007338 0.009757
1 0.835677 0.244477 0.048102 0.047159
1 0.878684 0.230113 0.033835 0.030355
1 0.751498 0.155579 0.027312 0.041739
1 0.771473 0.163439 0.013452 0.032524
1 0.791040 0.176178 0.019975 0.025477
1 0.801843 0.139046 0.016306 0.018430
1 0.842811 0.121429 0.019975 0.029813
1 0.858302 0.136878 0.016714 0.027103
1 0.851372 0.142570 0.018344 0.035234
1 0.887856 0.138233 0.018752 0.025477
1 0.872569 0.126579 0.015083 0.037944
1 0.919653 0.110588 0.021198 0.029813
1 0.896213 0.104625 0.024051 0.021140
1 0.827728 0.173467 0.037911 0.034150
1 0.828543 0.198673 0.030574 0.042281
1 0.727447 0.110317 0.024051 0.028187
1 0.675268 0.141215 0.027312 0.045533
1 0.638580 0.191626 0.019975 0.052038
1 0.664669 0.205178 0.024051 0.046617
1 0.648567 0.269141 0.026905 0.045533
1 0.742326 0.308711 0.023644 0.052038
1 0.721128 0.306543 0.022828 0.041197
1 0.698300 0.246374 0.030981 0.020598
1 0.457584 0.420918 0.028128 0.030355
1 0.466960 0.401133 0.024051 0.025477
1 0.457380 0.388936 0.033427 0.017346
1 0.498757 0.415497 0.028128 0.023851
1 0.495088 0.395983 0.019975 0.024935
2 0.485100 0.367525 0.009784 0.014636
2 0.477355 0.379721 0.013860 0.019514
1 0.434960 0.526349 0.026089 0.028729
1 0.479801 0.543153 0.012229 0.036318
0 0.474298 0.548844 0.007745 0.008673
0 0.463291 0.553181 0.006930 0.008673
1 0.516082 0.587602 0.028535 0.035234
1 0.495699 0.564022 0.017121 0.041197
1 0.476744 0.583536 0.012637 0.042281
1 0.492642 0.511713 0.018344 0.047159
1 0.510578 0.514424 0.022421 0.017888
1 0.525050 0.525265 0.024459 0.018972
1 0.535445 0.472685 0.022421 0.037402
1 0.513840 0.486778 0.021605 0.058001
1 0.517712 0.442872 0.026089 0.034150
1 0.611675 0.612266 0.015083 0.028187
1 0.580286 0.602779 0.027312 0.027645
1 0.597204 0.638827 0.030166 0.054206
1 0.612083 0.633135 0.033835 0.052580
1 0.587828 0.662677 0.028535 0.023851
1 0.591496 0.723117 0.018752 0.038486
1 0.590681 0.769463 0.024459 0.024935
1 0.687905 0.821230 0.029758 0.026561
1 0.643472 0.797921 0.024051 0.037402
1 0.724593 0.751846 0.028943 0.039570
1 0.720721 0.707939 0.038319 0.035234
0 0.651217 0.684902 0.007745 0.009757
1 0.643064 0.686257 0.024866 0.035234
1 0.741307 0.501143 0.019159 0.043365
1 0.722351 0.516592 0.019567 0.030897
1 0.707880 0.527433 0.028943 0.020056
1 0.789613 0.395983 0.033427 0.034692
1 0.786760 0.364544 0.023644 0.026019
1 0.767193 0.377282 0.017121 0.026561
1 0.972035 0.435825 0.020790 0.026561
1 0.976927 0.384600 0.020790 0.020598
1 0.961437 0.683005 0.032204 0.030897
1 0.860544 0.830445 0.020382 0.028729
1 0.792059 0.930726 0.020382 0.037402
1 0.521381 0.929100 0.022013 0.033066
1 0.538298 0.739650 0.020790 0.045533
1 0.524846 0.687341 0.028128 0.026561
1 0.495903 0.743715 0.025682 0.021140
1 0.481839 0.709294 0.017936 0.031440
1 0.495495 0.698995 0.024866 0.039028
1 0.513432 0.729351 0.023236 0.041197
1 0.381354 0.634490 0.050141 0.032524
1 0.381558 0.623378 0.022828 0.013552
1 0.417227 0.645602 0.023236 0.027645
2 0.401940 0.669995 0.013045 0.035234
2 0.380539 0.685986 0.017529 0.020598
0 0.341812 0.709023 0.006930 0.008131
1 0.325914 0.724201 0.025682 0.036318
1 0.338755 0.699266 0.028535 0.027645
1 0.313073 0.684360 0.030166 0.028187
1 0.294525 0.728809 0.019159 0.029271
1 0.254576 0.723388 0.034650 0.028187
1 0.264563 0.732874 0.017936 0.037402
1 0.202193 0.721762 0.021198 0.030355
1 0.267621 0.458862 0.021605 0.035776
1 0.459826 0.134439 0.022828 0.027645
1 0.540541 0.194608 0.014675 0.022224
0 0.544617 0.203552 0.006522 0.010841
1 0.537891 0.279982 0.028128 0.018430
1 0.647140 0.371319 0.021605 0.027645
0 0.644898 0.356684 0.008968 0.013552
1 0.839958 0.616060 0.032204 0.032524
1 0.870124 0.502769 0.020790 0.022767
1 0.894379 0.396796 0.019567 0.023309
0 0.699523 0.201925 0.008968 0.011925
1 0.683421 0.176178 0.020790 0.024393
1 0.689536 0.197860 0.023236 0.026561
1 0.690962 0.220355 0.026089 0.029271
1 0.734785 0.060719 0.024866 0.027645
1 0.756186 0.039849 0.029351 0.028187
1 0.838938 0.070476 0.030981 0.033066
1 0.826301 0.042559 0.027720 0.040113
1 0.787779 0.050690 0.019159 0.035776
1 0.826913 0.017896 0.037096 0.018972
1 0.805715 0.049064 0.024051 0.044449
1 0.782887 0.026298 0.033019 0.019514
1 0.927806 0.041746 0.026905 0.029813
1 0.978150 0.046083 0.017529 0.024393
1 0.947577 0.054756 0.025682 0.033066
1 0.992030 0.142841 0.015939 0.032524
1 0.963067 0.279169 0.020790 0.025477
0 0.980188 0.146906 0.008561 0.008131
0 0.982634 0.153953 0.008561 0.009215
1 0.977539 0.218729 0.022828 0.034692
1 0.993865 0.253692 0.012270 0.031982
1 0.949207 0.398151 0.016714 0.020598
1 0.525254 0.795753 0.026497 0.020056
1 0.470018 0.819333 0.024459 0.032524
1 0.420692 0.808763 0.029351 0.034150
1 0.396233 0.791959 0.011414 0.038486
1 0.377074 0.749136 0.033427 0.037402
1 0.432106 0.678939 0.021198 0.026019
1 0.419062 0.664032 0.012229 0.013552
2 0.466145 0.340693 0.025682 0.023851
1 0.424157 0.375656 0.023236 0.037402
1 0.595369 0.296515 0.013452 0.018972
1 0.674045 0.085924 0.022421 0.018430
1 0.656312 0.068849 0.030166 0.026561
1 0.640414 0.057195 0.032612 0.030355
1 0.562961 0.009765 0.015491 0.017888
1 0.878684 0.035513 0.015083 0.020598
1 0.930048 0.197589 0.016714 0.037944
1 0.949207 0.209785 0.016714 0.036318
0 0.880519 0.561041 0.007338 0.010299
0 0.876850 0.558602 0.008153 0.013009