1 0.059593 0.023924 0.057857 0.047847
1 0.244735 0.128759 0.049757 0.101610
1 0.025457 0.120856 0.050914 0.079783
1 0.025457 0.205531 0.050914 0.080536
1 0.017646 0.281174 0.032978 0.082794
1 0.093439 0.278164 0.091993 0.109890
1 0.048311 0.409881 0.054964 0.058708
1 0.092860 0.388053 0.052650 0.061719
1 0.161421 0.453912 0.049757 0.048923
1 0.179646 0.357947 0.065378 0.060213
2 0.170389 0.360957 0.021407 0.030107
1 0.188614 0.221714 0.045128 0.048171
1 0.281474 0.232251 0.031821 0.040644
1 0.301724 0.198381 0.022564 0.060213
1 0.221993 0.317376 0.040441 0.048692
1 0.356436 0.154230 0.058940 0.057087
1 0.398597 0.211317 0.052056 0.077235
1 0.467432 0.111695 0.051196 0.066042
1 0.464421 0.022426 0.052056 0.035260
1 0.405696 0.016550 0.052487 0.032461
1 0.322449 0.020868 0.078730 0.041735
1 0.517123 0.074756 0.036138 0.054848
1 0.581655 0.129884 0.062812 0.091227
1 0.575417 0.055447 0.067544 0.052050
1 0.622741 0.024945 0.046033 0.043655
1 0.574557 0.011513 0.052056 0.021268
1 0.697814 0.034739 0.068835 0.063243
1 0.646188 0.152551 0.035278 0.069400
1 0.634787 0.182494 0.033987 0.054289
1 0.627474 0.234544 0.058940 0.057647
1 0.736104 0.192288 0.043022 0.058206
1 0.687919 0.311779 0.025813 0.071079
1 0.840432 0.157308 0.038289 0.040856
1 0.433445 0.308830 0.057327 0.056387
1 0.392897 0.344300 0.047539 0.058206
1 0.409326 0.382043 0.058026 0.079124
1 0.457914 0.433883 0.037752 0.115503
1 0.414919 0.467988 0.052433 0.089128
1 0.533417 0.353394 0.033557 0.056387
1 0.520134 0.476173 0.082494 0.101861
1 0.442184 0.539837 0.023070 0.047293
1 0.486577 0.595315 0.054530 0.060025
1 0.583403 0.652611 0.062220 0.052750
1 0.603328 0.632603 0.039150 0.083672
1 0.492520 0.678077 0.059424 0.065482
1 0.472595 0.749925 0.061521 0.067301
1 0.540059 0.782666 0.051035 0.061844
1 0.585850 0.827685 0.047539 0.055478
1 0.454418 0.829959 0.027964 0.040017
1 0.418414 0.820409 0.042645 0.084581
1 0.360738 0.828140 0.046141 0.076396
1 0.372973 0.869066 0.059424 0.094585
1 0.328929 0.854515 0.058026 0.089128
1 0.252027 0.842237 0.025867 0.042745
1 0.213926 0.839054 0.047539 0.105499
1 0.141918 0.791306 0.061521 0.051840
1 0.163940 0.973641 0.058026 0.052718
1 0.209382 0.975459 0.041247 0.049081
2 0.176174 0.931820 0.041946 0.030922
1 0.029362 0.864064 0.053132 0.080943
1 0.059074 0.770843 0.059424 0.058206
1 0.009438 0.662161 0.017478 0.082762
1 0.414220 0.979552 0.044044 0.040896
1 0.472945 0.986373 0.042645 0.027254
1 0.501258 0.955921 0.051734 0.071848
1 0.597735 0.949100 0.057327 0.080034
1 0.738605 0.957740 0.038451 0.071848
1 0.671840 0.896805 0.050336 0.093676
1 0.723224 0.879071 0.065017 0.074577
1 0.803621 0.861791 0.048238 0.085491
1 0.718680 0.598043 0.067114 0.067301
1 0.700154 0.457529 0.073406 0.075486
1 0.736507 0.511188 0.067813 0.053659
1 0.626748 0.347938 0.072008 0.101861
1 0.796980 0.375677 0.057327 0.073667
1 0.828440 0.294279 0.057327 0.083672
1 0.969659 0.635331 0.041946 0.074577
1 0.846616 0.571668 0.051734 0.067301
1 0.790688 0.603500 0.050336 0.072758
1 0.801524 0.703087 0.060822 0.108227
1 0.862696 0.675348 0.047539 0.063663
1 0.872483 0.738557 0.078300 0.066392
2 0.311451 0.486632 0.027265 0.068211
1 0.376119 0.651702 0.033557 0.047293
1 0.410025 0.662161 0.023070 0.070030
1 0.877377 0.885892 0.054530 0.040926
1 0.238873 0.263158 0.052102 0.074673
1 0.298923 0.311408 0.032674 0.058589
1 0.349258 0.332086 0.050336 0.076970
1 0.327181 0.298771 0.041505 0.074673
1 0.745046 0.107131 0.053531 0.063403
1 0.775407 0.166896 0.055129 0.078994
1 0.794583 0.080626 0.079099 0.106019